/*--------------------------------*- C++ -*----------------------------------*\
| =========                 |                                                 |
| \\      /  F ield         | OpenFOAM: The Open Source CFD Toolbox           |
|  \\    /   O peration     | Version:  3.0.1                                 |
|   \\  /    A nd           | Web:      www.OpenFOAM.org                      |
|    \\/     M anipulation  |                                                 |
\*---------------------------------------------------------------------------*/
FoamFile
{
    version     2.0;
    format      ascii;
    class       labelList;
    location    "constant/polyMesh";
    object      cellProcAddressing;
}
// * * * * * * * * * * * * * * * * * * * * * * * * * * * * * * * * * * * * * //


10117
(
1368
1369
1370
1371
1412
1413
1414
1415
1416
1417
1418
1419
1420
1453
1454
1455
1456
1457
1458
1459
1460
1461
1462
1463
1464
1465
1466
1467
1468
1469
1480
1481
1482
1483
1484
1485
1486
1487
1488
1489
1490
1491
1492
1493
1494
1495
1496
1497
1498
1499
1500
1501
1502
1503
1504
1505
1506
1507
1508
1509
1510
1511
1512
1513
1514
1515
1516
1517
1518
1519
1520
1521
1522
1523
1524
1525
1526
1527
1528
1529
1530
1531
1532
1533
1534
1535
1536
1537
1538
1539
1540
1541
1542
1543
1544
1545
1546
1547
1548
1549
1550
1551
1552
1553
1554
1555
1556
1557
1558
1559
1560
1561
1562
1563
1564
1565
1566
1567
1568
1569
1570
1571
1572
1573
1574
1575
1576
1577
1578
1579
1580
1581
1582
1583
1584
1585
1586
1587
1588
1589
1590
1591
1592
1593
1594
1595
1596
1597
1598
1599
1600
1601
1602
1603
1604
1605
1606
1607
1608
1609
1610
1611
1612
1613
1614
1615
1616
1617
1618
1619
1620
1621
1622
1623
1624
1625
1626
1627
1628
1629
1630
1631
1632
1633
1634
1635
1636
1637
1638
1639
1640
1641
1642
1643
1644
1645
1646
1647
1648
1649
1650
1651
1652
1653
1654
1655
1656
1657
1658
1659
1660
1661
1662
1663
1664
1665
1666
1667
1668
1669
1670
1671
1672
1673
1674
1675
1676
1677
1678
1679
1680
1681
1682
1683
1684
1685
1686
1687
1688
1689
1690
1691
1692
1693
1694
1695
1696
1697
1698
1699
1700
1701
1702
1703
1704
1705
1706
1707
1708
1709
1710
1711
1712
1713
1714
1715
1716
1717
1718
1719
1720
1721
1722
1723
1724
1725
1726
1727
1728
1729
1730
1731
1732
1733
1734
1735
1736
1737
1738
1739
1740
1741
1742
1743
1744
1745
1746
1747
1748
1749
1750
1751
1752
1753
1754
1755
1756
1757
1758
1759
1760
1761
1762
1763
1764
1765
1766
1767
1768
1769
1770
1771
1772
1773
1774
1775
1776
1777
1778
1779
1780
1781
1782
1783
1784
1785
1786
1787
1788
1789
1790
1791
1792
1793
1794
1795
1796
1797
1798
1799
1800
1801
1802
1803
1804
1805
1806
1807
1808
1809
1810
1811
1812
1813
1814
1815
1816
1817
1818
1819
1820
1821
1822
1823
1824
1825
1826
1827
1828
1829
1830
1831
1832
1833
1834
1835
1836
1837
1838
1839
1840
1841
1842
1843
1844
1845
1846
1847
1848
1849
1850
1851
1852
1853
1854
1855
1856
1857
1858
1859
1860
1861
1862
1863
1864
1865
1866
1867
1868
1869
1870
1871
1872
1873
1874
1875
1876
1877
1878
1879
1880
1881
1882
1883
1884
1885
1886
1887
1888
1889
1890
1891
1892
1893
1894
1895
1896
1897
1898
1899
1900
1901
1902
1903
1904
1905
1906
1907
1908
1909
1910
1911
1912
1913
1914
1915
1916
1917
1918
1919
1920
1921
1922
1923
1924
1925
1926
1927
1928
1929
1930
1931
1932
1933
1934
1935
1936
1937
1938
1939
1940
1941
1942
1943
1944
1945
1946
1947
1948
1949
1950
1951
1952
1953
1954
1955
1956
1957
1958
1959
1960
1961
1962
1963
1964
1965
1966
1967
1968
1969
1970
1971
1972
1973
1974
1975
1976
1977
1978
1979
1980
1981
1982
1983
1984
1985
1986
1987
1988
1989
1990
1991
1992
1993
1994
1995
1996
1997
1998
1999
2000
2001
2002
2003
2004
2005
2006
2007
2008
2009
2010
2011
2012
2013
2014
2015
2016
2017
2018
2019
2020
2021
2022
2023
2024
2025
2026
2027
2028
2029
2030
2031
2032
2033
2034
2035
2036
2037
2038
2039
2040
2041
2042
2043
2044
2045
2046
2047
2048
2049
2050
2051
2052
2053
2054
2055
2056
2057
2058
2059
2060
2061
2062
2063
2064
2065
2066
2067
2068
2069
2070
2071
2072
2073
2074
2075
2076
2077
2078
2079
2080
2081
2082
2083
2084
2085
2086
2087
2088
2089
2090
2091
2092
2093
2094
2095
2096
2097
2098
2099
2100
2101
2102
2103
2104
2105
2106
2107
2108
2109
2110
2111
2112
2113
2114
2115
2116
2117
2118
2119
2120
2121
2122
2123
2124
2125
2126
2127
2128
2129
2130
2131
2132
2133
2134
2135
2136
2137
2138
2139
2140
2141
2142
2143
2144
2145
2146
2147
2148
2149
2150
2151
2152
2153
2154
2155
2156
2157
2158
2159
2160
2161
2162
2163
2164
2165
2166
2167
2168
2169
2170
2171
2172
2173
2174
2175
2176
2177
2178
2179
2180
2181
2182
2183
2184
2185
2186
2187
2188
2189
2190
2191
2192
2193
2194
2195
2196
2197
2198
2199
2200
2201
2202
2203
2204
2205
2206
2207
2208
2209
2210
2211
2212
2213
2214
2215
2216
2217
2218
2219
2220
2221
2222
2223
2224
2225
2226
2227
2228
2229
2230
2231
2232
2233
2234
2235
2236
2237
2238
2239
2240
2241
2242
2243
2244
2245
2246
2247
2248
2249
2250
2251
2252
2253
2254
2255
2256
2257
2258
2259
2260
2261
2262
2263
2264
2265
2266
2267
2268
2269
2270
2271
2272
2273
2274
2275
2276
2277
2278
2279
2280
2281
2282
2283
2284
2285
2286
2287
2288
2289
2290
2291
2292
2293
2294
2295
2296
2297
2298
2299
2300
2301
2302
2303
2304
2305
2306
2307
2308
2309
2310
2311
2312
2313
2314
2315
2316
2317
2318
2319
2320
2321
2322
2323
2324
2325
2326
2327
2328
2329
2330
2331
2332
2333
2334
2335
2336
2337
2338
2339
2340
2341
2342
2343
2344
2345
2346
2347
2348
2349
2350
2351
2352
2353
2354
2355
2356
2357
2358
2359
2360
2361
2362
2363
2364
2365
2366
2367
2368
2369
2370
2371
2372
2373
2374
2375
2376
2377
2378
2379
2380
2381
2382
2383
2384
2385
2386
2387
2388
2389
2390
2391
2392
2393
2394
2395
2396
2397
2398
2399
2400
3769
3770
3771
3772
3812
3813
3814
3815
3816
3817
3818
3819
3820
3821
3852
3853
3854
3855
3856
3857
3858
3859
3860
3861
3862
3863
3864
3865
3866
3867
3868
3869
3870
3871
3872
3873
3874
3875
3876
3877
3878
3879
3880
3881
3882
3883
3884
3885
3886
3887
3888
3889
3890
3891
3892
3893
3894
3895
3896
3897
3898
3899
3900
3901
3902
3903
3904
3905
3906
3907
3908
3909
3910
3911
3912
3913
3914
3915
3916
3917
3918
3919
3920
3921
3922
3923
3924
3925
3926
3927
3928
3929
3930
3931
3932
3933
3934
3935
3936
3937
3938
3939
3940
3941
3942
3943
3944
3945
3946
3947
3948
3949
3950
3951
3952
3953
3954
3955
3956
3957
3958
3959
3960
3961
3962
3963
3964
3965
3966
3967
3968
3969
3970
3971
3972
3973
3974
3975
3976
3977
3978
3979
3980
3981
3982
3983
3984
3985
3986
3987
3988
3989
3990
3991
3992
3993
3994
3995
3996
3997
3998
3999
4000
4001
4002
4003
4004
4005
4006
4007
4008
4009
4010
4011
4012
4013
4014
4015
4016
4017
4018
4019
4020
4021
4022
4023
4024
4025
4026
4027
4028
4029
4030
4031
4032
4033
4034
4035
4036
4037
4038
4039
4040
4041
4042
4043
4044
4045
4046
4047
4048
4049
4050
4051
4052
4053
4054
4055
4056
4057
4058
4059
4060
4061
4062
4063
4064
4065
4066
4067
4068
4069
4070
4071
4072
4073
4074
4075
4076
4077
4078
4079
4080
4081
4082
4083
4084
4085
4086
4087
4088
4089
4090
4091
4092
4093
4094
4095
4096
4097
4098
4099
4100
4101
4102
4103
4104
4105
4106
4107
4108
4109
4110
4111
4112
4113
4114
4115
4116
4117
4118
4119
4120
4121
4122
4123
4124
4125
4126
4127
4128
4129
4130
4131
4132
4133
4134
4135
4136
4137
4138
4139
4140
4141
4142
4143
4144
4145
4146
4147
4148
4149
4150
4151
4152
4153
4154
4155
4156
4157
4158
4159
4160
4161
4162
4163
4164
4165
4166
4167
4168
4169
4170
4171
4172
4173
4174
4175
4176
4177
4178
4179
4180
4181
4182
4183
4184
4185
4186
4187
4188
4189
4190
4191
4192
4193
4194
4195
4196
4197
4198
4199
4200
4201
4202
4203
4204
4205
4206
4207
4208
4209
4210
4211
4212
4213
4214
4215
4216
4217
4218
4219
4220
4221
4222
4223
4224
4225
4226
4227
4228
4229
4230
4231
4232
4233
4234
4235
4236
4237
4238
4239
4240
4241
4242
4243
4244
4245
4246
4247
4248
4249
4250
4251
4252
4253
4254
4255
4256
4257
4258
4259
4260
4261
4262
4263
4264
4265
4266
4267
4268
4269
4270
4271
4272
4273
4274
4275
4276
4277
4278
4279
4280
4281
4282
4283
4284
4285
4286
4287
4288
4289
4290
4291
4292
4293
4294
4295
4296
4297
4298
4299
4300
4301
4302
4303
4304
4305
4306
4307
4308
4309
4310
4311
4312
4313
4314
4315
4316
4317
4318
4319
4320
4321
4322
4323
4324
4325
4326
4327
4328
4329
4330
4331
4332
4333
4334
4335
4336
4337
4338
4339
4340
4341
4342
4343
4344
4345
4346
4347
4348
4349
4350
4351
4352
4353
4354
4355
4356
4357
4358
4359
4360
4361
4362
4363
4364
4365
4366
4367
4368
4369
4370
4371
4372
4373
4374
4375
4376
4377
4378
4379
4380
4381
4382
4383
4384
4385
4386
4387
4388
4389
4390
4391
4392
4393
4394
4395
4396
4397
4398
4399
4400
4401
4402
4403
4404
4405
4406
4407
4408
4409
4410
4411
4412
4413
4414
4415
4416
4417
4418
4419
4420
4421
4422
4423
4424
4425
4426
4427
4428
4429
4430
4431
4432
4433
4434
4435
4436
4437
4438
4439
4440
4441
4442
4443
4444
4445
4446
4447
4448
4449
4450
4451
4452
4453
4454
4455
4456
4457
4458
4459
4460
4461
4462
4463
4464
4465
4466
4467
4468
4469
4470
4471
4472
4473
4474
4475
4476
4477
4478
4479
4480
4481
4482
4483
4484
4485
4486
4487
4488
4489
4490
4491
4492
4493
4494
4495
4496
4497
4498
4499
4500
4501
4502
4503
4504
4505
4506
4507
4508
4509
4510
4511
4512
4513
4514
4515
4516
4517
4518
4519
4520
4521
4522
4523
4524
4525
4526
4527
4528
4529
4530
4531
4532
4533
4534
4535
4536
4537
4538
4539
4540
4541
4542
4543
4544
4545
4546
4547
4548
4549
4550
4551
4552
4553
4554
4555
4556
4557
4558
4559
4560
4561
4562
4563
4564
4565
4566
4567
4568
4569
4570
4571
4572
4573
4574
4575
4576
4577
4578
4579
4580
4581
4582
4583
4584
4585
4586
4587
4588
4589
4590
4591
4592
4593
4594
4595
4596
4597
4598
4599
4600
4601
4602
4603
4604
4605
4606
4607
4608
4609
4610
4611
4612
4613
4614
4615
4616
4617
4618
4619
4620
4621
4622
4623
4624
4625
4626
4627
4628
4629
4630
4631
4632
4633
4634
4635
4636
4637
4638
4639
4640
4641
4642
4643
4644
4645
4646
4647
4648
4649
4650
4651
4652
4653
4654
4655
4656
4657
4658
4659
4660
4661
4662
4663
4664
4665
4666
4667
4668
4669
4670
4671
4672
4673
4674
4675
4676
4677
4678
4679
4680
4681
4682
4683
4684
4685
4686
4687
4688
4689
4690
4691
4692
4693
4694
4695
4696
4697
4698
4699
4700
4701
4702
4703
4704
4705
4706
4707
4708
4709
4710
4711
4712
4713
4714
4715
4716
4717
4718
4719
4720
4721
4722
4723
4724
4725
4726
4727
4728
4729
4730
4731
4732
4733
4734
4735
4736
4737
4738
4739
4740
4741
4742
4743
4744
4745
4746
4747
4748
4749
4750
4751
4752
4753
4754
4755
4756
4757
4758
4759
4760
4761
4762
4763
4764
4765
4766
4767
4768
4769
4770
4771
4772
4773
4774
4775
4776
4777
4778
4779
4780
4781
4782
4783
4784
4785
4786
4787
4788
4789
4790
4791
4792
4793
4794
4795
4796
4797
4798
4799
4800
4801
7300
7349
7398
7447
7496
7545
7594
7643
14413
14414
14422
14423
14431
14432
14440
14441
14448
14449
14450
14457
14458
14459
14466
14467
14468
14475
14476
14477
14484
14485
14486
14494
14495
14503
14504
14512
14513
14521
14522
14529
14530
14531
14538
14539
14540
14547
14548
14549
14556
14557
14558
14565
14566
14567
14569
14570
14572
14574
14575
14577
14582
14585
14586
14589
14590
14595
14596
14598
14601
14602
14612
14621
14623
14626
14628
14636
14637
14639
14641
14646
14649
14655
14656
14660
14665
14668
14672
14676
14678
14679
14680
14687
14690
14691
14692
14693
14700
14705
14706
14712
14713
14717
14720
14723
14724
14725
14728
14733
14736
14738
14741
14742
14743
14744
14746
14750
14754
14757
14761
14764
14766
14770
14771
14773
14778
14780
14781
14782
14799
14800
14804
14805
14808
14812
14816
14818
14819
14820
14822
14825
14827
14830
14831
14833
14835
14836
14838
14842
14850
14851
14855
14860
14861
14862
14865
14866
14869
14874
14877
14880
14881
14883
14886
14887
14892
14896
14903
14907
14908
14911
14913
14914
14917
14920
14922
14927
14934
14935
14940
14942
14943
14944
14948
14949
14960
14961
14962
14963
14965
14967
14969
14971
14974
14977
14980
14981
14983
14984
14985
14987
14988
14991
14993
14995
14998
15007
15008
15012
15013
15020
15023
15026
15030
15031
15045
15048
15055
15056
15057
15059
15060
15064
15065
15067
15072
15075
15076
15080
15085
15087
15088
15091
15094
15101
15106
15124
15129
15130
15133
15136
15138
15143
15145
15147
15151
15153
15154
15155
15159
15160
15162
15164
15165
15174
15178
15184
15186
15187
15189
15192
15195
15199
15202
15204
15211
15213
15214
15221
15227
15229
15233
15234
15236
15239
15240
15241
15245
15249
15254
15256
15257
15264
15266
15268
15271
15275
15279
15283
15284
15285
15296
15302
15306
15309
15311
15313
15315
15317
15318
15333
15334
15335
15336
15337
15338
15339
15340
15342
15345
15346
15347
15349
15350
15354
15361
15362
15368
15370
15372
15374
15375
15376
15381
15382
15384
15387
15390
15395
15401
15404
15405
15406
15408
15416
15419
15421
15422
15423
15425
15427
15428
15429
15432
15433
15440
15443
15444
15446
15448
15452
15453
15457
15458
15459
15460
15466
15468
15470
15474
15475
15476
15487
15491
15495
15497
15498
15501
15503
15504
15505
15506
15513
15516
15520
15530
15531
15534
15535
15536
15539
15540
15541
15542
15543
15548
15550
15552
15554
15556
15558
15567
15569
15570
15572
15573
15576
15581
15584
15585
15587
15588
15590
15592
15593
15594
15597
15599
15601
15604
15605
15607
15608
15612
15615
15623
15626
15629
15632
15635
15637
15638
15640
15645
15646
15648
15649
15653
15655
15657
15660
15665
15670
15671
15675
15679
15680
15681
15686
15691
15692
15693
15700
15703
15707
15709
15713
15714
15715
15718
15721
15727
15732
15740
15747
15749
15751
15753
15757
15758
15762
15767
15768
15775
15777
15785
15786
15789
15797
15798
15799
15804
15805
15807
15813
15822
15823
15826
15830
15834
15836
15838
15843
15851
15858
15864
15865
15871
15878
15879
15883
15885
15889
15890
15891
15892
15893
15894
15896
15906
15908
15910
15913
15914
15915
15919
15920
15925
15928
15930
15931
15935
15939
15942
15947
15948
15952
15953
15955
15958
15959
15962
15970
15973
15986
15989
15992
15994
15997
16000
16005
16006
16012
16015
16021
16022
16023
16025
16026
16031
16050
16052
16059
16065
16067
16074
16075
16089
16090
16092
16093
16096
16104
16105
16106
16107
16108
16112
16117
16118
16119
16129
16130
16132
16136
16138
16139
16141
16143
16145
16148
16149
16154
16155
16156
16159
16163
16167
16170
16175
16183
16184
16185
16186
16187
16190
16194
16198
16200
16202
16205
16209
16211
16214
16215
16217
16221
16227
16229
16230
16238
16239
16241
16243
16244
16246
16247
16248
16249
16252
16254
16255
16260
16261
16264
16271
16274
16275
16277
16281
16282
16284
16285
16287
16293
16298
16299
16300
16302
16309
16314
16315
16317
16319
16320
16321
16322
16323
16325
16329
16333
16334
16338
16349
16352
16353
16360
16363
16364
16372
16375
16379
16380
16388
16389
16393
16396
16398
16403
16407
16409
16414
16416
16417
16418
16421
16422
16431
16432
16433
16436
16439
16441
16442
16443
16447
16448
16456
16472
16474
16475
16477
16479
16480
16482
16483
16486
16496
16508
16512
16515
16517
16521
16525
16526
16527
16528
16533
16541
16545
16548
16554
16557
16561
16570
16572
16573
16575
16577
16578
16579
16585
16587
16591
16592
16596
16601
16602
16605
16606
16609
16615
16616
16618
16619
16629
16630
16636
16642
16645
16646
16647
16649
16650
16653
16663
16666
16674
16675
16676
16682
16684
16687
16688
16690
16692
16693
16695
16696
16697
16701
16702
16704
16705
16713
16718
16723
16724
16725
16730
16732
16736
16742
16743
16744
16746
16755
16756
16757
16759
16761
16764
16765
16767
16769
16774
16775
16778
16780
16786
16789
16794
16796
16799
16803
16804
16809
16810
16812
16823
16824
16825
16834
16835
16836
16839
16842
16844
16845
16847
16850
16855
16856
16858
16861
16862
16863
16868
16873
16876
16877
16879
16888
16892
16893
16894
16895
16902
16905
16907
16910
16922
16923
16925
16928
16929
16930
16931
16932
16934
16940
16941
16945
16948
16956
16960
16962
16963
16967
16973
16977
16979
16987
16990
16991
16992
16993
16995
16996
16997
16999
17001
17003
17005
17008
17009
17017
17019
17023
17033
17038
17040
17041
17057
17063
17067
17068
17069
17070
17074
17077
17081
17082
17084
17085
17087
17088
17090
17099
17100
17101
17102
17103
17109
17110
17111
17112
17114
17118
17119
17120
17124
17125
17128
17130
17131
17132
17141
17142
17143
17144
17146
17149
17154
17156
17157
17158
17163
17164
17171
17175
17179
17181
17182
17189
17191
17195
17197
17198
17199
17203
17209
17217
17218
17219
17221
17222
17224
17232
17233
17240
17243
17247
17252
17253
17254
17256
17258
17262
17271
17272
17283
17288
17295
17296
17302
17304
17306
17310
17313
17317
17318
17320
17321
17332
17338
17341
17343
17344
17345
17346
17350
17358
17362
17366
17367
17371
17377
17383
17386
17395
17398
17401
17404
17412
17414
17417
17421
17424
17427
17429
17430
17433
17441
17442
17443
17444
17448
17450
17452
17454
17455
17462
17463
17468
17469
17474
17476
17477
17478
17479
17480
17482
17483
17484
17487
17494
17498
17502
17507
17508
17514
17515
17519
17526
17528
17534
17535
17536
17544
17550
17559
17560
17565
17566
17569
17575
17580
17581
17583
17584
17585
17589
17591
17592
17594
17596
17604
17607
17609
17619
17622
17624
17625
17634
17638
17641
17642
17648
17652
17657
17659
17664
17668
17670
17674
17676
17677
17685
17689
17690
17692
17693
17694
17701
17702
17704
17709
17714
17717
17718
17720
17721
17725
17728
17749
17752
17753
17754
17755
17757
17760
17761
17765
17768
17769
17770
17773
17778
17783
17785
17792
17794
17796
17800
17809
17812
17814
17815
17818
17819
17821
17822
17826
17837
17842
17845
17846
17850
17851
17852
17854
17858
17860
17861
17866
17869
17870
17874
17875
17876
17878
17884
17886
17893
17899
17900
17905
17908
17909
17910
17911
17917
17926
17930
17931
17933
17935
17938
17940
17941
17942
17946
17948
17949
17950
17951
17953
17957
17960
17962
17972
17973
17974
17975
17978
17981
17986
17989
17993
17994
17996
17997
18000
18009
18010
18011
18012
18013
18015
18017
18019
18025
18028
18030
18037
18039
18040
18043
18044
18045
18047
18055
18056
18057
18066
18068
18072
18077
18083
18088
18092
18096
18100
18101
18103
18107
18111
18112
18115
18116
18118
18120
18122
18130
18131
18141
18143
18149
18150
18152
18153
18156
18159
18161
18163
18164
18167
18168
18169
18172
18173
18174
18180
18182
18183
18184
18187
18188
18195
18198
18202
18206
18210
18211
18216
18217
18218
18219
18223
18224
18225
18226
18229
18232
18236
18241
18244
18254
18259
18263
18265
18266
18270
18273
18278
18281
18282
18291
18292
18293
18299
18304
18305
18309
18310
18313
18317
18318
18321
18325
18327
18329
18334
18336
18342
18348
18351
18355
18356
18359
18361
18363
18364
18375
18376
18383
18388
18389
18392
18400
18407
18408
18409
18413
18421
18424
18433
18436
18437
18439
18442
18450
18452
18454
18459
18465
18466
18467
18470
18474
18475
18483
18484
18485
18493
18499
18500
18506
18507
18516
18520
18524
18530
18531
18534
18536
18540
18541
18543
18544
18545
18546
18550
18551
18552
18554
18557
18560
18561
18564
18565
18566
18570
18574
18577
18581
18582
18587
18591
18593
18597
18599
18600
18607
18610
18615
18619
18621
18624
18626
18629
18635
18639
18640
18641
18645
18646
18650
18652
18655
18659
18660
18663
18666
18667
18670
18671
18672
18676
18677
18685
18690
18694
18695
18696
18697
18702
18708
18709
18710
18715
18716
18718
18719
18720
18721
18723
18726
18731
18738
18747
18750
18755
18759
18760
18761
18764
18765
18768
18776
18779
18781
18783
18791
18798
18799
18801
18806
18810
18811
18816
18818
18824
18827
18839
18840
18842
18845
18852
18854
18855
18856
18857
18859
18862
18865
18870
18873
18876
18880
18882
18886
18889
18891
18893
18896
18904
18907
18908
18910
18912
18916
18918
18921
18922
18923
18925
18927
18928
18933
18934
18937
18938
18941
18947
18951
18952
18953
18954
18962
18963
18964
18965
18976
18978
18979
18980
18983
18984
18985
18987
18988
18989
18995
18997
18999
19004
19011
19012
19013
19021
19027
19028
19030
19033
19034
19038
19039
19045
19049
19052
19054
19056
19058
19061
19065
19073
19075
19080
19081
19082
19090
19092
19094
19110
19112
19113
19114
19115
19117
19120
19121
19122
19131
19134
19138
19141
19142
19148
19151
19159
19162
19165
19168
19169
19179
19182
19186
19190
19192
19194
19196
19197
19199
19200
19203
19206
19208
19214
19216
19217
19220
19222
19223
19226
19227
19229
19230
19235
19237
19238
19241
19242
19245
19248
19254
19261
19262
19267
19268
19269
19270
19272
19281
19283
19285
19286
19290
19293
19294
19299
19306
19307
19308
19315
19321
19335
19336
19341
19346
19347
19353
19358
19361
19365
19369
19374
19378
19379
19385
19387
19390
19391
19392
19396
19400
19402
19403
19406
19407
19408
19410
19412
19413
19416
19418
19421
19423
19424
19427
19430
19431
19434
19438
19440
19442
19447
19449
19454
19460
19461
19468
19470
19472
19475
19481
19483
19486
19487
19488
19491
19492
19493
19494
19497
19500
19503
19505
19509
19511
19513
19516
19520
19523
19530
19532
19534
19536
19537
19542
19543
19544
19546
19547
19554
19555
19556
19557
19562
19564
19567
19568
19572
19577
19582
19584
19585
19586
19593
19601
19604
19612
19613
19614
19617
19619
19622
19627
19629
19630
19640
19643
19644
19649
19651
19654
19657
19662
19665
19666
19671
19674
19675
19679
19681
19682
19684
19685
19690
19698
19703
19704
19705
19706
19707
19708
19709
19711
19718
19719
19720
19721
19722
19736
19738
19742
19743
19744
19746
19747
19754
19757
19759
19760
19761
19762
19765
19767
19768
19769
19771
19774
19777
19782
19786
19791
19794
19795
19799
19800
19801
19803
19806
19807
19809
19810
19813
19814
19818
19819
19820
19822
19827
19828
19832
19833
19839
19840
19841
19843
19846
19860
19868
19869
19870
19872
19875
19876
19877
19879
19882
19889
19891
19892
19907
19908
19909
19910
19912
19913
19914
19919
19921
19923
19924
19929
19932
19941
19942
19944
19946
19951
19957
19958
19959
19963
19969
19970
19972
19973
19975
19977
19986
19991
19992
19997
19999
20000
20001
20003
20004
20007
20008
20009
20010
20016
20017
20018
20020
20022
20030
20040
20042
20044
20048
20049
20055
20061
20062
20068
20077
20079
20080
20089
20090
20091
20094
20100
20104
20105
20109
20110
20111
20116
20118
20120
20121
20123
20128
20133
20137
20138
20139
20141
20142
20144
20145
20146
20148
20155
20156
20158
20164
20168
20169
20172
20174
20177
20191
20194
20195
20196
20198
20204
20205
20210
20212
20213
20216
20217
20219
20220
20224
20227
20231
20232
20233
20236
20248
20259
20260
20264
20268
20269
20272
20274
20276
20279
20283
20291
20296
20297
20298
20300
20303
20305
20309
20320
20321
20322
20323
20328
20329
20330
20332
20333
20334
20339
20344
20345
20347
20358
20359
20360
20365
20366
20370
20371
20373
20379
20381
20383
20385
20386
20387
20393
20397
20402
20407
20408
20412
20416
20418
20419
20421
20423
20428
20430
20433
20435
20441
20446
20447
20448
20450
20453
20455
20461
20463
20464
20467
20468
20474
20479
20482
20484
20488
20490
20495
20496
20499
20502
20506
20508
20510
20519
20523
20525
20530
20532
20536
20538
20544
20546
20551
20554
20555
20558
20565
20567
20570
20571
20572
20573
20574
20576
20588
20593
20594
20595
20596
20600
20604
20606
20608
20612
20627
20629
20630
20632
20638
20647
20648
20660
20662
20663
20664
20666
20676
20679
20680
20681
20684
20687
20692
20693
20694
20699
20701
20703
20705
20710
20718
20725
20727
20731
20733
20734
20735
20741
20742
20745
20746
20751
20752
20753
20756
20757
20758
20761
20763
20764
20765
20766
20768
20769
20776
20787
20791
20792
20793
20796
20797
20798
20799
20801
20802
20808
20809
20815
20817
20822
20827
20830
20831
20835
20837
20842
20846
20848
20849
20853
20857
20859
20861
20862
20866
20870
20872
20873
20881
20882
20883
20885
20889
20890
20891
20892
20897
20898
20901
20902
20903
20905
20906
20907
20910
20913
20919
20926
20928
20930
20931
20935
20939
20942
20948
20949
20950
20951
20955
20958
20960
20962
20963
20964
20965
20968
20969
20970
20971
20976
20983
20984
20985
20994
20995
20997
20998
20999
21000
21005
21006
21008
21011
21013
21014
21020
21021
21035
21037
21038
21039
21041
21042
21043
21044
21046
21047
21048
21049
21052
21061
21062
21065
21071
21076
21084
21088
21091
21093
21094
21096
21097
21098
21101
21104
21105
21110
21111
21115
21117
21119
21121
21127
21135
21138
21144
21147
21153
21157
21158
21160
21168
21171
21175
21180
21182
21183
21184
21185
21190
21193
21198
21201
21206
21212
21214
21219
21223
21243
21251
21253
21262
21269
21270
21273
21276
21278
21284
21294
21298
21299
21300
21303
21304
21306
21307
21310
21311
21314
21315
21324
21326
21328
21332
21333
21337
21341
21342
21356
21360
21361
21366
21367
21368
21375
21380
21386
21387
21394
21396
21397
21400
21412
21420
21425
21426
21431
21435
21437
21438
21439
21441
21442
21443
21444
21446
21447
21448
21449
21452
21455
21459
21461
21462
21464
21465
21467
21470
21472
21474
21476
21480
21481
21486
21489
21490
21495
21498
21499
21503
21504
21509
21511
21518
21521
21524
21525
21527
21529
21532
21533
21536
21540
21543
21545
21547
21549
21551
21555
21556
21559
21561
21563
21566
21568
21574
21576
21582
21583
21593
21595
21598
21599
21601
21605
21607
21609
21610
21616
21620
21625
21628
21635
21636
21637
21645
21647
21648
21656
21660
21667
21669
21670
21674
21675
21677
21683
21690
21692
21694
21697
21699
21701
21703
21707
21708
21712
21713
21714
21718
21722
21725
21727
21728
21729
21731
21732
21740
21741
21744
21745
21746
21752
21755
21756
21758
21765
21766
21769
21770
21771
21772
21774
21776
21782
21789
21790
21795
21796
21797
21800
21807
21812
21815
21816
21821
21825
21832
21833
21835
21838
21842
21845
21846
21848
21849
21859
21861
21863
21865
21869
21871
21872
21885
21886
21887
21891
21892
21894
21904
21905
21906
21907
21908
21913
21920
21922
21924
21926
21927
21929
21930
21932
21933
21935
21936
21938
21942
21943
21945
21946
21947
21948
21953
21955
21956
21957
21959
21960
21961
21963
21966
21970
21979
21982
21983
21988
21989
21990
21992
21993
21994
21996
22002
22005
22006
22007
22011
22013
22016
22017
22018
22023
22024
22027
22030
22033
22044
22050
22051
22052
22062
22067
22070
22073
22079
22080
22081
22082
22084
22086
22088
22089
22093
22094
22099
22100
22106
22107
22123
22126
22130
22132
22133
22137
22139
22145
22148
22153
22158
22161
22163
22167
22169
22171
22177
22179
22183
22184
22185
22188
22190
22191
22194
22197
22199
22200
22202
22204
22206
22208
22210
22217
22221
22227
22228
22230
22233
22235
22236
22247
22248
22249
22250
22256
22258
22261
22278
22282
22283
22284
22288
22291
22293
22294
22295
22299
22302
22304
22309
22312
22316
22319
22320
22323
22324
22325
22332
22334
22336
22339
22341
22345
22347
22348
22353
22365
22371
22374
22375
22379
22380
22383
22386
22387
22393
22397
22401
22404
22405
22408
22412
22415
22416
22418
22420
22422
22424
22427
22428
22434
22436
22437
22438
22439
22443
22446
22451
22459
22466
22467
22469
22472
22473
22474
22475
22477
22478
22482
22483
22486
22489
22491
22492
22493
22494
22502
22503
22505
22509
22515
22516
22517
22522
22523
22530
22533
22534
22536
22537
22542
22543
22546
22547
22549
22552
22553
22554
22557
22561
22563
22567
22568
22570
22571
22575
22576
22578
22579
22583
22585
22587
22588
22592
22594
22597
22600
22602
22605
22608
22609
22610
22611
22613
22615
22620
22621
22626
22627
22630
22634
22640
22642
22643
22646
22648
22650
22652
22653
22656
22662
22666
22671
22672
22683
22684
22686
22687
22691
22692
22694
22701
22702
22703
22707
22717
22719
22725
22731
22732
22733
22734
22736
22738
22740
22745
22746
22747
22748
22752
22754
22756
22762
22764
22772
22774
22775
22776
22777
22779
22782
22784
22785
22788
22789
22790
22795
22796
22798
22799
22800
22802
22804
22807
22808
22816
22817
22818
22821
22822
22826
22830
22833
22835
22837
22838
22839
22840
22845
22848
22855
22862
22866
22868
22871
22877
22878
22879
22880
22884
22888
22891
22892
22894
22896
22898
22900
22902
22908
22909
22910
22911
22912
22913
22914
22917
22918
22919
22923
22927
22932
22934
22936
22939
22940
22941
22942
22944
22945
22948
22959
22968
22971
22972
22975
22984
22992
22993
22998
22999
23002
23003
23009
23010
23011
23013
23014
23015
23016
23017
23020
23024
23025
23026
23036
23037
23040
23046
23048
23050
23055
23056
23059
23065
23068
23072
23075
23078
23082
23084
23086
23091
23093
23094
23095
23098
23100
23103
23107
23115
23117
23119
23124
23126
23127
23131
23141
23143
23152
23154
23155
23156
23157
23158
23163
23165
23166
23167
23169
23174
23175
23180
23189
23190
23194
23200
23201
23202
23207
23213
23216
23217
23218
23219
23220
23221
23227
23228
23229
23230
23232
23235
23238
23240
23242
23244
23245
23247
23250
23253
23254
23255
23265
23266
23267
23271
23273
23276
23277
23278
23280
23285
23291
23299
23300
23301
23306
23307
23309
23313
23315
23317
23318
23321
23322
23325
23326
23327
23328
23329
23333
23338
23340
23341
23343
23347
23353
23354
23357
23358
23359
23364
23365
23368
23370
23372
23373
23375
23378
23379
23383
23384
23387
23388
23393
23396
23397
23398
23401
23405
23407
23408
23413
23417
23424
23426
23427
23430
23433
23439
23448
23451
23452
23454
23458
23460
23462
23466
23469
23472
23480
23481
23482
23484
23487
23491
23495
23502
23505
23509
23511
23513
23514
23516
23518
23520
23525
23526
23529
23533
23535
23537
23544
23546
23548
23551
23552
23567
23568
23570
23577
23579
23582
23588
23589
23593
23594
23605
23615
23618
23619
23620
23622
23624
23629
23636
23637
23638
23642
23653
23660
23676
23680
23682
23686
23698
23699
23700
23703
23705
23707
23712
23713
23715
23724
23725
23727
23728
23732
23737
23740
23744
23745
23747
23751
23753
23754
23757
23760
23767
23770
23773
23775
23782
23788
23790
23791
23794
23801
23802
23804
23805
23811
23813
23815
23818
23820
23825
23826
23831
23836
23838
23839
23840
23848
23851
23866
23874
23875
23876
23878
23884
23887
23891
23894
23897
23906
23910
23917
23924
23925
23926
23928
23939
23944
23948
23952
23953
23955
23957
23966
23968
23971
23980
23985
23987
23993
23995
23997
23998
24000
24008
24010
24012
24013
24018
24020
24026
24028
24031
24032
24034
24045
24048
24049
24054
24058
24063
24066
24071
24073
24078
24081
24085
24094
24096
24099
24101
24105
24110
24114
24120
24123
24125
24127
24128
24130
24132
24140
24141
24143
24145
24146
24150
24151
24156
24160
24164
24166
24179
24181
24190
24191
24194
24197
24200
24203
24205
24206
24208
24221
24231
24234
24235
24238
24240
24241
24244
24253
24262
24263
24264
24279
24280
24281
24284
24287
24291
24295
24297
24299
24301
24302
24309
24310
24312
24314
24316
24317
24318
24323
24326
24329
24332
24337
24341
24346
24350
24352
24360
24361
24362
24367
24368
24369
24373
24381
24383
24386
24389
24392
24396
24400
24412
24413
24414
24418
24419
24420
24424
24426
24427
24428
24430
24436
24441
24444
24455
24458
24465
24468
24469
24474
24475
24482
24483
24487
24488
24489
24491
24494
24503
24510
24511
24514
24520
24521
24522
24526
24530
24531
24534
24535
24539
24540
24541
24544
24546
24547
24550
24555
24561
24567
24572
24579
24581
24588
24590
24593
24597
24601
24606
24607
24608
24612
24613
24614
24619
24623
24628
24631
24633
24637
24639
24648
24649
24651
24654
24656
24657
24662
24668
24669
24671
24673
24675
24680
24684
24686
24687
24692
24695
24700
24703
24712
24713
24715
24720
24723
24725
24736
24737
24738
24744
24747
24750
24752
24760
24762
24765
24770
24771
24777
24778
24782
24787
24795
24804
24806
24807
24808
24815
24816
24817
24818
24821
24822
24824
24837
24840
24844
24848
24853
24854
24858
24859
24872
24876
24882
24883
24885
24888
24891
24892
24893
24897
24899
24908
24912
24915
24916
24925
24926
24929
24931
24933
24934
24935
24936
24937
24939
24940
24942
24944
24945
24955
24957
24962
24965
24967
24968
24969
24970
24973
24981
24989
24990
24993
24996
24998
25005
25006
25007
25018
25023
25025
25028
25029
25031
25033
25034
25041
25042
25043
25044
25046
25049
25050
25052
25055
25056
25057
25060
25061
25065
25066
25068
25069
25072
25073
25079
25086
25089
25091
25096
25099
25108
25112
25113
25115
25119
25123
25124
25126
25127
25129
25131
25137
25139
25143
25147
25150
25155
25162
25169
25172
25173
25175
25180
25182
25194
25196
25199
25204
25207
25209
25216
25223
25230
25231
25236
25237
25240
25241
25242
25245
25246
25248
25249
25250
25251
25261
25266
25268
25271
25275
25280
25285
25288
25293
25300
25304
25311
25312
25331
25332
25335
25336
25337
25340
25341
25342
25352
25354
25361
25365
25372
25373
25376
25377
25383
25384
25385
25386
25388
25390
25397
25399
25400
25408
25409
25410
25411
25417
25418
25419
25423
25424
25435
25441
25442
25444
25450
25460
25461
25462
25463
25465
25467
25469
25471
25477
25486
25487
25488
25493
25496
25507
25509
25515
25518
25520
25521
25523
25525
25534
25537
25538
25541
25542
25545
25548
25549
25550
25559
25561
25563
25564
25569
25581
25582
25587
25589
25591
25593
25594
25600
25606
25609
25617
25621
25625
25629
25632
25633
25634
25636
25639
25642
25645
25647
25652
25653
25655
25665
25667
25681
25686
25688
25693
25694
25700
25707
25710
25712
25713
25715
25720
25722
25724
25729
25743
25746
25749
25750
25751
25753
25756
25758
25762
25764
25767
25769
25773
25774
25778
25780
25785
25786
25789
25792
25794
25795
25798
25802
25804
25805
25807
25813
25814
25815
25824
25825
25831
25835
25837
25838
25841
25843
25846
25850
25853
25854
25858
25864
25868
25875
25879
25883
25889
25893
25894
25898
25899
25902
25907
25913
25914
25917
25922
25923
25927
25929
25936
25942
25943
25947
25951
25961
25962
25963
25964
25965
25969
25971
25975
25977
25980
25981
25983
25986
25987
25991
25997
25998
26005
26012
26013
26018
26035
26046
26048
26049
26058
26060
26068
26070
26073
26075
26083
26087
26090
26091
26092
26093
26104
26105
26106
26112
26117
26119
26120
26124
26125
26134
26138
26141
26155
26161
26162
26163
26172
26173
26174
26177
26189
26201
26204
26205
26208
26212
26214
26215
26218
26220
26222
26223
26227
26228
26229
26234
26238
26242
26247
26252
26255
26256
26257
26263
26266
26271
26272
26275
26280
26281
26283
26284
26287
26290
26291
26297
26299
26303
26305
26306
26309
26312
26315
26317
26320
26325
26326
26329
26330
26333
26336
26338
26343
26347
26348
26350
26351
26355
26356
26359
26361
26364
26367
26370
26374
26375
26376
26377
26379
26380
26381
26382
26383
26387
26392
26394
26395
26402
26413
26420
26425
26428
26431
26443
26444
26453
26454
26456
26458
26459
26462
26464
26470
26472
26475
26477
26478
26479
26483
26498
26501
26503
26506
26508
26510
26514
26526
26530
26532
26540
26553
26554
26562
26565
26566
26568
26569
26576
26583
26584
26585
26588
26591
26595
26598
26600
26602
26609
26611
26613
26618
26620
26622
26629
26634
26636
26642
26655
26656
26669
26679
26683
26690
26694
26701
26704
26705
26706
26707
26708
26709
26710
26711
26713
26716
26717
26720
26721
26724
26725
26728
26730
26735
26737
26738
26754
26760
26763
26768
26771
26772
26773
26776
26778
26779
26781
26783
26784
26793
26794
26795
26797
26800
26802
26805
26806
26808
26819
26821
26827
26831
26835
26836
26837
26839
26841
26845
26849
26850
26858
26862
26864
26866
26869
26876
26880
26885
26888
26892
26893
26894
26897
26898
26904
26911
26914
26916
26920
26922
26927
26929
26942
26944
26946
26947
26949
26957
26958
26959
26962
26963
26965
26966
26972
26980
26983
26987
26989
26990
26992
27000
27005
27012
27014
27027
27032
27033
27034
27035
27038
27042
27043
27050
27053
27054
27058
27060
27061
27063
27072
27076
27078
27080
27081
27082
27084
27085
27086
27089
27094
27096
27102
27104
27109
27110
27113
27114
27118
27119
27120
27121
27127
27131
27133
27141
27145
27147
27152
27155
27159
27161
27167
27171
27173
27177
27180
27186
27192
27194
27195
27199
27202
27204
27205
27206
27208
27210
27214
27218
27219
27224
27225
27228
27234
27240
27246
27249
27253
27268
27273
27288
27289
27292
27295
27297
27300
27305
27307
27311
27315
27317
27321
27326
27332
27337
27338
27339
27344
27347
27348
27349
27351
27358
27360
27362
27373
27374
27379
27384
27386
27388
27394
27396
27397
27398
27399
27403
27404
27406
27407
27411
27412
27413
27415
27417
27419
27425
27427
27428
27430
27431
27435
27445
27448
27449
27454
27458
27459
27461
27463
27470
27472
27473
27474
27476
27477
27478
27480
27484
27494
27495
27497
27498
27502
27509
27519
27521
27523
27525
27527
27538
27539
27540
27542
27547
27548
27550
27555
27557
27564
27568
27572
27576
27580
27586
27590
27593
27594
27604
27609
27611
27616
27617
27618
27619
27623
27625
27627
27635
27638
27640
27643
27651
27658
27661
27662
27665
27666
27669
27671
27673
27677
27685
27686
27690
27695
27697
27699
27701
27705
27707
27708
27711
27713
27714
27719
27720
27727
27729
27732
27739
27745
27747
27756
27757
27758
27761
27767
27781
27782
27783
27789
27791
27792
27797
27798
27800
27802
27804
27808
27812
27814
27815
27816
27817
27818
27821
27823
27824
27828
27832
27844
27847
27849
27850
27869
27871
27872
27878
27880
27881
27882
27883
27887
27889
27892
27893
27894
27895
27896
27898
27902
27903
27904
27908
27911
27913
27916
27918
27921
27931
27936
27948
27949
27954
27956
27959
27960
27966
27969
27970
27972
27973
27974
27975
27977
27989
27998
28001
28002
28006
28009
28011
28012
28014
28016
28017
28020
28023
28027
28030
28035
28038
28040
28044
28045
28049
28051
28060
28064
28065
28069
28071
28072
28073
28077
28084
28089
28092
28096
28109
28110
28112
28115
28125
28128
28130
28131
28132
28140
28142
28148
28151
28153
28155
28157
28159
28161
28163
28173
28176
28177
28178
28181
28186
28187
28189
28194
28197
28198
28201
28202
28205
28206
28207
28208
28211
28215
28218
28219
28223
28225
28226
28239
28246
28249
28250
28253
28258
28260
28262
28266
28268
28274
28276
28277
28281
28287
28289
28291
28297
28304
28319
28322
28325
28326
28329
28332
28336
28337
28338
28339
28341
28345
28352
28357
28360
28363
28368
28369
28375
28376
28379
28386
28388
28390
28391
28394
28395
28396
28397
28399
28400
28401
28415
28419
28420
28422
28424
28427
28429
28431
28432
28434
28435
28439
28445
28447
28448
28451
28455
28456
28458
28463
28469
28474
28497
28498
28503
28504
28510
28514
28515
28518
28520
28528
28529
28533
28539
28540
28545
28548
28559
28560
28566
28571
28572
28573
28574
28578
28583
28586
28592
28593
28595
28596
28599
28602
28609
28613
28618
28625
28629
28631
28633
28635
28639
28644
28647
28649
28650
28660
28661
28666
28667
28669
28676
28678
28680
28681
28685
28687
28688
28692
28701
28706
28707
28712
28713
28716
28723
28724
28726
28729
28732
28735
28737
28738
28741
28764
28767
28771
28773
28774
28777
28782
28783
28787
28790
28792
28794
28795
28796
28797
28799
28800
28805
28806
28811
28813
28816
28822
28823
28826
28828
28830
28832
28835
28837
28838
28843
28844
28846
28852
28853
28856
28857
28871
28880
28884
28885
28894
28897
28898
28901
28902
28903
28906
28908
28910
28911
28912
28914
28916
28923
28924
28926
28928
28929
28930
28932
28933
28939
28945
28949
28954
28960
28974
28975
28976
28979
28980
28982
28992
28993
28995
28998
28999
29006
29007
29009
29010
29015
29021
29025
29028
29030
29031
29033
29034
29036
29037
29039
29042
29044
29064
29067
29070
29072
29074
29079
29082
29083
29089
29090
29093
29096
29100
29102
29109
29110
29112
29113
29116
29122
29124
29126
29128
29129
29130
29133
29141
29145
29153
29158
29166
29178
29181
29182
29184
29188
29189
29190
29196
29197
29204
29205
29211
29216
29219
29225
29227
29241
29242
29248
29249
29251
29253
29256
29258
29260
29261
29262
29263
29279
29283
29288
29289
29290
29292
29293
29295
29297
29299
29303
29306
29307
29309
29311
29312
29316
29322
29329
29330
29332
29346
29351
29359
29360
29361
29367
29370
29372
29373
29377
29378
29383
29387
29389
29391
29393
29402
29403
29405
29406
29413
29416
29418
29419
29421
29428
29430
29433
29437
29440
29441
29444
29448
29449
29455
29460
29466
29475
29478
29480
29482
29485
29486
29487
29488
29491
29494
29500
29503
29507
29516
29517
29523
29527
29531
29537
29541
29545
29547
29549
29551
29552
29558
29559
29560
29561
29563
29564
29573
29575
29579
29584
29588
29596
29600
29607
29615
29619
29622
29624
29627
29629
29630
29633
29638
29641
29642
29644
29646
29648
29649
29650
29651
29659
29663
29665
29666
29669
29685
29687
29692
29695
29699
29700
29706
29709
29710
29715
29716
29719
29724
29726
29732
29733
29736
29740
29741
29745
29748
29759
29766
29767
29770
29771
29774
29779
29782
29784
29790
29791
29798
29799
29801
29807
29809
29812
29815
29819
29820
29822
29825
29826
29830
29834
29840
29848
29851
29853
29854
29855
29864
29866
29868
29870
29879
29884
29886
29888
29890
29891
29892
29893
29894
29897
29898
29899
29901
29902
29905
29909
29914
29915
29919
29926
29930
29934
29935
29936
29940
29943
29945
29946
29950
29955
29959
29971
29972
29973
29976
29977
29981
29983
29993
29996
30001
30002
30003
30006
30012
30018
30024
30026
30029
30030
30031
30032
30037
30038
30040
30043
30046
30050
30051
30056
30063
30077
30080
30081
30087
30089
30094
30099
30100
30101
30104
30106
30108
30110
30114
30116
30117
30118
30119
30124
30131
30133
30134
30141
30144
30146
30147
30161
30164
30165
30168
30175
30176
30182
30183
30188
30192
30196
30197
30199
30201
30205
30210
30214
30216
30217
30219
30220
30223
30225
30226
30228
30230
30231
30234
30236
30240
30242
30246
30247
30248
30260
30262
30264
30265
30267
30274
30277
30286
30289
30290
30292
30298
30302
30304
30305
30306
30309
30312
30313
30314
30320
30323
30326
30329
30331
30333
30334
30340
30342
30344
30350
30351
30354
30369
30370
30375
30386
30393
30394
30398
30400
30402
30407
30409
30411
30413
30417
30426
30438
30439
30440
30444
30454
30457
30458
30459
30461
30471
30472
30475
30478
30480
30486
30487
30488
30491
30494
30495
30496
30497
30502
30509
30516
30518
30522
30524
30525
30535
30536
30538
30541
30542
30545
30549
30555
30556
30558
30563
30565
30570
30574
30576
30577
30579
30581
30583
30586
30589
30590
30594
30599
30600
30602
30604
30609
30612
30614
30615
30616
30620
30622
30629
30639
30644
30646
30653
30656
30659
30660
30675
30676
30678
30681
30685
30688
30692
30694
30696
30703
30705
30708
30709
30714
30718
30721
30722
30724
30725
30726
30728
30736
30738
30739
30745
30752
30754
30755
30757
30760
30763
30767
30768
30774
30778
30786
30788
30792
30793
30794
30797
30799
30802
30803
30807
30808
30815
30820
30822
30829
30834
30835
30836
30842
30843
30848
30854
30855
30856
30858
30861
30865
30869
30870
30871
30877
30884
30886
30890
30895
30899
30900
30906
30910
30914
30918
30919
30926
30932
30938
30939
30944
30945
30948
30953
30958
30961
30964
30966
30968
30969
30970
30972
30975
30976
30980
30981
30983
30984
30985
30996
30997
30999
31000
31004
31006
31017
31018
31021
31032
31036
31039
31040
31042
31049
31050
31051
31055
31060
31061
31069
31078
31084
31088
31089
31090
31094
31111
31115
31117
31119
31121
31127
31130
31133
31134
31136
31138
31139
31147
31155
31162
31165
31168
31169
31170
31175
31176
31186
31191
31193
31196
31199
31200
31202
31204
31205
31207
31209
31212
31215
31224
31225
31226
31229
31231
31234
31240
31241
31246
31253
31255
31257
31258
31261
31268
31271
31272
31275
31278
31280
31281
31283
31291
31299
31300
31305
31306
31308
31309
31312
31314
31317
31326
31329
31331
31346
31349
31354
31362
31364
31383
31384
31385
31386
31389
31395
31398
31399
31401
31402
31404
31407
31408
31413
31421
31424
31426
31431
31436
31440
31444
31448
31451
31452
31454
31456
31458
31463
31464
31470
31471
31472
31473
31478
31482
31485
31488
31490
31493
31494
31497
31498
31499
31500
31506
31512
31513
31519
31523
31525
31527
31528
31531
31534
31536
31538
31541
31543
31545
31549
31554
31555
31556
31559
31564
31566
31568
31575
31581
31583
31584
31587
31588
31596
31611
31615
31620
31621
31625
31627
31631
31633
31634
31636
31638
31641
31644
31645
31647
31648
31650
31655
31659
31664
31669
31672
31680
31684
31699
31704
31705
31706
31707
31712
31715
31719
31720
31723
31729
31730
31732
31734
31737
31744
31749
31753
31754
31760
31768
31781
31785
31788
31790
31792
31794
31796
31801
31805
31806
31807
31808
31811
31812
31815
31816
31818
31828
31830
31833
31837
31845
31846
31848
31850
31852
31855
31857
31860
31863
31870
31871
31873
31885
31897
31901
31907
31910
31918
31926
31928
31932
31933
31938
31941
31944
31949
31958
31959
31963
31964
31969
31972
31976
31981
31992
31993
32000
32006
32008
32009
32010
32011
32012
32013
32015
32017
32018
32024
32029
32030
32031
32034
32037
32043
32045
32048
32050
32051
32054
32060
32067
32071
32072
32075
32077
32080
32084
32090
32092
32094
32096
32098
32105
32106
32108
32109
32110
32111
32114
32117
32119
32120
32125
32129
32140
32141
32142
32150
32156
32157
32159
32160
32163
32164
32168
32169
32170
32175
32180
32186
32196
32197
32198
32205
32211
32215
32222
32226
32227
32237
32239
32240
32244
32246
32253
32254
32256
32257
32260
32263
32265
32267
32268
32270
32273
32275
32281
32282
32285
32287
32288
32289
32292
32297
32302
32305
32306
32308
32310
32317
32318
32327
32339
32341
32345
32348
32350
32353
32357
32363
32369
32372
32373
32375
32376
32377
32381
32388
32389
32390
32391
32394
32399
32401
32409
32415
32420
32422
32427
32430
32435
32437
32441
32445
32457
32466
32468
32471
32478
32481
32485
32487
32488
32493
32494
32495
32496
32498
32499
32502
32503
32508
32511
32516
32521
32524
32526
32532
32533
32535
32537
32539
32541
32543
32545
32546
32547
32551
32555
32558
32560
32564
32569
32572
32574
32576
32578
32583
32584
32588
32592
32598
32600
32604
32606
32607
32610
32611
32612
32613
32615
32616
32629
32632
32633
32635
32637
32640
32643
32645
32649
32654
32659
32661
32663
32664
32670
32680
32700
32703
32705
32707
32708
32709
32710
32717
32721
32726
32732
32733
32734
32735
32737
32755
32759
32762
32772
32775
32778
32780
32781
32784
32788
32789
32790
32794
32795
32797
32801
32811
32815
32816
32818
32821
32822
32824
32826
32830
32833
32834
32839
32844
32845
32849
32854
32856
32858
32864
32869
32876
32879
32880
32881
32884
32885
32889
32891
32893
32898
32899
32900
32901
32913
32916
32921
32924
32925
32929
32932
32933
32938
32949
32958
32962
32963
32966
32970
32978
32979
32980
32987
32989
32991
33001
33012
33014
33015
33017
33018
33019
33021
33041
33043
33057
33067
33070
33072
33081
33082
33083
33084
33085
33088
33089
33093
33095
33107
33111
33114
33120
33121
33124
33126
33128
33131
33133
33134
33136
33140
33143
33147
33149
33151
33152
33153
33158
33163
33165
33177
33182
33187
33189
33192
33193
33198
33199
33202
33204
33205
33209
33214
33216
33218
33219
33221
33226
33229
33233
33236
33238
33241
33250
33255
33258
33259
33262
33265
33282
33285
33288
33289
33290
33292
33293
33294
33296
33299
33303
33305
33308
33309
33310
33321
33323
33325
33335
33336
33337
33339
33340
33343
33345
33346
33351
33352
33353
33361
33365
33368
33370
33371
33376
33377
33380
33385
33386
33388
33390
33392
33393
33394
33395
33397
33399
33404
33405
33407
33410
33413
33416
33419
33427
33429
33432
33447
33452
33454
33460
33467
33469
33472
33474
33480
33482
33483
33486
33489
33494
33495
33496
33503
33508
33514
33517
33522
33525
33528
33534
33536
33539
33540
33541
33546
33549
33555
33558
33562
33579
33582
33585
33587
33590
33591
33592
33594
33596
33597
33601
33602
33603
33606
33608
33610
33616
33628
33632
33636
33637
33641
33642
33645
33651
33654
33655
33657
33660
33667
33674
33676
33682
33685
33689
33690
33692
33695
33699
33701
33703
33704
33705
33707
33710
33720
33721
33726
33734
33735
33739
33741
33743
33751
33753
33754
33767
33768
33770
33773
33775
33776
33777
33779
33783
33786
33790
33791
33801
33807
33808
33813
33815
33823
33824
33832
33833
33835
33840
33843
33844
33851
33852
33856
33858
33859
33861
33862
33866
33870
33871
33872
33873
33876
33878
33880
33883
33887
33888
33889
33895
33908
33910
33913
33915
33918
33920
33921
33924
33925
33928
33929
33932
33934
33935
33936
33937
33948
33951
33955
33956
33960
33961
33967
33972
33973
33977
33978
33979
33981
33984
33993
33995
33996
34000
34007
34008
34009
34013
34016
34018
34020
34025
34026
34028
34029
34031
34034
34036
34039
34042
34049
34051
34059
34061
34063
34068
34070
34076
34077
34078
34080
34082
34083
34085
34086
34089
34092
34101
34105
34106
34108
34110
34114
34115
34120
34132
34136
34143
34146
34151
34152
34158
34159
34160
34161
34165
34166
34167
34168
34171
34175
34177
34182
34188
34192
34193
34198
34206
34207
34211
34214
34216
34221
34224
34226
34228
34233
34235
34236
34243
34248
34249
34252
34256
34258
34260
34262
34268
34270
34274
34276
34278
34279
34283
34285
34286
34289
34291
34297
34300
34305
34306
34308
34314
34329
34331
34339
34341
34343
34351
34353
34354
34355
34365
34366
34367
34374
34376
34381
34384
34385
34386
34390
34392
34395
34397
34398
34399
34408
34411
34416
34421
34422
34426
34432
34440
34441
34442
34443
34444
34445
34446
34451
34453
34459
34460
34467
34471
34472
34473
34474
34478
34483
34486
34495
34499
34500
34507
34513
34514
34517
34521
34532
34536
34538
34543
34547
34549
34550
34558
34559
34560
34562
34564
34565
34566
34570
34574
34576
34584
34585
34586
34600
34606
34611
34614
34616
34618
34620
34624
34625
34627
34628
34631
34637
34640
34643
34646
34652
34654
34655
34659
34663
34664
34666
34669
34678
34680
34683
34684
34687
34690
34698
34704
34706
34713
34715
34719
34721
34725
34727
34728
34729
34730
34734
34739
34741
34742
34745
34750
34755
34763
34764
34767
34770
34771
34774
34775
34782
34785
34786
34787
34790
34795
34796
34802
34804
34808
34817
34818
34821
34829
34837
34838
34841
34842
34849
34850
34853
34856
34862
34870
34879
34881
34882
34884
34885
34893
34894
34895
34897
34900
34902
34905
34915
34916
34921
34925
34928
34929
34931
34934
34936
34942
34948
34962
34963
34965
34967
34969
34982
34987
34990
34994
34997
34998
35001
35005
35006
35009
35012
35017
35019
35023
35025
35028
35030
35031
35034
35035
35036
35037
35038
35045
35053
35067
35068
35069
35072
35076
35080
35081
35082
35083
35092
35101
35102
35106
35108
35110
35116
35117
35119
35121
35131
35134
35137
35140
35146
35147
35150
35157
35158
35161
35162
35163
35178
35180
35184
35188
35189
35195
35199
35203
35208
35210
35212
35215
35217
35221
35224
35227
35228
35236
35237
35238
35239
35240
35241
35243
35249
35274
35277
35282
35286
35289
35294
35298
35301
35304
35305
35306
35307
35310
35311
35314
35316
35320
35322
35323
35324
35334
35336
35339
35343
35345
35346
35348
35352
35354
35361
35372
35380
35384
35392
35393
35395
35397
35401
35403
35405
35417
35419
35423
35425
35434
35439
35441
35442
35443
35447
35458
35462
35465
35469
35470
35475
35476
35477
35481
35483
35486
35493
35498
35499
35505
35507
35508
35514
35520
35521
35522
35523
35525
35529
35531
35534
35537
35538
35540
35543
35544
35545
35547
35554
35555
35556
35557
35559
35561
35562
35565
35567
35571
35572
35577
35590
35592
35594
35597
35599
35608
35615
35617
35620
35622
35623
35628
35632
35636
35638
35641
35644
35645
35653
35654
35658
35659
35661
35662
35664
35667
35668
35670
35677
35678
35680
35683
35685
35692
35694
35695
35697
35703
35710
35715
35716
35723
35727
35732
35735
35737
35738
35740
35744
35747
35748
35750
35754
35758
35759
35760
35764
35770
35772
35776
35782
35783
35785
35787
35788
35789
35793
35796
35797
35800
35802
35804
35808
35813
35814
35825
35830
35832
35833
35836
35839
35840
35848
35853
35854
35857
35863
35865
35867
35875
35877
35880
35882
35883
35884
35887
35890
35895
35899
35900
35901
35903
35904
35908
35914
35915
35917
35922
35925
35932
35937
35938
35942
35944
35945
35948
35952
35963
35965
35971
35972
35977
35983
35986
35987
35990
35999
36003
36007
36011
36013
36022
36024
36025
36026
36027
36029
36032
36034
36039
36041
36043
36050
36054
36055
36057
36062
36068
36069
36070
36076
36079
36081
36088
36089
36092
36097
36100
36104
36106
36107
36108
36111
36115
36118
36122
36124
36125
36127
36129
36135
36137
36140
36151
36157
36158
36167
36168
36173
36176
36178
36180
36181
36183
36186
36187
36188
36193
36194
36199
36204
36211
36214
36219
36220
36221
36223
36224
36231
36232
36235
36236
36238
36239
36242
36245
36246
36248
36252
36255
36256
36257
36259
36263
36267
36269
36276
36277
36282
36285
36287
36289
36295
36307
36310
36312
36318
36319
36320
36322
36330
36334
36338
36342
36348
36350
36357
36361
36363
36367
36369
36377
36378
36379
36386
36388
36389
36395
36401
36408
36409
36417
36418
36424
36427
36438
36440
36444
36445
36446
36449
36451
36453
36458
36460
36475
36476
36480
36493
36495
36499
36501
36503
36505
36511
36512
36515
36518
36521
36522
36524
36528
36532
36535
36538
36540
36544
36553
36554
36559
36560
36572
36573
36574
36576
36580
36581
36584
36586
36592
36596
36597
36600
36602
36603
36604
36605
36606
36621
36624
36625
36626
36632
36640
36647
36651
36656
36659
36661
36662
36664
36668
36670
36671
36675
36677
36678
36681
36684
36688
36689
36690
36691
36695
36696
36697
36702
36704
36706
36707
36708
36709
36712
36714
36718
36721
36722
36724
36727
36728
36731
36734
36737
36745
36746
36752
36754
36756
36758
36760
36761
36764
36766
36770
36775
36778
36781
36785
36788
36792
36800
36805
36807
36816
36819
36820
36821
36822
36826
36828
36829
36835
36840
36845
36854
36856
36857
36874
36877
36879
36883
36884
36895
36898
36904
36906
36910
36913
36926
36927
36928
36930
36933
36935
36936
36937
36941
36944
36947
36952
36958
36962
36964
36965
36969
36973
36982
36984
36986
36988
36996
36997
36999
37009
37015
37020
37021
37025
37030
37040
37048
37051
37054
37056
37057
37063
37069
37070
37075
37076
37077
37079
37080
37082
37093
37094
37097
37099
37103
37105
37106
37108
37112
37117
37120
37121
37124
37125
37127
37128
37129
37141
37143
37157
37158
37161
37176
37177
37178
37182
37184
37191
37197
37198
37199
37202
37203
37206
37207
37209
37210
37222
37223
37225
37226
37230
37235
37240
37242
37245
37248
37250
37257
37258
37259
37261
37271
37272
37279
37283
37284
37285
37289
37291
37295
37298
37299
37300
37302
37307
37309
37314
37318
37319
37322
37323
37325
37327
37332
37333
37334
37335
37338
37340
37343
37347
37357
37371
37376
37378
37382
37386
37387
37388
37390
37398
37400
37401
37404
37405
37406
37407
37411
37412
37413
37423
37432
37438
37439
37445
37449
37454
37455
37460
37466
37468
37470
37474
37475
37481
37492
37497
37498
37499
37508
37511
37512
37515
37518
37525
37531
37533
37536
37537
37539
37547
37550
37552
37555
37558
37561
37563
37564
37565
37575
37580
37588
37589
37590
37592
37594
37599
37601
37605
37607
37614
37615
37618
37621
37623
37625
37628
37629
37637
37639
37645
37646
37648
37653
37656
37657
37658
37659
37665
37667
37672
37673
37676
37679
37682
37684
37685
37688
37689
37691
37700
37702
37708
37709
37710
37713
37718
37722
37724
37725
37732
37736
37739
37742
37743
37744
37748
37750
37752
37757
37763
37764
37765
37771
37773
37777
37779
37784
37786
37788
37789
37790
37794
37799
37805
37809
37812
37819
37823
37834
37837
37838
37839
37841
37843
37845
37847
37851
37856
37858
37860
37865
37867
37880
37881
37882
37886
37888
37890
37892
37896
37899
37904
37907
37911
37913
37915
37924
37925
37936
37940
37948
37951
37953
37961
37963
37966
37967
37969
37970
37972
37976
37983
37985
37986
37987
37989
37990
37991
37996
37998
38001
38002
38003
38004
38008
38013
38015
38017
38018
38022
38029
38035
38037
38041
38043
38044
38047
38057
38058
38060
38063
38064
38072
38073
38076
38077
38080
38082
38083
38084
38085
38087
38089
38090
38094
38095
38096
38097
38099
38106
38109
38120
38130
38134
38135
38137
38138
38144
38145
38146
38149
38153
38161
38168
38170
38172
38173
38185
38190
38192
38193
38196
38197
38198
38201
38204
38207
38208
38219
38226
38227
38229
38231
38232
38233
38236
38240
38255
38262
38264
38265
38266
38270
38272
38276
38277
38278
38282
38284
38286
38288
38297
38300
38301
38302
38305
38313
38318
38321
38323
38324
38329
38331
38335
38340
38343
38347
38353
38355
38358
38359
38365
38366
38368
38374
38375
38377
38379
38385
38391
38395
38401
38403
38405
38407
38408
38409
38410
38411
38412
38416
38417
38419
38423
38424
38436
38447
38449
38450
38452
38458
38459
38465
38467
38469
38473
38475
38476
38477
38478
38482
38483
38490
38494
38497
38499
38513
38514
38519
38523
38525
38538
38539
38544
38548
38549
38555
38562
38566
38568
38569
38574
38578
38583
38586
38587
38588
38594
38598
38600
38605
38608
38611
38616
38622
38623
38626
38631
38639
38643
38647
38648
38651
38658
38660
38661
38666
38668
38669
38671
38672
38679
38682
38685
38689
38690
38695
38701
38704
38708
38712
38713
38715
38716
38722
38724
38727
38729
38730
38737
38739
38741
38745
38749
38750
38753
38754
38756
38758
38773
38775
38780
38782
38783
38784
38788
38791
38792
38799
38810
38811
38814
38815
38816
38817
38819
38822
38825
38827
38832
38833
38839
38842
38849
38852
38856
38859
38870
38871
38872
38875
38879
38883
38888
38892
38893
38897
38899
38908
38909
38913
38915
38918
38920
38921
38923
38927
38931
38933
38935
38936
38937
38941
38942
38950
38953
38954
38957
38962
38969
38971
38976
38977
38982
38985
38987
38989
38991
38992
38993
39000
39003
39008
39009
39016
39017
39021
39022
39026
39027
39029
39030
39032
39039
39041
39042
39043
39047
39050
39051
39054
39056
39058
39065
39067
39069
39071
39075
39081
39087
39093
39096
39097
39101
39104
39105
39106
39108
39114
39117
39121
39124
39125
39126
39128
39130
39131
39133
39140
39142
39149
39156
39162
39166
39169
39170
39171
39177
39178
39181
39185
39187
39192
39198
39199
39207
39208
39209
39210
39216
39219
39222
39229
39235
39237
39241
39242
39246
39248
39250
39251
39253
39256
39257
39258
39261
39262
39265
39266
39267
39268
39271
39278
39279
39286
39288
39297
39298
39299
39300
39302
39303
39309
39314
39316
39317
39318
39319
39322
39323
39324
39326
39334
39340
39346
39349
39352
39354
39359
39362
39364
39367
39371
39373
39374
39376
39378
39379
39380
39382
39383
39385
39386
39387
39395
39397
39398
39402
39403
39405
39408
39409
39414
39421
39425
39428
39430
39437
39438
39439
39441
39443
39445
39453
39457
39458
39463
39464
39465
39467
39468
39470
39474
39483
39487
39493
39497
39504
39505
39510
39512
39513
39516
39524
39525
39527
39530
39533
39535
39543
39546
39548
39551
39555
39558
39560
39561
39562
39563
39565
39566
39568
39570
39571
39574
39575
39576
39583
39586
39590
39593
39594
39595
39599
39608
39613
39614
39615
39616
39624
39625
39626
39631
39632
39634
39638
39642
39647
39648
39650
39658
39667
39668
39676
39679
39680
39681
39682
39687
39689
39692
39700
39703
39704
39706
39711
39718
39720
39721
39723
39726
39727
39734
39738
39739
39746
39750
39754
39757
39758
39760
39765
39766
39768
39772
39779
39781
39783
39791
39796
39797
39799
39803
39805
39810
39811
39814
39818
39821
39822
39824
39825
39826
39830
39833
39834
39841
39844
39847
39854
39855
39857
39864
39866
39867
39871
39874
39875
39876
39881
39882
39888
39889
39892
39893
39896
39897
39898
39901
39905
39908
39910
39913
39917
39924
39928
39931
39936
39939
39940
39942
39943
39944
39948
39949
39953
39955
39957
39964
39965
39968
39969
39978
39982
39984
39988
39989
39991
39995
39997
40001
40005
40014
40016
40019
40021
40028
40032
40034
40035
40039
40041
40042
40049
40050
40051
40053
40054
40055
40057
40066
40067
40069
40070
40075
40076
40084
40092
40097
40104
40113
40116
40119
40123
40125
40128
40133
40134
40137
40148
40149
40150
40153
40154
40155
40156
40158
40161
40165
40166
40170
40173
40176
40179
40181
40182
40185
40188
40194
40195
40200
40204
40208
40214
40216
40220
40223
40224
40225
40230
40235
40237
40239
40243
40251
40252
40253
40259
40260
40263
40264
40266
40268
40280
40290
40296
40300
40301
40302
40304
40305
40307
40310
40311
40314
40315
40318
40319
40321
40324
40327
40336
40347
40361
40364
40371
40374
40378
40379
40388
40391
40395
40398
40399
40402
40407
40409
40414
40415
40418
40420
40424
40432
40435
40442
40444
40445
40450
40451
40452
40454
40459
40461
40462
40463
40466
40467
40468
40474
40476
40480
40481
40482
40485
40486
40493
40494
40496
40498
40509
40515
40527
40528
40532
40544
40551
40553
40556
40562
40564
40568
40570
40579
40581
40582
40583
40589
40590
40593
40594
40597
40602
40608
40612
40613
40617
40619
40631
40632
40634
40635
40636
40637
40641
40646
40647
40648
40651
40652
40658
40659
40660
40662
40669
40670
40672
40679
40680
40683
40686
40689
40696
40698
40700
40708
40711
40712
40716
40719
40724
40725
40727
40732
40738
40739
40740
40742
40743
40746
40752
40758
40759
40766
40767
40768
40769
40771
40775
40777
40786
40790
40792
40793
40797
40800
40801
40802
40803
40805
40808
40809
40812
40815
40818
40824
40827
40832
40840
40844
40845
40848
40852
40855
40863
40866
40871
40875
40884
40886
40887
40888
40889
40892
40894
40895
40898
40899
40907
40910
40913
40915
40916
40917
40927
40930
40932
40934
40938
40941
40947
40949
40950
40953
40960
40962
40967
40971
40975
40976
40978
40980
40982
40983
40986
40987
40990
40991
41000
41009
41010
41012
41017
41021
41027
41028
41031
41032
41034
41036
41038
41042
41045
41053
41055
41057
41061
41064
41066
41068
41071
41073
41075
41077
41078
41081
41085
41089
41094
41095
41099
41100
41101
41102
41108
41112
)


// ************************************************************************* //
