/*--------------------------------*- C++ -*----------------------------------*\
| =========                 |                                                 |
| \\      /  F ield         | OpenFOAM: The Open Source CFD Toolbox           |
|  \\    /   O peration     | Version:  3.0.1                                 |
|   \\  /    A nd           | Web:      www.OpenFOAM.org                      |
|    \\/     M anipulation  |                                                 |
\*---------------------------------------------------------------------------*/
FoamFile
{
    version     2.0;
    format      ascii;
    class       labelList;
    note        "nPoints: 12610 nCells: 10117 nFaces: 36654 nInternalFaces: 15900";
    location    "constant/polyMesh";
    object      neighbour;
}
// * * * * * * * * * * * * * * * * * * * * * * * * * * * * * * * * * * * * * //


15900
(
1
9
2
10
3
11
12
5149
5
21
6
22
7
23
8
24
9
25
10
26
11
27
12
28
29
8405
14
52
15
53
16
54
17
55
18
56
19
57
20
58
21
59
22
60
23
61
24
62
25
63
26
64
27
65
28
66
29
67
68
4961
31
79
32
80
33
81
34
82
35
83
36
84
37
85
38
86
39
87
40
88
41
89
42
90
43
91
44
92
45
93
46
94
47
95
48
96
49
97
50
98
51
99
52
100
53
101
54
102
55
103
56
104
57
105
58
106
59
107
60
108
61
109
62
110
63
111
64
112
65
113
66
114
67
115
68
116
117
8948
70
118
71
119
72
120
73
121
74
122
75
123
76
124
77
125
78
126
79
127
80
128
81
129
82
130
83
131
84
132
85
133
86
134
87
135
88
136
89
137
90
138
91
139
92
140
93
141
94
142
95
143
96
144
97
145
98
146
99
147
100
148
101
149
102
150
103
151
104
152
105
153
106
154
107
155
108
156
109
157
110
158
111
159
112
160
113
161
114
162
115
163
116
164
117
165
166
6511
119
167
120
168
121
169
122
170
123
171
124
172
125
173
126
174
127
175
128
176
129
177
130
178
131
179
132
180
133
181
134
182
135
183
136
184
137
185
138
186
139
187
140
188
141
189
142
190
143
191
144
192
145
193
146
194
147
195
148
196
149
197
150
198
151
199
152
200
153
201
154
202
155
203
156
204
157
205
158
206
159
207
160
208
161
209
162
210
163
211
164
212
165
213
166
214
215
7573
168
216
169
217
170
218
171
219
172
220
173
221
174
222
175
223
176
224
177
225
178
226
179
227
180
228
181
229
182
230
183
231
184
232
185
233
186
234
187
235
188
236
189
237
190
238
191
239
192
240
193
241
194
242
195
243
196
244
197
245
198
246
199
247
200
248
201
249
202
250
203
251
204
252
205
253
206
254
207
255
208
256
209
257
210
258
211
259
212
260
213
261
214
262
215
263
264
5102
217
265
218
266
219
267
220
268
221
269
222
270
223
271
224
272
225
273
226
274
227
275
228
276
229
277
230
278
231
279
232
280
233
281
234
282
235
283
236
284
237
285
238
286
239
287
240
288
241
289
242
290
243
291
244
292
245
293
246
294
247
295
248
296
249
297
250
298
251
299
252
300
253
301
254
302
255
303
256
304
257
305
258
306
259
307
260
308
261
309
262
310
263
311
264
312
313
7183
266
314
267
315
268
316
269
317
270
318
271
319
272
320
273
321
274
322
275
323
276
324
277
325
278
326
279
327
280
328
281
329
282
330
283
331
284
332
285
333
286
334
287
335
288
336
289
337
290
338
291
339
292
340
293
341
294
342
295
343
296
344
297
345
298
346
299
347
300
348
301
349
302
350
303
351
304
352
305
353
306
354
307
355
308
356
309
357
310
358
311
359
312
360
313
361
362
5067
315
363
316
364
317
365
318
366
319
367
320
368
321
369
322
370
323
371
324
372
325
373
326
374
327
375
328
376
329
377
330
378
331
379
332
380
333
381
334
382
335
383
336
384
337
385
338
386
339
387
340
388
341
389
342
390
343
391
344
392
345
393
346
394
347
395
348
396
349
397
350
398
351
399
352
400
353
401
354
402
355
403
356
404
357
405
358
406
359
407
360
408
361
409
362
410
411
9315
364
412
365
413
366
414
367
415
368
416
369
417
370
418
371
419
372
420
373
421
374
422
375
423
376
424
377
425
378
426
379
427
380
428
381
429
382
430
383
431
384
432
385
433
386
434
387
435
388
436
389
437
390
438
391
439
392
440
393
441
394
442
395
443
396
444
397
445
398
446
399
447
400
448
401
449
402
450
403
451
404
452
405
453
406
454
407
455
408
456
409
457
410
458
411
459
460
8437
413
461
414
462
415
463
416
464
417
465
418
466
419
467
420
468
421
469
422
470
423
471
424
472
425
473
426
474
427
475
428
476
429
477
430
478
431
479
432
480
433
481
434
482
435
483
436
484
437
485
438
486
439
487
440
488
441
489
442
490
443
491
444
492
445
493
446
494
447
495
448
496
449
497
450
498
451
499
452
500
453
501
454
502
455
503
456
504
457
505
458
506
459
507
460
508
509
7429
462
510
463
511
464
512
465
513
466
514
467
515
468
516
469
517
470
518
471
519
472
520
473
521
474
522
475
523
476
524
477
525
478
526
479
527
480
528
481
529
482
530
483
531
484
532
485
533
486
534
487
535
488
536
489
537
490
538
491
539
492
540
493
541
494
542
495
543
496
544
497
545
498
546
499
547
500
548
501
549
502
550
503
551
504
552
505
553
506
554
507
555
508
556
509
557
558
7107
511
559
512
560
513
561
514
562
515
563
516
564
517
565
518
566
519
567
520
568
521
569
522
570
523
571
524
572
525
573
526
574
527
575
528
576
529
577
530
578
531
579
532
580
533
581
534
582
535
583
536
584
537
585
538
586
539
587
540
588
541
589
542
590
543
591
544
592
545
593
546
594
547
595
548
596
549
597
550
598
551
599
552
600
553
601
554
602
555
603
556
604
557
605
558
606
607
5633
560
608
561
609
562
610
563
611
564
612
565
613
566
614
567
615
568
616
569
617
570
618
571
619
572
620
573
621
574
622
575
623
576
624
577
625
578
626
579
627
580
628
581
629
582
630
583
631
584
632
585
633
586
634
587
635
588
636
589
637
590
638
591
639
592
640
593
641
594
642
595
643
596
644
597
645
598
646
599
647
600
648
601
649
602
650
603
651
604
652
605
653
606
654
607
655
656
8257
609
657
610
658
611
659
612
660
613
661
614
662
615
663
616
664
617
665
618
666
619
667
620
668
621
669
622
670
623
671
624
672
625
673
626
674
627
675
628
676
629
677
630
678
631
679
632
680
633
681
634
682
635
683
636
684
637
685
638
686
639
687
640
688
641
689
642
690
643
691
644
692
645
693
646
694
647
695
648
696
649
697
650
698
651
699
652
700
653
701
654
702
655
703
656
704
705
9224
658
706
659
707
660
708
661
709
662
710
663
711
664
712
665
713
666
714
667
715
668
716
669
717
670
718
671
719
672
720
673
721
674
722
675
723
676
724
677
725
678
726
679
727
680
728
681
729
682
730
683
731
684
732
685
733
686
734
687
735
688
736
689
737
690
738
691
739
692
740
693
741
694
742
695
743
696
744
697
745
698
746
699
747
700
748
701
749
702
750
703
751
704
752
705
753
754
8806
707
755
708
756
709
757
710
758
711
759
712
760
713
761
714
762
715
763
716
764
717
765
718
766
719
767
720
768
721
769
722
770
723
771
724
772
725
773
726
774
727
775
728
776
729
777
730
778
731
779
732
780
733
781
734
782
735
783
736
784
737
785
738
786
739
787
740
788
741
789
742
790
743
791
744
792
745
793
746
794
747
795
748
796
749
797
750
798
751
799
752
800
753
801
754
802
803
7701
756
804
757
805
758
806
759
807
760
808
761
809
762
810
763
811
764
812
765
813
766
814
767
815
768
816
769
817
770
818
771
819
772
820
773
821
774
822
775
823
776
824
777
825
778
826
779
827
780
828
781
829
782
830
783
831
784
832
785
833
786
834
787
835
788
836
789
837
790
838
791
839
792
840
793
841
794
842
795
843
796
844
797
845
798
846
799
847
800
848
801
849
802
850
803
851
852
6879
805
853
806
854
807
855
808
856
809
857
810
858
811
859
812
860
813
861
814
862
815
863
816
864
817
865
818
866
819
867
820
868
821
869
822
870
823
871
824
872
825
873
826
874
827
875
828
876
829
877
830
878
831
879
832
880
833
881
834
882
835
883
836
884
837
885
838
886
839
887
840
888
841
889
842
890
843
891
844
892
845
893
846
894
847
895
848
896
849
897
850
898
851
899
852
900
901
9287
854
902
855
903
856
904
857
905
858
906
859
907
860
908
861
909
862
910
863
911
864
912
865
913
866
914
867
915
868
916
869
917
870
918
871
919
872
920
873
921
874
922
875
923
876
924
877
925
878
926
879
927
880
928
881
929
882
930
883
931
884
932
885
933
886
934
887
935
888
936
889
937
890
938
891
939
892
940
893
941
894
942
895
943
896
944
897
945
898
946
899
947
900
948
901
949
950
5447
903
1866
904
1867
905
1868
906
1869
907
1870
908
1871
909
1872
910
1873
911
1874
912
1875
913
1876
914
1877
915
1878
916
1879
917
1880
918
1881
919
1882
920
1883
921
1884
922
1885
923
1886
924
1887
925
1888
926
1889
927
1890
928
1891
929
1892
930
1893
931
1894
932
1895
933
1896
934
1897
935
1898
936
1899
937
1900
938
1901
939
1902
940
1903
941
1904
942
1905
943
1906
944
1907
945
1908
946
1909
947
1910
948
1911
949
1912
950
1913
1914
5764
952
961
953
962
954
963
964
8733
956
974
957
975
958
976
959
977
960
978
961
979
962
980
963
981
964
982
983
6805
966
1014
967
1015
968
1016
969
1017
970
1018
971
1019
972
1020
973
1021
974
1022
975
1023
976
1024
977
1025
978
1026
979
1027
980
1028
981
1029
982
1030
983
1031
1032
7822
985
1033
986
1034
987
1035
988
1036
989
1037
990
1038
991
1039
992
1040
993
1041
994
1042
995
1043
996
1044
997
1045
998
1046
999
1047
1000
1048
1001
1049
1002
1050
1003
1051
1004
1052
1005
1053
1006
1054
1007
1055
1008
1056
1009
1057
1010
1058
1011
1059
1012
1060
1013
1061
1014
1062
1015
1063
1016
1064
1017
1065
1018
1066
1019
1067
1020
1068
1021
1069
1022
1070
1023
1071
1024
1072
1025
1073
1026
1074
1027
1075
1028
1076
1029
1077
1030
1078
1031
1079
1032
1080
1081
7487
1034
1082
1035
1083
1036
1084
1037
1085
1038
1086
1039
1087
1040
1088
1041
1089
1042
1090
1043
1091
1044
1092
1045
1093
1046
1094
1047
1095
1048
1096
1049
1097
1050
1098
1051
1099
1052
1100
1053
1101
1054
1102
1055
1103
1056
1104
1057
1105
1058
1106
1059
1107
1060
1108
1061
1109
1062
1110
1063
1111
1064
1112
1065
1113
1066
1114
1067
1115
1068
1116
1069
1117
1070
1118
1071
1119
1072
1120
1073
1121
1074
1122
1075
1123
1076
1124
1077
1125
1078
1126
1079
1127
1080
1128
1081
1129
1130
7699
1083
1131
1084
1132
1085
1133
1086
1134
1087
1135
1088
1136
1089
1137
1090
1138
1091
1139
1092
1140
1093
1141
1094
1142
1095
1143
1096
1144
1097
1145
1098
1146
1099
1147
1100
1148
1101
1149
1102
1150
1103
1151
1104
1152
1105
1153
1106
1154
1107
1155
1108
1156
1109
1157
1110
1158
1111
1159
1112
1160
1113
1161
1114
1162
1115
1163
1116
1164
1117
1165
1118
1166
1119
1167
1120
1168
1121
1169
1122
1170
1123
1171
1124
1172
1125
1173
1126
1174
1127
1175
1128
1176
1129
1177
1130
1178
1179
5510
1132
1180
1133
1181
1134
1182
1135
1183
1136
1184
1137
1185
1138
1186
1139
1187
1140
1188
1141
1189
1142
1190
1143
1191
1144
1192
1145
1193
1146
1194
1147
1195
1148
1196
1149
1197
1150
1198
1151
1199
1152
1200
1153
1201
1154
1202
1155
1203
1156
1204
1157
1205
1158
1206
1159
1207
1160
1208
1161
1209
1162
1210
1163
1211
1164
1212
1165
1213
1166
1214
1167
1215
1168
1216
1169
1217
1170
1218
1171
1219
1172
1220
1173
1221
1174
1222
1175
1223
1176
1224
1177
1225
1178
1226
1179
1227
1228
7173
1181
1229
1182
1230
1183
1231
1184
1232
1185
1233
1186
1234
1187
1235
1188
1236
1189
1237
1190
1238
1191
1239
1192
1240
1193
1241
1194
1242
1195
1243
1196
1244
1197
1245
1198
1246
1199
1247
1200
1248
1201
1249
1202
1250
1203
1251
1204
1252
1205
1253
1206
1254
1207
1255
1208
1256
1209
1257
1210
1258
1211
1259
1212
1260
1213
1261
1214
1262
1215
1263
1216
1264
1217
1265
1218
1266
1219
1267
1220
1268
1221
1269
1222
1270
1223
1271
1224
1272
1225
1273
1226
1274
1227
1275
1228
1276
1277
7358
1230
1278
1231
1279
1232
1280
1233
1281
1234
1282
1235
1283
1236
1284
1237
1285
1238
1286
1239
1287
1240
1288
1241
1289
1242
1290
1243
1291
1244
1292
1245
1293
1246
1294
1247
1295
1248
1296
1249
1297
1250
1298
1251
1299
1252
1300
1253
1301
1254
1302
1255
1303
1256
1304
1257
1305
1258
1306
1259
1307
1260
1308
1261
1309
1262
1310
1263
1311
1264
1312
1265
1313
1266
1314
1267
1315
1268
1316
1269
1317
1270
1318
1271
1319
1272
1320
1273
1321
1274
1322
1275
1323
1276
1324
1277
1325
1326
9013
1279
1327
1280
1328
1281
1329
1282
1330
1283
1331
1284
1332
1285
1333
1286
1334
1287
1335
1288
1336
1289
1337
1290
1338
1291
1339
1292
1340
1293
1341
1294
1342
1295
1343
1296
1344
1297
1345
1298
1346
1299
1347
1300
1348
1301
1349
1302
1350
1303
1351
1304
1352
1305
1353
1306
1354
1307
1355
1308
1356
1309
1357
1310
1358
1311
1359
1312
1360
1313
1361
1314
1362
1315
1363
1316
1364
1317
1365
1318
1366
1319
1367
1320
1368
1321
1369
1322
1370
1323
1371
1324
1372
1325
1373
1326
1374
1375
6632
1328
1376
1329
1377
1330
1378
1331
1379
1332
1380
1333
1381
1334
1382
1335
1383
1336
1384
1337
1385
1338
1386
1339
1387
1340
1388
1341
1389
1342
1390
1343
1391
1344
1392
1345
1393
1346
1394
1347
1395
1348
1396
1349
1397
1350
1398
1351
1399
1352
1400
1353
1401
1354
1402
1355
1403
1356
1404
1357
1405
1358
1406
1359
1407
1360
1408
1361
1409
1362
1410
1363
1411
1364
1412
1365
1413
1366
1414
1367
1415
1368
1416
1369
1417
1370
1418
1371
1419
1372
1420
1373
1421
1374
1422
1375
1423
1424
9240
1377
1425
1378
1426
1379
1427
1380
1428
1381
1429
1382
1430
1383
1431
1384
1432
1385
1433
1386
1434
1387
1435
1388
1436
1389
1437
1390
1438
1391
1439
1392
1440
1393
1441
1394
1442
1395
1443
1396
1444
1397
1445
1398
1446
1399
1447
1400
1448
1401
1449
1402
1450
1403
1451
1404
1452
1405
1453
1406
1454
1407
1455
1408
1456
1409
1457
1410
1458
1411
1459
1412
1460
1413
1461
1414
1462
1415
1463
1416
1464
1417
1465
1418
1466
1419
1467
1420
1468
1421
1469
1422
1470
1423
1471
1424
1472
1473
5783
1426
1474
1427
1475
1428
1476
1429
1477
1430
1478
1431
1479
1432
1480
1433
1481
1434
1482
1435
1483
1436
1484
1437
1485
1438
1486
1439
1487
1440
1488
1441
1489
1442
1490
1443
1491
1444
1492
1445
1493
1446
1494
1447
1495
1448
1496
1449
1497
1450
1498
1451
1499
1452
1500
1453
1501
1454
1502
1455
1503
1456
1504
1457
1505
1458
1506
1459
1507
1460
1508
1461
1509
1462
1510
1463
1511
1464
1512
1465
1513
1466
1514
1467
1515
1468
1516
1469
1517
1470
1518
1471
1519
1472
1520
1473
1521
1522
8554
1475
1523
1476
1524
1477
1525
1478
1526
1479
1527
1480
1528
1481
1529
1482
1530
1483
1531
1484
1532
1485
1533
1486
1534
1487
1535
1488
1536
1489
1537
1490
1538
1491
1539
1492
1540
1493
1541
1494
1542
1495
1543
1496
1544
1497
1545
1498
1546
1499
1547
1500
1548
1501
1549
1502
1550
1503
1551
1504
1552
1505
1553
1506
1554
1507
1555
1508
1556
1509
1557
1510
1558
1511
1559
1512
1560
1513
1561
1514
1562
1515
1563
1516
1564
1517
1565
1518
1566
1519
1567
1520
1568
1521
1569
1522
1570
1571
7216
1524
1572
1525
1573
1526
1574
1527
1575
1528
1576
1529
1577
1530
1578
1531
1579
1532
1580
1533
1581
1534
1582
1535
1583
1536
1584
1537
1585
1538
1586
1539
1587
1540
1588
1541
1589
1542
1590
1543
1591
1544
1592
1545
1593
1546
1594
1547
1595
1548
1596
1549
1597
1550
1598
1551
1599
1552
1600
1553
1601
1554
1602
1555
1603
1556
1604
1557
1605
1558
1606
1559
1607
1560
1608
1561
1609
1562
1610
1563
1611
1564
1612
1565
1613
1566
1614
1567
1615
1568
1616
1569
1617
1570
1618
1571
1619
1620
7737
1573
1621
1574
1622
1575
1623
1576
1624
1577
1625
1578
1626
1579
1627
1580
1628
1581
1629
1582
1630
1583
1631
1584
1632
1585
1633
1586
1634
1587
1635
1588
1636
1589
1637
1590
1638
1591
1639
1592
1640
1593
1641
1594
1642
1595
1643
1596
1644
1597
1645
1598
1646
1599
1647
1600
1648
1601
1649
1602
1650
1603
1651
1604
1652
1605
1653
1606
1654
1607
1655
1608
1656
1609
1657
1610
1658
1611
1659
1612
1660
1613
1661
1614
1662
1615
1663
1616
1664
1617
1665
1618
1666
1619
1667
1620
1668
1669
6327
1622
1670
1623
1671
1624
1672
1625
1673
1626
1674
1627
1675
1628
1676
1629
1677
1630
1678
1631
1679
1632
1680
1633
1681
1634
1682
1635
1683
1636
1684
1637
1685
1638
1686
1639
1687
1640
1688
1641
1689
1642
1690
1643
1691
1644
1692
1645
1693
1646
1694
1647
1695
1648
1696
1649
1697
1650
1698
1651
1699
1652
1700
1653
1701
1654
1702
1655
1703
1656
1704
1657
1705
1658
1706
1659
1707
1660
1708
1661
1709
1662
1710
1663
1711
1664
1712
1665
1713
1666
1714
1667
1715
1668
1716
1669
1717
1718
8950
1671
1719
1672
1720
1673
1721
1674
1722
1675
1723
1676
1724
1677
1725
1678
1726
1679
1727
1680
1728
1681
1729
1682
1730
1683
1731
1684
1732
1685
1733
1686
1734
1687
1735
1688
1736
1689
1737
1690
1738
1691
1739
1692
1740
1693
1741
1694
1742
1695
1743
1696
1744
1697
1745
1698
1746
1699
1747
1700
1748
1701
1749
1702
1750
1703
1751
1704
1752
1705
1753
1706
1754
1707
1755
1708
1756
1709
1757
1710
1758
1711
1759
1712
1760
1713
1761
1714
1762
1715
1763
1716
1764
1717
1765
1718
1766
1767
6147
1720
1768
1721
1769
1722
1770
1723
1771
1724
1772
1725
1773
1726
1774
1727
1775
1728
1776
1729
1777
1730
1778
1731
1779
1732
1780
1733
1781
1734
1782
1735
1783
1736
1784
1737
1785
1738
1786
1739
1787
1740
1788
1741
1789
1742
1790
1743
1791
1744
1792
1745
1793
1746
1794
1747
1795
1748
1796
1749
1797
1750
1798
1751
1799
1752
1800
1753
1801
1754
1802
1755
1803
1756
1804
1757
1805
1758
1806
1759
1807
1760
1808
1761
1809
1762
1810
1763
1811
1764
1812
1765
1813
1766
1814
1767
1815
1816
8168
1769
1817
1770
1818
1771
1819
1772
1820
1773
1821
1774
1822
1775
1823
1776
1824
1777
1825
1778
1826
1779
1827
1780
1828
1781
1829
1782
1830
1783
1831
1784
1832
1785
1833
1786
1834
1787
1835
1788
1836
1789
1837
1790
1838
1791
1839
1792
1840
1793
1841
1794
1842
1795
1843
1796
1844
1797
1845
1798
1846
1799
1847
1800
1848
1801
1849
1802
1850
1803
1851
1804
1852
1805
1853
1806
1854
1807
1855
1808
1856
1809
1857
1810
1858
1811
1859
1812
1860
1813
1861
1814
1862
1815
1863
1816
1864
1865
6882
1818
1866
1819
1867
1820
1868
1821
1869
1822
1870
1823
1871
1824
1872
1825
1873
1826
1874
1827
1875
1828
1876
1829
1877
1830
1878
1831
1879
1832
1880
1833
1881
1834
1882
1835
1883
1836
1884
1837
1885
1838
1886
1839
1887
1840
1888
1841
1889
1842
1890
1843
1891
1844
1892
1845
1893
1846
1894
1847
1895
1848
1896
1849
1897
1850
1898
1851
1899
1852
1900
1853
1901
1854
1902
1855
1903
1856
1904
1857
1905
1858
1906
1859
1907
1860
1908
1861
1909
1862
1910
1863
1911
1864
1912
1865
1913
1914
6123
1867
1868
1869
1870
1871
1872
1873
1874
1875
1876
1877
1878
1879
1880
1881
1882
1883
1884
1885
1886
1887
1888
1889
1890
1891
1892
1893
1894
1895
1896
1897
1898
1899
1900
1901
1902
1903
1904
1905
1906
1907
1908
1909
1910
1911
1912
1913
1914
8590
1916
6106
1917
6874
1918
8156
1919
6136
1920
8936
1921
6313
1922
7728
7201
1924
1925
1926
1947
1926
1927
1928
1949
1928
1929
1930
1951
1930
1932
1933
1953
1932
1934
1933
1935
1936
1956
1935
1937
1936
1938
1939
1959
1938
1940
1939
1941
1942
1962
1941
1943
1942
1944
1945
1965
1944
5675
1945
7394
1968
5972
1947
1948
1949
1949
1950
1951
1951
1952
1953
1953
1955
1956
1955
1957
1956
1958
1959
1958
1960
1959
1961
1962
1961
1963
1962
1964
1965
1964
1966
1965
1967
1968
1967
8470
1968
8597
7930
1972
2626
4822
1971
2394
4265
2774
2990
2264
4574
1974
3256
4308
2495
2698
1981
2893
3607
1994
2963
3285
2003
2321
4664
1979
3147
4617
2166
4685
3104
3215
2063
4772
2006
3114
3873
2031
2529
2665
2005
4174
4460
2023
3843
4344
1995
2648
3282
1992
3073
3215
2017
3227
3527
2052
2359
2404
2536
2629
2748
3064
2202
4440
2028
2260
4462
2099
4458
3254
3507
2096
2862
4392
2035
2065
2792
2133
2742
3936
2040
2468
4427
2059
3641
4584
2466
2618
3331
2104
3074
2235
4837
2127
2811
3117
3000
4438
2057
4062
2009
2879
3091
2061
2611
4275
2318
2775
2205
2525
3569
2021
3488
4632
2020
3491
3738
2120
2853
3324
2227
2279
3560
2024
3023
3770
2179
2999
3421
2392
3033
2201
2548
3558
2025
2209
4128
2809
4671
2126
3532
2149
2993
3524
2252
4434
2724
2875
3596
4831
2164
2856
4753
2163
2417
2634
2453
4186
2086
2458
3052
2143
2230
4507
2672
3921
2323
3446
4121
2080
2272
4463
2064
2347
3831
2037
3704
2050
2070
2796
3431
3746
2039
2359
2689
3402
3836
2269
3054
4305
2532
2583
2047
3183
3476
2057
2639
3636
2222
2674
2920
2287
3053
3110
2563
3723
2118
2407
4408
2282
2424
3820
2169
2480
2082
2160
2250
2325
3245
2608
3795
2275
2522
2176
2286
4246
2345
2698
2913
3701
2188
2389
3630
2294
3094
2109
2704
4051
2164
2239
2182
2435
2890
2357
4112
2893
3607
2699
3951
2122
2296
2640
2233
3349
2155
2339
3654
2288
3569
2368
2378
2076
2078
3197
2078
3499
3788
2132
2592
2756
2467
2523
2267
3202
4371
3432
4749
2187
2588
3674
3049
2241
2570
3310
2351
2741
2424
3086
3101
2261
4677
2170
2373
3693
2352
2427
2730
2172
2838
2789
3033
2124
2390
3314
2456
2633
4509
2097
2822
3696
2189
2553
4074
2322
2663
3658
2183
2409
2718
2107
2524
4314
2329
2581
4378
2537
2674
2680
2159
3242
2945
4284
2165
2434
3191
3181
3383
2139
2237
2138
3436
3570
2129
3839
4425
2151
2322
3210
2705
4327
2186
2552
4000
2276
3234
4082
2250
3939
2150
2410
3367
3841
2168
2370
4492
2244
2604
2851
2167
2541
4256
2422
2821
3026
2436
2535
2849
2140
2384
3996
2291
2321
2945
2306
2571
3535
2998
4485
2130
2720
4845
3317
3833
2181
2223
4464
2137
3842
2279
2585
4414
2333
4120
2136
3562
3771
3067
4142
2639
3649
2344
3824
4176
2951
3665
2900
3802
2240
2767
3138
2709
4532
2831
4100
2265
2936
2147
3481
4588
2475
4098
4157
4362
3178
4130
2923
3660
3250
2351
3137
4193
2569
2916
2985
2439
4582
2159
3541
3689
2254
2926
3102
2590
2616
2729
2248
4832
2262
2617
2302
4389
3405
3415
4353
2190
2875
4508
2327
2638
2922
2192
2947
4595
4394
4431
2203
3048
4363
2446
2726
3470
2198
3232
3945
3753
2694
2807
2274
2630
4759
2753
2764
3471
2565
3469
3376
2986
4722
2973
3136
2747
4675
3409
4587
2218
4187
2795
2799
2174
2658
2759
3708
2221
3435
3642
2258
4216
2228
2838
4406
3719
4099
2237
2544
3411
2218
2534
3712
2785
3339
2308
2498
2659
2998
4453
3321
3722
2285
2805
3684
3787
2206
3311
3846
2805
3265
2872
3694
2752
4576
3394
3641
2857
3354
2216
3375
4832
3065
4290
2360
3561
4255
2402
2435
3702
2348
2662
4041
2245
2939
4031
2527
3163
3940
4115
4303
2227
2342
2597
2289
2302
4331
2816
4041
2375
3735
2788
3249
2349
2427
4330
2589
3294
2242
2305
3113
2438
2977
3748
2450
3727
2374
2675
2971
2387
2492
3085
2231
2896
3432
2255
2497
4035
2316
3029
3542
2479
2496
2582
3445
4795
2442
3040
3602
2543
2380
3219
3407
2534
3925
3671
3769
2730
3834
2280
2478
2544
2864
3725
2410
2836
2904
2500
2575
3263
2281
3862
4556
2437
2868
3298
2839
2966
2453
2622
2257
2347
4310
3336
3417
2750
2882
3638
2383
2682
2290
2725
4179
2277
3123
4010
2477
4046
2281
2342
3216
3813
2320
3718
2278
2426
3966
3821
3934
2277
2803
2601
2664
2758
2364
2455
4403
2337
3375
2506
2507
2574
3809
2307
2678
4638
3872
4002
2505
2592
3061
3431
3588
3331
4480
2281
2313
3962
3482
3832
3273
2733
2931
3018
2896
3157
2948
3816
2462
4347
2352
3421
3834
3125
4381
2528
2884
4625
3885
4281
2508
2529
4289
2489
2881
2310
3270
3846
2306
4043
4540
2881
4684
2401
3036
3707
3187
2416
3996
2768
3730
3870
2367
3850
2489
3835
4375
3185
4227
2356
2444
4219
2303
2461
4014
2540
3489
2862
3768
3812
3980
2488
2296
2328
3321
3943
2502
3168
2371
3410
4600
2408
2746
4139
2943
3418
2545
2751
4175
2460
3843
4144
2300
2335
3105
2396
2440
2465
2746
2907
2459
3906
4708
2824
3500
4018
2428
3145
3775
3888
3895
3713
2425
4780
2899
3744
2439
2521
3733
2324
2900
2386
2520
4589
2399
3038
4615
2411
2833
2516
2874
3288
2478
2546
3610
2452
2579
2366
3149
3294
2501
2776
2760
2784
3058
2942
3597
3007
4227
4479
2374
4393
2745
3260
2391
2909
3047
2806
3777
2464
2925
3955
4431
2547
2567
3226
2395
3003
3249
2557
2593
3478
3248
4733
2491
3020
3656
2509
3756
2434
2991
3372
3800
4556
2504
2513
4765
4348
4592
2362
2711
4447
2448
2931
2944
3359
2697
3166
4575
2777
3789
2354
2722
2398
2486
4579
3069
2391
3514
2369
2619
3038
4117
2835
2661
2492
2607
3232
3111
4169
2390
2433
3556
3048
3060
3218
4589
3140
3309
3413
3672
2709
4358
2452
3382
3568
2851
4805
2432
2700
4505
3386
4659
2425
3264
4230
2387
2688
2706
2840
2488
2950
2654
2765
2423
4554
3187
4743
2645
3176
4449
2530
4755
3949
3474
3880
2429
3580
3984
2558
2719
4563
3344
3679
2682
2717
2967
3342
3671
2676
2707
4600
2543
2555
4187
3072
3661
2416
2908
2515
2898
4049
2831
4218
2473
2457
2729
3613
4208
4308
3667
4366
4127
4732
2687
2912
4512
2608
3801
2737
3024
2486
4533
2405
3109
3749
2716
2830
4386
4497
2480
2926
4142
2848
3608
2636
3606
2404
2518
2565
3366
3118
3431
2493
2537
2960
2639
3506
3013
4039
3243
4184
3525
3560
2683
2813
3406
2469
3143
4090
2723
3965
4526
2604
2612
3857
2620
2535
2577
3175
3105
2551
2579
3582
2539
2621
3784
2524
3353
2471
4703
2568
3141
3279
3745
2994
3919
3252
4197
2608
3822
2501
2554
4032
2483
2899
2692
3506
3151
4056
4335
4599
4041
4532
3778
3655
2566
3553
2580
2810
4103
3502
3904
2498
2689
4623
2859
3490
2503
2940
3121
2697
4459
2581
2823
3323
3398
4073
2479
3141
3910
4291
4820
2514
3676
4196
3582
4437
2533
2753
4032
2531
4770
2847
3346
2906
4069
4477
4732
3307
3616
3120
3522
2594
2713
2527
3498
2464
2640
3083
4018
2996
4635
3103
4088
2729
3070
3826
4552
3817
4275
2605
3340
3491
3997
4570
2644
2946
3477
2636
4136
2559
2895
4424
3876
2526
2796
4843
2676
3526
4493
4211
3344
2928
3315
4318
2802
2903
4842
2519
3744
2744
2777
4691
2497
2723
3262
2747
2695
2970
3558
4017
2597
2637
3983
4082
3538
4096
3149
2506
2691
2660
2850
3688
2722
2870
2549
4124
2618
2754
3079
3108
2578
4793
4154
2682
4549
3447
3659
3234
3784
3364
3440
2837
2826
4602
2762
4084
2968
4762
2631
3764
3998
2770
2834
3000
2727
3057
3870
2949
4722
3533
3891
2633
3844
2839
3443
2706
2885
3085
2817
4021
3275
4057
2782
4112
2790
3014
3245
3255
2906
3139
2948
3843
4434
2950
4370
4081
4822
4518
3238
4116
3664
4491
2974
3144
3557
4154
3564
3723
3584
4788
3236
2692
2865
3400
2696
2949
3293
4059
2678
4499
2643
4359
4563
3894
2766
2794
2958
3287
3060
4089
2662
3378
3253
4598
2635
3293
3489
3088
3190
2883
3211
3041
4730
3460
3544
3488
4604
2825
3120
3365
3393
4048
2676
3526
3819
4266
2653
3178
4113
2624
2684
3159
2634
3859
4619
2577
3415
2668
3188
3769
3044
3032
4569
2843
2859
2572
3192
3904
3980
2866
4124
2627
4293
3654
4654
2734
2807
3160
2615
2714
2703
3254
2979
3186
3484
3859
3045
3512
2606
3519
3830
3691
3750
4132
3791
4415
2702
3657
4006
4305
4479
3158
3440
2642
3417
3473
3505
3690
2688
3196
2629
3152
2793
4003
4108
3561
2761
3799
2763
3495
2599
2748
3581
2670
2799
3724
2679
2681
3377
4115
3266
3646
2683
3466
4022
2768
3316
2769
2997
4844
2628
2814
3935
3890
3301
3476
3790
4012
2681
2885
2731
3792
4285
3034
3512
4799
2711
3967
2774
2961
4048
2924
3094
4412
4629
4656
3566
4705
4433
2976
3237
4646
4185
4544
3142
3709
2632
4201
2679
3017
4583
3342
3705
2779
3337
4277
3099
4081
2818
3289
2842
4622
4354
2658
4216
3380
4396
2793
4627
3956
3044
3205
4143
4564
3699
4252
2739
3620
4104
2716
3614
4733
3364
4606
3410
4007
3318
3510
2882
3262
2665
3259
3896
2783
3379
4312
3213
4622
2652
3219
3752
2914
3215
2820
3171
4504
3667
4120
3905
4419
3035
2658
2731
3959
3181
3576
4102
2781
2827
3110
3235
3673
3201
3213
2844
3397
4737
2708
4387
3414
3938
2762
2785
3853
4377
2738
3001
3545
3621
4577
2740
2777
2923
3230
3690
2952
3195
4009
2995
3112
2840
3069
3832
4023
3294
3846
2915
3240
3855
3794
4237
3225
3686
3917
4333
2734
3233
2917
2979
2902
3578
3922
4317
4519
3090
2745
2822
2962
3434
2933
4602
4408
2786
3617
3889
2780
3160
3132
3699
3355
3954
4188
3533
2829
4136
3721
4678
2721
3937
4460
3465
4720
2880
3385
3670
4196
2827
3923
4165
3792
4743
2732
3169
2868
2812
2912
2937
4696
2828
2901
4352
3884
4717
2797
3799
2895
4803
4810
3435
2814
3661
4037
4296
3466
4359
2802
3508
3879
4190
3468
3176
2857
2879
2815
3505
2832
4040
2855
4390
2736
3074
3423
3302
4759
3210
4432
3839
4012
3006
3251
3300
4304
3545
4467
3004
4089
3040
3122
3817
3911
3411
4530
3806
4100
2898
4218
3077
3292
3467
4477
4695
4610
3728
3837
4705
2934
2955
4001
3179
3845
3169
3991
3256
3490
3403
2809
4178
2795
3539
4755
2757
3931
3247
3357
3142
3730
4478
4852
4038
4271
2797
2961
2789
4110
4779
3082
3782
2994
3174
2989
3055
3634
3983
2810
4821
2815
4438
2901
3587
4410
2813
3154
3276
2845
3313
4605
3686
4291
4418
2887
3457
2982
3767
4172
3939
4314
2908
4681
3633
4109
3808
3927
3080
4411
3831
4728
3547
3816
4677
2824
3193
4471
3640
3926
4249
3153
3948
2800
2947
3590
3090
3350
2897
3822
3056
3712
2837
2909
3319
3815
3092
3653
4290
3075
3389
3916
4413
3057
4501
2819
2878
3707
3243
3037
3600
3809
2918
3372
4828
3673
4586
3133
3829
3416
4036
4435
4220
2872
3931
4532
2873
3469
3680
3713
2848
3803
3972
4527
3287
4683
3007
4257
4287
3096
2955
3663
3173
4702
3423
3082
4128
4490
4564
2996
3642
3078
2930
4329
2981
3946
3943
4315
3127
4463
2952
3631
2960
3084
3014
4070
3016
3155
4093
2967
3451
3002
4736
2994
3134
3210
4199
3059
3422
4006
3081
4679
3382
3469
4131
3869
4126
3944
2883
2987
3808
2857
3091
2886
3098
4598
3052
4249
3523
4796
2904
3183
3195
4576
3039
3665
4020
3231
3320
4374
3261
2871
3765
4052
3485
4738
3667
3752
3430
4132
3018
3168
4549
3448
3071
4137
4390
2953
3868
4228
4709
4373
3771
4247
2964
2966
3062
2963
4670
4835
2889
3136
4800
2953
4328
3675
4210
4791
3017
3042
4301
3497
4257
3966
3813
4124
3460
4429
3087
3694
3761
3481
4774
3164
3742
3062
3157
4382
2896
3197
3300
3058
3177
3304
3681
3763
3203
3369
3578
3645
3828
3424
3598
4279
3548
4844
3415
3044
3366
4400
4388
2957
4567
4500
4217
3246
4034
4456
3072
3211
4837
2954
2941
3891
3880
4135
3020
3745
3040
3545
3326
3986
4295
4658
2935
4148
4283
3229
3958
3658
3957
3011
3096
3824
2943
4642
3037
3096
3067
2941
3111
3387
3228
2942
3025
3816
3166
4457
4306
3022
4377
4608
3441
3853
3221
3486
3756
4067
4451
3191
4566
2959
3841
4145
3012
4498
2984
4787
4494
4080
3455
2945
3168
3494
4096
3465
3025
4321
3814
3887
4481
4008
3151
4295
3116
3515
3840
2973
3013
4662
4698
3484
4550
3225
3225
4343
4690
3570
3131
4270
3026
3286
4250
4746
3115
3165
3098
3837
4499
3274
3378
3945
4299
3190
3475
4012
3651
3427
4420
3155
3257
3737
3170
3509
3743
4768
3023
4222
4398
4597
3269
4072
4259
3268
4574
3793
4108
3333
3587
3938
3147
3605
3110
3423
3463
4321
3243
4063
3030
3360
3478
3801
4265
3229
3795
3184
3283
3202
3531
3998
3032
4331
3896
4252
3621
3548
4546
3636
3236
4023
3696
3043
4467
3284
4687
3741
4224
3741
3901
3123
3982
4710
3148
3717
4470
3071
3269
3370
3200
3542
3803
3113
3353
4683
3193
3711
3485
4294
4685
3731
3056
3067
3588
3063
3541
4395
4425
3143
3877
4025
4754
3099
3100
4085
4191
4708
3827
3048
3060
3718
4314
3088
4225
4751
3322
3766
4839
3068
4763
3065
3313
3146
4313
4727
4757
3259
3105
3189
3150
3199
3182
3583
4018
3838
3814
3856
3310
3430
3170
3453
3987
4475
3312
3540
3051
4569
4757
4439
4486
3152
3798
3267
3346
4297
3576
4624
3747
3297
3633
4245
4684
3393
3991
3092
3747
3960
3374
4444
3357
4606
3875
3267
3689
3266
4172
4004
3114
3975
4346
3401
3790
3850
3566
3241
4000
3104
3973
3861
3864
4789
3107
3828
4311
3492
4182
3348
3927
3373
4360
3095
4558
3844
3903
3177
4014
4430
3549
3606
3161
3396
4244
4807
3419
3347
3380
4109
4136
3457
3532
3094
3246
4506
3209
4190
3282
3814
4106
4573
3126
4452
3118
4409
3644
4850
3296
3301
3345
3802
3833
3775
4337
3116
3305
4727
3316
3983
4786
4560
3887
4613
3365
3506
4118
3591
3226
3284
3459
4744
3172
4771
3290
3456
4031
3156
4122
4258
3268
3604
3242
3420
4383
4542
3623
4028
3335
3336
3907
3266
3374
4443
3212
3288
3444
4082
3271
4276
3174
3281
3303
3367
4495
4711
3348
4100
3228
3501
3635
4596
3253
3384
3911
3529
3352
4657
4411
4558
4800
4374
4645
4299
3429
3464
3191
3613
3595
4226
4007
4333
4715
3258
4789
3300
3561
3964
3194
3219
4645
3358
3948
3167
4039
4685
3880
4347
3238
4179
4782
4167
4538
4617
4133
3262
4665
4735
3487
4647
3203
3554
3464
3425
4077
4694
3424
3296
3735
4487
3384
3414
4410
4747
3774
3823
3340
3280
4853
3192
4181
3258
4537
3805
4801
4182
4567
4020
3525
4766
3233
3337
4614
3350
3994
4050
3406
3884
4110
3452
4385
4763
3254
3385
4396
4590
3227
3399
3438
3426
4095
3543
3743
3928
3722
3832
4056
3241
4107
4289
3567
3879
4758
3308
4099
4631
3361
4320
4430
3223
3882
3377
3404
4361
3334
3898
3331
3449
4281
3305
4114
3609
4078
3678
4389
3319
3531
3543
3356
3517
3359
3686
3277
3674
3275
3717
4299
3392
3444
3285
3645
3853
4497
4591
3535
4143
4280
3598
4243
3450
3974
3381
3546
4101
4543
3306
4005
3614
3854
3899
3889
4681
3804
3875
3314
3854
3794
3260
4544
3868
3261
3768
3684
3517
3797
3541
3507
3585
4016
4806
3489
4336
3706
3962
3804
3311
3508
3309
4795
3329
3394
4091
3698
3739
3416
4019
4505
4813
3754
4455
3550
3763
4667
3855
4713
3308
4270
3830
3942
3451
3463
3719
3389
4835
3295
4503
3295
3513
3953
3322
3602
3363
3471
3559
3461
4628
4043
4493
4075
4371
4396
3514
4523
3519
4234
4260
3436
3893
4330
3670
4052
3471
3494
4029
3438
3627
3433
4804
3719
4697
4639
3439
3585
4725
4307
4134
3386
4195
3530
3457
4311
4221
4663
4486
3797
4544
4404
4797
3354
3755
3497
4085
4386
3929
3490
3677
4239
3430
4653
3388
3821
3944
3424
4147
4510
4352
4547
3598
4721
3660
3824
3752
3584
4840
4764
4830
4614
3619
4080
4661
3371
3438
4171
4409
3479
3886
4637
3840
4368
4238
3364
3504
3746
3565
3979
4590
3408
3963
3718
4748
3395
4541
3941
4688
3627
3654
4394
4237
3799
4004
3495
4445
3554
3914
4702
3494
3538
3572
4550
3607
3850
4713
3979
4627
3599
4013
3503
3699
4853
3579
4078
4346
3526
3762
3656
3603
4385
4704
3633
4232
4260
3542
3648
4801
4516
3758
4158
3729
4825
3878
4233
4524
3521
3914
4269
3547
4101
4764
3809
3939
4401
4584
3428
3737
3443
3731
3421
3496
3879
4473
3627
3874
4277
4726
3567
4473
3672
3687
3559
4235
3538
3559
3615
3859
4140
3435
4750
4162
4428
3740
4611
3520
3510
3700
4557
3829
3984
3587
4745
3907
3537
4241
3593
4020
3753
3820
3609
3657
3708
3873
3688
4280
4229
4489
3768
4246
3632
4568
4173
4714
4731
4170
4315
3969
3698
4263
4293
3994
4114
3504
3565
4377
3616
4042
4101
4452
4019
4276
4560
3689
3706
3930
4379
4309
4523
3849
4236
3599
4200
3887
3632
3845
4380
3480
4027
4373
3551
4740
3766
3987
3683
4323
4608
3864
3990
3949
3528
4163
4261
3772
4476
4028
3726
3472
4240
3913
4312
3947
4168
3697
3807
3527
3612
3940
4487
3665
3839
3886
3681
3703
4401
3511
3637
4460
4511
3697
4618
4666
3579
3977
3643
3520
3650
4413
4016
4379
4053
3969
3573
3860
4848
4014
3851
4830
3933
4565
4571
4710
4826
3600
4781
3725
4339
4548
4633
3558
4005
3601
4106
4288
4212
4785
4672
3967
4075
4090
3974
4392
4439
3923
4327
3629
3668
3926
3863
3592
4097
4775
4821
4673
3909
4720
3569
3902
3600
3777
3553
3678
4834
3874
3750
4211
3748
4441
3796
3921
3815
4601
4308
3682
4268
4557
4263
4267
4575
3773
3786
3704
3951
4025
4090
3998
4303
4454
4119
4660
4191
3650
3552
3826
4646
4706
4751
4406
4628
4593
4003
3586
3852
4611
4118
4134
3727
3782
4181
3563
4247
3890
3934
3881
3894
4608
4248
4704
3571
3608
4474
3574
4316
3591
4761
4030
4214
4642
4650
3626
3706
4637
3842
3695
4205
4694
4776
3932
3635
4638
4580
4316
3640
4223
4215
4427
4741
3704
3713
4274
4630
4028
4391
3638
4692
3978
4643
3733
3952
4370
3662
3733
4352
4513
3619
4422
4222
3693
4116
4206
4036
4737
3634
4559
4790
4165
4648
4282
3628
4375
3737
3954
4665
3789
4176
3788
4579
4619
4191
4080
3755
4177
4714
4338
3711
4141
3642
3630
4687
4736
3657
4282
3759
4261
4482
3779
3941
4129
3988
4245
4682
3871
4536
4047
4649
3872
3962
4780
4372
3857
4335
4449
3778
3840
3668
3773
3986
4155
4603
4785
3648
4078
3678
3813
4573
3805
3701
4276
4001
3652
4567
4182
4240
4773
3952
4562
3811
4150
4790
4094
4202
4254
3993
4033
3783
4274
3724
3754
4570
3774
3770
3804
4013
3676
4678
4760
3761
3827
4291
3765
3868
4328
3780
4017
4778
4510
3956
4672
4186
4708
4597
3691
4572
3715
4071
4125
3693
4693
3786
3911
4141
4027
4449
4692
4315
4711
4852
3703
4468
4560
3742
4564
4723
3717
4483
4514
3862
3972
4417
3810
3892
4077
4264
4756
3758
3959
4210
3866
4481
3946
4356
4376
3793
4443
4444
3769
3805
4666
4065
4601
3762
4644
4418
3756
4399
4700
4769
3784
3948
4031
4069
4334
3871
4214
4326
4097
3808
3960
4271
4009
4614
3953
3852
4111
3757
4591
3764
4623
3811
3749
3912
4029
3847
3890
4131
4599
4121
3995
4345
4194
4531
3869
3847
4091
3785
3841
3916
4455
4796
4117
4368
3848
3932
4354
4701
3875
4207
4246
4541
4026
4034
3881
3883
3925
4442
4368
3901
4039
4391
4761
3838
4578
4810
4128
3918
4158
4047
4524
3877
4258
4782
3982
4127
4306
4064
4058
3999
4469
3958
3938
4450
4057
4354
4749
3807
4406
3822
3961
4008
3903
3936
4628
3835
4453
3917
4035
4502
4213
4442
3865
4647
4676
4667
4827
4121
4719
4456
4648
3920
4160
4686
4820
4393
3989
3851
4310
4345
4023
3858
3866
4178
4533
4495
4651
3936
4138
4653
3891
4448
4088
4658
4234
3881
4585
3898
3915
3978
4599
4357
3976
4150
4159
3975
3896
4171
4122
4620
4771
4180
4266
4492
4594
4734
4137
4261
3924
3975
4606
3897
4669
3920
3950
4140
4060
4639
4427
4815
4022
4024
4213
4065
3929
4340
3958
4652
4111
4381
4422
4707
4772
3926
4326
4055
4200
4816
4538
4017
4744
4561
4526
4075
4092
4186
4521
4176
3992
4153
4262
4006
4251
3930
4230
4477
4752
4008
4385
4534
4106
4215
4145
3966
4778
4162
4241
4286
4218
4721
4109
4156
4063
4015
4768
4381
3976
4005
4484
4257
4669
4095
4125
4073
4174
3952
4089
4103
4476
3981
4292
4454
4834
4555
4692
4454
4402
4435
4699
4293
3972
4287
4348
4083
4387
4478
4112
4079
4846
4167
4325
4255
3980
4035
4696
4068
4268
4735
4670
4105
4707
4040
4168
4206
4011
4242
4452
4847
3987
4423
4522
4323
4170
4404
4069
3989
4002
4103
4161
4386
4305
4479
4066
4148
4634
4432
4340
4001
4546
4029
3997
4300
4539
4003
4534
4166
4568
4656
4180
4072
4231
4369
4824
4222
4272
4420
4612
4765
4192
4788
4644
4236
4407
4686
4074
4141
4204
4224
4326
4235
4144
4616
4536
4512
4059
4350
4054
4758
4797
4119
4731
4143
4270
4603
4854
4149
4204
4313
4058
4799
4051
4265
4083
4776
4304
4826
4208
4578
4076
4703
4674
4837
4289
4581
4070
4610
4767
4540
4471
4766
4192
4840
4077
4372
4238
4358
4397
4335
4118
4134
4258
4762
4093
4715
4165
4649
4137
4284
4264
4570
4632
4123
4345
4085
4712
4107
4249
4091
4506
4543
4245
4561
4679
4828
4421
4696
4297
4166
4220
4342
4466
4440
4207
4392
4157
4458
4430
4446
4233
4402
4390
4201
4529
4604
4130
4362
4288
4361
4179
4810
4298
4750
4148
4298
4436
4631
4280
4607
4691
4139
4688
4146
4247
4653
4387
4347
4562
4582
4399
4292
4187
4344
4537
4157
4474
4253
4410
4511
4558
4152
4330
4652
4194
4792
4698
4809
4418
4550
4615
4355
4195
4465
4467
4522
4636
4586
4802
4214
4848
4319
4322
4360
4336
4777
4205
4312
4411
4618
4252
4443
4201
4701
4284
4331
4651
4298
4731
4180
4414
4213
4407
4519
4193
4238
4374
4500
4267
4369
4353
4773
4511
4207
4296
4224
4208
4256
4585
4262
4682
4401
4432
4398
4226
4365
4365
4378
4571
4244
4633
4633
4402
4813
4285
4847
4380
4507
4640
4366
4519
4239
4363
4342
4349
4466
4363
4514
4316
4706
4394
4414
4424
4803
4272
4439
4379
4405
4710
4332
4764
4626
4332
4351
4515
4318
4641
4711
4740
4267
4349
4754
4553
4580
4277
4726
4444
4534
4367
4516
4370
4571
4397
4638
4304
4405
4426
4607
4680
4812
4509
4629
4716
4301
4486
4366
4512
4737
4778
4753
4348
4376
4545
4349
4833
4480
4399
4634
4767
4450
4518
4625
4413
4307
4529
4334
4738
4488
4383
4509
4455
4535
4758
4364
4783
4812
4351
4473
4794
4358
4415
4341
4429
4553
4407
4488
4659
4337
4457
4419
4421
4541
4329
4839
4437
4395
4403
4583
4457
4657
4641
4797
4830
4359
4388
4342
4657
4451
4388
4738
4786
4655
4690
4470
4655
4802
4556
4491
4609
4361
4605
4434
4574
4818
4375
4484
4446
4517
4814
4431
4621
4723
4459
4502
4453
4438
4592
4693
4582
4462
4508
4609
4596
4612
4697
4471
4409
4429
4463
4525
4619
4542
4666
4826
4472
4456
4650
4489
4546
4586
4616
4516
4527
4446
4441
4447
4451
4475
4461
4613
4742
4808
4777
4565
4572
4813
4660
4811
4627
4824
4768
4753
4447
4779
4494
4709
4547
4474
4555
4729
4812
4521
4485
4493
4475
4754
4504
4621
4499
4598
4664
4503
4726
4568
4734
4502
4649
4536
4543
4505
4661
4839
4503
4562
4515
4523
4591
4699
4630
4783
4528
4615
4513
4547
4581
4501
4673
4645
4752
4668
4584
4817
4823
4723
4816
4641
4658
4528
4729
4581
4553
4700
4819
4804
4640
4687
4820
4831
4548
4621
4825
4805
4673
4695
4538
4689
4593
4739
4807
4789
4551
4739
4630
4770
4625
4818
4694
4613
4554
4814
4667
4741
4783
4775
4668
4617
4689
4684
4600
4693
4722
4745
4635
4593
4836
4736
4624
4635
4803
4675
4705
4659
4675
4604
4703
4620
4774
4721
4602
4654
4611
4827
4716
4720
4806
4632
4746
4794
4851
4770
4623
4647
4802
4690
4829
4631
4747
4707
4719
4702
4688
4643
4740
4679
4730
4725
4706
4751
4717
4650
4757
4834
4728
4716
4742
4678
4683
4809
4712
4833
4674
4715
4735
4719
4671
4760
4712
4728
4697
4784
4681
4730
4766
4698
4725
4792
4732
4752
4755
4727
4749
4763
4729
4772
4748
4781
4739
4769
4798
4771
4774
4787
4750
4851
4827
4849
4759
4761
4765
4817
4801
4823
4843
4835
4782
4791
4819
4794
4824
4833
4836
4805
4806
4796
4795
4829
4817
4809
4800
4840
4792
4793
4799
4814
4825
4823
4819
4821
4841
4846
4849
4831
4822
4850
4832
4841
4842
4849
4844
4845
4846
4848
4854
4852
4854
4856
6054
10079
5573
9726
4878
5657
10099
4859
5031
5215
4953
5961
4874
9338
9364
4862
6693
7135
5003
6846
4887
6070
6530
4876
5888
7016
4866
4907
5269
5278
5806
4871
5646
6520
4884
5073
6769
4879
7475
9293
4892
5899
8826
5073
10076
4909
6015
8873
4883
6245
7897
6430
9495
4877
7192
8998
6604
6643
6482
7134
4914
5816
6142
8914
4888
5466
6987
4952
5615
9864
5062
5544
9497
5008
9561
5557
6088
4938
6733
8944
4911
5264
6678
5281
5318
6514
8911
4894
4913
6199
4948
7794
8538
5033
5762
9916
4994
6967
4896
5297
9295
5026
5039
5050
5732
9030
8840
9964
5108
6246
7390
5081
5897
7246
5321
5464
5623
4988
5293
6810
5006
6230
9341
4979
5576
8379
4929
5850
7267
4958
8212
9447
5342
5390
8255
5014
5344
5423
5300
6217
5042
7344
8503
7155
9412
4957
6752
6986
5699
6014
5348
5359
5931
4936
5751
4985
9199
5203
5746
6053
5325
6004
7526
4986
6079
8227
4955
5568
6813
4970
7376
9094
5133
5581
6844
5064
5115
5285
5115
5129
9845
4945
5507
6663
5515
6168
6193
4936
4975
8167
5036
5263
9186
4937
6847
7623
5219
6778
7497
5097
6661
5207
5216
7425
5011
5715
7668
4969
5607
8190
5217
7056
6798
7381
4992
5700
10113
5017
5923
7248
9332
9334
5138
9443
5075
5108
7892
5237
6007
8520
5249
5644
9932
5632
6914
7275
4977
5293
5425
6789
7033
4947
5196
9977
4956
5467
6560
8895
4960
5135
9023
5012
6310
7361
5303
5786
5902
4971
9513
5582
7238
5462
8733
5018
6972
5765
8131
7141
9280
5240
6308
5154
5651
6899
6763
9555
5291
7102
5178
6239
9059
5227
6477
7396
4982
5027
6389
5112
6189
6240
5350
5458
9721
4968
8837
9273
8179
9749
5832
6251
7722
8850
5508
7018
4976
8119
9701
5124
5626
8017
5072
6506
8901
8177
9270
5903
7719
5083
9175
5336
5833
6001
6448
7400
5017
5645
8177
5821
5887
7413
5220
8030
4984
7353
7377
6796
6798
6145
9046
6396
7116
5283
5791
8824
6770
7441
5132
5520
5620
5206
5421
9985
5103
7369
8074
5015
10013
5010
5412
6576
5092
7497
5062
5400
7929
5034
5343
9914
5032
7519
9488
5119
5158
8125
5123
7384
7589
5169
5665
8053
5384
5450
5946
5146
5892
6730
5542
5831
5439
7269
8469
5778
7057
7418
9269
9465
5088
5504
8693
6440
9116
5287
6084
6337
7044
7277
6126
6832
7936
7947
5382
5906
6256
5027
5766
5243
9833
5324
5815
8848
5026
8204
8713
5126
6562
8987
5583
5998
6338
5136
5254
5403
5060
6836
7064
5058
5737
8025
5066
5835
10080
5039
6715
7255
5200
6156
5047
7512
9250
5106
5979
8921
5121
8004
8287
5142
10063
7477
7610
5074
9612
6759
9785
5077
6314
9455
6696
8866
5188
5334
5614
5435
6071
7841
7061
5048
5664
6044
5114
5347
8274
7076
8776
5180
5767
9158
5298
5574
8941
5144
5496
6003
5255
5948
7698
7754
8687
9358
9989
5215
5349
5842
6516
9538
5716
5908
5934
5251
6198
7121
5170
5287
5969
5163
6539
9772
5084
5299
9634
5122
6113
8727
5980
5982
7473
6078
8253
5082
5325
5975
6319
7003
5120
5190
5713
8409
5078
5745
6165
5989
9620
5405
5868
6041
5586
9979
6122
6175
5552
5709
6572
5155
5610
8704
5099
5618
6739
5134
5284
9834
6786
8892
5952
5674
7180
5255
7551
5218
5916
7952
5207
7665
6195
7015
5094
7143
7907
5302
6069
6727
5419
6682
5492
7500
5140
9475
5177
6656
5166
7467
7839
5204
5573
7518
5286
5996
8124
7475
8399
5214
5883
9517
5093
6428
9574
5527
5704
6722
8768
8889
5196
7568
6153
7527
5311
5732
8055
5122
5134
7833
5837
6081
5153
5871
7687
5272
5290
5281
5463
5929
5151
6463
6223
6255
7442
7570
5110
7091
7267
5109
5744
5942
7267
7383
5236
5848
9946
9708
6102
8537
5353
8921
5386
5622
7660
6273
6532
5168
6114
6127
5810
9771
6008
5137
5543
6777
5461
5885
8421
5372
5616
5725
5710
9014
5619
6046
7650
8090
8184
6480
8075
6894
8160
5398
7191
8501
6828
8978
5174
6622
7203
5162
5839
7451
5393
5927
5279
5529
9659
5179
6564
10033
5475
7650
7093
8228
5622
5525
6449
6431
6935
7258
7450
5278
5451
5636
6248
7016
6169
9528
5368
5599
6156
6869
10055
5144
7637
8261
8536
5181
6306
9429
5936
6129
5335
6407
6450
5275
5730
6032
6374
6378
5269
5874
6922
5625
6400
5332
5340
8938
7278
9514
6249
7793
5644
8458
5369
6706
9725
5568
5787
8782
5211
5408
5242
8183
8445
5415
6099
8966
5257
6115
6971
6480
8654
7564
7951
5294
7072
8070
5397
5868
6817
6239
7893
5278
6285
9310
5557
6878
6952
8215
5282
5529
5585
6128
7082
5229
5472
7132
5363
8869
6615
6945
5308
5628
9900
5228
5641
6759
5230
8926
5680
9730
7237
8836
5380
10081
5330
7812
5392
5637
8645
5188
6351
9142
5200
5306
5620
5293
6776
9028
5523
6127
8268
5320
6749
8232
6145
5194
5834
8754
6185
6924
5231
7074
7563
5646
5722
9844
5211
5229
7776
5905
6505
5383
6570
9348
6616
5803
6242
7323
5354
8992
9064
5409
6714
7018
7061
6031
8192
5250
5817
6068
6033
7431
6585
8195
6556
9443
5503
8182
5387
5253
7234
7523
5503
7147
8996
5290
6162
6916
5841
5537
5849
8890
5276
5701
7214
6254
9756
5453
6060
9565
8401
6429
7129
6967
7206
6372
6908
5517
5963
6906
5619
6387
6790
5357
8088
9427
5235
5610
7822
5323
6835
7852
5370
6580
9856
5768
5793
6323
9910
8125
7408
9302
6585
8742
5953
6280
8497
5301
5353
5920
5307
5318
6736
5697
7487
6944
8167
7501
7874
5340
5456
7843
5296
6349
8586
5997
8498
5317
6485
7035
7820
8241
7263
9115
5246
7973
8104
5316
5429
10084
5861
8604
5362
5894
9862
5685
5825
9686
5462
7405
5837
6454
5264
6022
5623
6951
7541
6353
7545
5338
5870
8443
5305
6704
8900
5648
5958
5532
6163
9766
5314
5794
7239
5653
6232
7744
5274
5381
7804
5319
7752
7793
7293
7339
6579
5410
7646
8117
7050
7511
5549
5617
8919
5393
6533
9489
5883
5327
7795
8482
5501
7108
8693
6029
6165
5563
5631
7376
6949
8515
5662
7820
5950
8303
5588
6868
7695
5292
9950
5629
6711
7421
5920
5379
6818
8512
8551
7312
8899
5393
7142
6285
8076
9659
5352
5457
5997
5594
5960
6497
7240
6826
8948
5391
10092
6668
8083
5482
6320
6788
7068
7382
6735
9962
6825
8006
6047
8931
5584
5660
6043
7556
7529
7978
5304
7853
8943
8997
9206
9576
6207
7461
5920
7556
8517
10003
5785
6328
7539
5531
7117
7541
6458
6726
5518
6397
6808
5535
6848
7180
5774
6900
5371
6545
7534
5495
8385
5364
6631
6425
6638
8622
7992
8444
5367
7182
5399
5757
8702
7060
8315
8567
8618
7716
5366
7410
8003
7066
8993
5639
5819
6653
5351
6899
7793
5502
5688
5356
7801
6433
9575
5484
8214
9510
6408
6941
6909
8266
5361
7859
5736
5910
6387
5441
7672
5984
6155
5483
5381
8210
9057
5376
7751
5469
10102
6110
7134
5413
7618
7917
5364
7099
9790
5416
5813
5449
7435
7427
8629
7619
6423
7807
5911
6308
8065
5663
7212
5606
6093
9690
7386
9504
5909
5947
5562
6331
9766
7032
7509
9291
9007
9027
6452
9188
6502
7176
9265
5505
7885
8151
7377
9656
5919
9458
5455
6389
6135
8823
7207
7301
6411
6770
5976
9758
5672
5761
9021
5456
5729
5772
5805
6188
8734
6336
6844
5648
6026
6373
5414
6186
7512
8239
9308
9481
10103
7029
6241
7700
8067
6176
6546
5420
9006
9578
7833
8400
5769
6441
5714
5836
7508
5430
8066
8202
5699
7125
6613
10047
5406
9486
5432
6448
8854
5445
7807
8569
5550
5822
5881
7083
6268
8868
8746
9134
7837
8260
5479
8011
8704
5826
6023
8810
5411
8496
5537
5627
5843
7504
9568
8775
9328
5773
6015
8952
5433
8029
9562
9819
7740
9400
5440
7936
6583
7186
7296
8842
7247
8823
8530
8683
5614
6013
5754
6611
7341
5609
5681
9253
5469
6393
8650
8679
5787
6588
5498
6167
8835
6211
6296
5705
5771
9197
7441
8142
5656
6290
7539
5487
6483
6487
5434
5494
10105
7562
9109
5494
7397
5452
6141
7105
7704
9119
5841
8047
6552
8793
7024
8448
5641
6545
9744
5668
6062
7037
5528
7356
7559
5957
7869
5824
5870
5471
7464
5611
5807
8830
5572
5678
6915
5465
5522
8844
5939
7595
5486
7627
8051
5499
5808
5514
6631
9265
7703
9262
5880
8467
5806
9773
5779
7132
5826
10063
5475
5624
6808
5472
6773
7395
6536
7284
9314
5570
6032
6749
5530
7552
8801
6196
9462
6619
5838
7071
7007
7618
5953
5981
6276
6642
5470
7989
5575
6018
9713
5519
8045
8107
6158
9209
6141
5911
6665
7116
5798
6061
6903
5518
5511
8442
9486
5638
5907
7858
5534
7588
7762
5830
7873
5756
6521
5627
6102
7876
5558
7124
5840
9453
6089
6098
5867
6963
7709
6904
6977
7528
9219
5547
6020
7106
5626
5907
6800
5546
5969
5538
5576
10014
5493
6347
7193
7716
10022
6764
9472
5880
6227
5564
6326
9214
7293
7339
5764
6549
5753
6708
6989
5515
8964
5734
6529
7837
7673
8676
5541
9419
5723
6541
9741
5521
8092
5945
8855
5664
5954
6012
6085
6184
6794
8509
5533
6470
8638
5551
6176
8657
7703
9157
8779
5667
5955
7888
6911
7495
7195
5554
10106
7461
8287
8221
10068
6234
6721
5742
8580
5658
6723
8684
6142
6750
5592
8521
8608
5770
9729
6593
7478
9355
6340
7771
8363
8876
8343
8787
6641
7628
5797
9720
7272
9685
5603
7616
8864
7482
6485
6909
5854
6744
8369
5665
5955
6852
6505
6745
5586
7149
6732
7337
5735
8058
5647
6178
7011
7215
5688
6646
5578
5621
8378
6380
7645
6112
6729
6880
9101
6148
9322
5566
8412
8791
5889
8197
5589
7887
8980
5966
6146
6665
6398
6101
7012
5567
7911
8743
5755
5900
7918
5851
6775
8392
6866
9744
5572
7036
7565
7860
5682
7124
7370
7667
8435
8171
8856
9259
5622
7808
9825
6537
7748
5690
6048
6797
5763
8659
7806
7865
6573
9650
6407
5720
6887
8381
6789
7786
5974
6166
7384
5694
5849
7149
7120
7720
9643
9660
5928
8158
5706
7351
9384
9547
6094
6373
8000
7391
7882
7868
8704
5643
5797
7491
6381
6698
7569
6406
6571
5985
7859
8828
6927
7254
5818
6258
8317
5640
5769
9384
5789
5917
6493
5760
6289
8435
6141
6474
5768
7152
7719
5675
7846
8250
5712
7079
7165
6435
7830
5915
6782
7684
5703
5979
8170
8485
8744
6078
6518
6068
6279
8539
7217
9103
8980
6015
7910
5859
6830
9710
5988
7853
8859
8216
9067
9444
7272
9682
7069
9229
6945
8595
7789
5739
7026
9352
8244
5739
6834
5795
9602
9583
8284
9308
5736
7097
6027
6569
8461
6383
6994
7680
8072
6554
6662
5719
6162
6660
5661
7804
10082
7564
8155
6794
7696
6521
9602
5780
9957
6785
9012
9785
5904
7087
9131
5784
7213
8011
6207
8533
6264
7856
8941
8982
5662
5853
5926
5711
7550
8486
5766
6211
6821
7502
7585
7607
8726
5748
8484
8546
5718
5845
6397
9061
9865
6150
7168
7809
8544
6190
6313
9838
6285
7768
7579
8210
5671
6651
8460
7175
9624
5922
7447
8735
6549
9624
5872
6357
5744
8031
5779
6868
8353
5676
7371
6519
7767
6016
6225
6575
6118
9055
8968
5926
7411
6210
6327
9848
6198
8974
6376
8135
8223
5869
8131
6295
6717
7076
7401
5774
6947
9521
5719
5752
7136
8240
9819
5939
6209
9456
5731
7039
7115
5964
6252
7050
7333
7469
5695
9035
9174
6410
7138
7945
5741
6036
7887
5831
9988
6249
8678
6059
6534
9228
5741
8980
6058
6092
9682
7251
9770
10070
7014
8227
5753
6432
7564
6173
8351
7354
7817
6684
9340
7135
7289
5912
6539
7567
6523
7205
8114
6513
7715
6489
9260
5970
6704
6120
7969
6056
6586
6417
9631
6613
6860
7831
8250
6054
6325
7518
8475
8838
6966
6070
6530
6075
6493
6914
6940
9401
7080
7623
6088
6333
6950
6092
6202
5755
6434
8277
6465
6738
8483
5776
7133
9451
6052
7033
7748
8445
8546
6412
5772
7551
7698
7484
8856
5809
7529
6930
5832
8738
5750
5918
6860
6938
5914
6055
6630
8140
6002
6262
5758
6496
9337
8450
5752
6162
5947
9165
5929
6530
8179
7117
8896
5958
6635
7757
5885
7020
5862
7118
7233
6248
5945
7166
7975
7290
5878
8671
7094
8587
5774
5801
6900
7063
7992
7225
9300
9168
9515
7165
8834
7304
7568
9459
6908
7005
8456
6164
6128
7024
7841
6411
7970
6993
7127
7606
6104
8553
8959
5950
7014
6243
6492
8365
7816
8213
7467
6470
8110
5957
6459
8046
5831
5924
9974
6045
6976
6353
7762
9106
9865
5988
7392
9782
5940
7373
10009
8093
9686
5934
7546
9508
8575
8997
6005
6833
9847
5925
6637
6035
6074
6535
9000
5845
5881
7195
7477
6172
7379
5802
8393
9404
6318
7199
8159
6812
9722
6335
8206
7639
9804
5877
7166
9601
6548
7010
6922
6303
6395
6591
9287
8632
8655
5814
6442
5956
6565
8976
5967
5984
9048
5814
5913
8328
8601
9027
5850
6799
7447
9981
7390
9886
7936
8496
5838
8042
9674
7006
8910
6097
7899
5876
6182
6615
7342
7947
8093
9344
8338
6025
7322
8817
5890
7734
8783
5973
6924
9098
5959
7591
6333
5985
7470
9413
10053
6693
7064
6861
7810
8564
6312
6039
6905
6052
9564
5970
5961
6424
6418
7796
6000
7167
10005
6112
5901
8439
9479
6457
6578
6933
6422
8365
7811
10095
8150
8507
6278
7328
7456
6160
7063
8164
8518
6159
6300
6305
5870
7572
7763
6006
6297
10046
6057
6181
6783
6269
9393
6522
8529
6338
7783
6265
8086
5972
8037
8362
5974
9104
9949
5891
6206
6887
6218
6630
7057
5966
7340
6625
7839
9459
9116
9561
5886
7582
5951
7823
9411
8934
9111
5935
6975
8072
6622
8383
6802
7028
8657
8753
5949
5994
7625
8090
5884
7752
8897
6217
8723
8915
6541
6454
8878
7346
7634
6248
8014
6682
8886
8663
8674
6019
6797
6339
7710
6152
8127
9082
6734
10032
6011
6496
6569
6049
6829
9233
8994
9009
5949
8454
8586
6420
6843
7147
7644
8180
9908
6143
9843
8358
8697
7678
9678
8571
9114
6098
9267
6719
8319
9642
6033
7756
7789
7790
8078
6304
9640
6037
6203
8233
9758
6118
7357
6869
7243
6988
8945
6126
8421
6951
9380
6012
6897
7371
6358
9796
6053
9285
6846
8149
7594
7878
6414
9121
9460
6670
8774
8042
5962
8148
8475
7924
9909
6009
7357
9684
6113
6115
9956
7253
6179
7680
5979
6043
6253
6324
8875
6681
8009
9354
8596
6284
7540
6581
7054
7818
6180
8087
6140
6188
6857
6364
6501
7904
9513
6003
8815
9670
8766
9647
9037
7675
6382
8268
6528
8269
8756
6224
8056
6758
9290
9480
6038
7271
7991
8492
8094
8959
7999
6112
9398
6275
9762
5983
6020
6746
6883
8298
7163
6374
6824
6524
7092
7295
6818
8900
6066
7923
9715
9154
6288
7782
7589
5992
7596
8233
9438
6385
6568
9003
6091
6458
7217
8539
9289
9319
9371
6068
6454
8189
8856
7302
7301
6097
7419
8562
6551
7074
7119
7306
6064
9201
6263
7156
7868
6020
6918
7544
6780
7049
6283
6629
6845
8194
8985
6307
7359
7792
6556
9310
6354
6247
8104
6257
6436
6611
7032
9909
6266
9866
6382
9559
6101
7673
8499
7426
7907
6564
6592
9413
9727
6064
7412
6961
7172
6366
6839
7050
8019
9261
8241
6037
6408
6022
7125
7455
9959
6048
6334
7787
8579
9760
6070
6355
7286
8152
8423
7320
10017
10036
6783
7177
7997
6274
7189
7055
7757
7146
8019
6082
6707
9298
6042
8595
6125
7171
10034
6212
9084
6160
8502
6117
7271
7885
9102
9184
8788
9134
6605
6132
6587
7574
7774
6117
6199
6655
6200
7465
7473
9693
8921
6224
6572
6424
9240
8942
10100
6965
9080
8208
7424
7619
6170
6710
8341
7181
7265
8331
6789
8288
9211
7137
9062
7058
7398
7961
8247
7151
9505
8272
9222
6128
6267
6261
9098
6615
8309
6103
8697
9623
8570
6274
6566
9787
8613
8631
6529
6603
8050
6554
8615
7350
9196
6171
7075
7546
6116
7161
7740
6311
8937
6988
8545
6440
7319
7336
6628
7222
7420
6403
6475
7214
6091
6412
8606
7091
9981
7139
7213
6315
6348
9090
7215
7771
7173
8350
6181
6897
7411
6119
8747
9812
6878
6241
7940
6121
6950
9061
7857
8547
7792
7931
7055
7347
6371
6711
8694
6151
7714
9057
9255
9739
8130
10096
6409
6854
9966
8815
7482
7206
9952
9248
9925
7052
7653
8672
6348
6791
6301
6428
7926
6442
6512
8716
6565
7497
7547
6156
6659
6510
7755
8299
6465
8580
8709
8982
7526
7633
6635
9612
7773
8834
7261
8556
8236
9461
7022
9315
6361
6801
6686
7306
9167
7293
8825
8956
6251
6173
8270
6238
7314
9138
6544
6643
7531
6955
7818
6748
7537
9731
6215
6629
9818
6183
7247
6654
7345
6807
7094
8010
6575
8337
8842
6197
6682
7594
6237
7243
8117
7028
7658
6444
6768
7009
8701
8034
8078
6672
7365
6161
8443
6155
9083
6342
8330
7706
8605
6677
8903
6256
9421
6426
6607
6782
9951
6602
8434
9274
6431
6968
6982
8365
7992
8451
8766
8040
8380
6637
6884
8861
8427
9542
6567
6798
7363
9807
7561
9333
6189
8452
7256
8186
6473
9279
6606
6232
6244
7284
7183
7268
8574
6245
8307
8422
6343
6413
6317
9216
7876
9544
8736
6720
9468
8280
9150
7699
8038
6790
7782
7101
9250
6194
6833
6276
6506
7728
6226
6228
6508
6547
6965
8347
6205
9181
6922
8934
7233
9489
6473
8904
8242
9009
6912
7118
6817
9491
6532
7081
8846
9454
9822
6795
6895
6293
6367
8024
6751
8410
6226
6335
6371
6407
6980
7355
9139
9275
6562
7737
8678
7921
6257
6802
7196
6481
6552
7977
6380
6765
6309
7764
8853
8721
7137
8696
6973
7424
6271
6457
6680
6507
6813
9978
6400
8228
8640
7183
7285
9326
8794
8949
7787
7692
8173
6334
6837
6286
6576
7790
9390
9399
6405
6443
6589
8786
6267
7082
8433
6280
6321
6517
9788
6392
7148
9096
6429
8734
7417
7661
7001
6421
9040
8706
6470
10093
6261
6903
7187
8098
9552
7122
8443
6595
8026
8622
6265
9419
9540
6878
9976
7048
8608
6332
7939
7126
7573
8436
7166
7122
9536
6350
6768
9857
6898
7311
7898
6288
6774
7043
7603
8259
6438
6705
9473
7172
7798
7984
6436
8231
6362
9921
6386
6865
7338
6353
7169
6471
7657
9993
6642
9043
9017
7095
10018
7002
6525
7996
8485
7146
9064
8339
8367
9607
6346
6929
8509
6484
6620
7724
7676
9874
6298
8059
6479
7676
6925
7274
7432
6318
6384
8791
7530
9461
6741
7126
7433
6329
6467
9779
6385
6960
7115
7909
9147
6889
8651
7228
8614
6685
9572
7801
9478
6356
6737
9779
6422
7516
8364
9805
6716
7197
7727
8988
6319
6360
6597
8725
6646
7916
6343
8850
9159
6996
9306
6653
6870
6888
9445
6358
8275
9703
6441
7636
7283
8225
6555
6710
7668
6627
8728
7553
8155
6472
8815
6399
6526
6718
7971
8498
7534
9258
7671
9403
8598
9648
7136
7739
9714
8020
8971
6796
9912
6803
7259
8404
6447
8343
7068
7235
8236
6939
6700
8749
8833
6340
9549
8440
6450
7976
9518
6489
7778
8699
6427
10099
7722
6495
7524
9431
6445
6959
8625
8656
9177
6352
6484
6874
7832
9961
6519
6885
7656
9046
7457
7464
7404
7708
6425
7469
7557
8611
7726
9485
9512
7600
6943
7977
6853
6882
7827
9886
6442
9679
9742
7425
7665
6563
8787
8839
9412
9802
6500
9606
6701
6997
7620
7008
7348
7522
6503
6936
7438
7421
6423
7017
6907
8405
6377
7098
7702
7178
7409
8246
8398
7302
6450
6980
7352
9767
7680
8728
10041
6598
9683
6954
7209
8226
7962
9246
6711
6426
6961
7380
7597
6468
7652
9280
6460
6962
9793
9063
9716
6559
7707
6400
6417
6840
7869
8046
6674
6963
9284
6520
7862
9110
9972
6531
7994
8989
6584
7458
7466
6488
6518
6406
8310
8434
6634
7331
6902
8319
7121
8187
7207
7486
8085
9655
6915
7036
7938
8894
6466
6777
8034
6483
7334
9087
6463
6589
9583
6515
8137
8741
7742
9160
7958
8341
7874
8569
7427
8459
7357
7726
8843
7882
9227
9426
9484
9335
6553
8555
6656
9453
6486
7583
6437
9611
9286
9643
9943
6520
6964
6694
7873
8492
9902
7067
6815
7881
7871
9931
6472
8691
6485
7766
9933
7250
8254
7580
6781
8914
6455
7656
8755
6550
6980
6526
8795
9180
7435
7509
6876
7298
7980
9571
9253
6893
7919
7625
9406
6743
8344
8513
6956
7148
7896
7510
6557
8755
8951
7833
6644
7871
6491
9761
6702
9826
6498
7088
8510
6757
8128
6546
9593
6659
6953
6537
7517
6569
7958
8652
9789
10115
9074
6583
8545
8283
8589
8763
6558
8479
7736
8841
6997
9085
6712
8397
7099
9661
7631
7130
7466
7489
8611
7199
9946
6816
6509
8806
10098
9372
9520
8010
6580
9042
8385
10084
7088
9738
7259
8761
7409
7483
6527
9776
8100
9317
7096
7113
9595
9540
7552
6872
7254
6700
6780
7109
7701
7983
9385
7433
7705
8328
7816
8451
7795
7619
9721
8136
9205
6809
7647
6692
9824
7601
8882
8714
9504
7829
8654
6626
7621
6721
7174
8905
8804
9560
7812
7218
9447
9040
7015
7578
7631
9260
8785
9737
7116
8098
6674
6652
6715
6974
8155
6597
7906
9361
8904
6670
7042
9247
6649
7244
9138
7351
9527
9220
7273
7373
8816
6875
9190
7626
6601
7333
7387
8234
8500
6645
9927
7107
8972
9470
6978
7546
7590
8527
8570
6759
9910
7849
9799
6966
7085
7136
7616
7211
9673
9922
8889
6896
7077
7171
7377
7454
9606
6804
7535
7024
10061
9500
7944
9505
6923
7659
8880
7935
6930
6760
7076
9118
7397
8805
7282
8974
7945
7855
9894
6594
6612
9372
6914
7493
7761
8356
8217
10100
7070
7269
6813
9836
10023
6948
8145
9525
6701
7797
7759
9187
6607
8552
7010
9814
7799
8774
6974
8315
9189
8847
8834
9971
6811
6959
7952
6822
7538
9389
7041
7469
8963
9482
7486
7549
6695
7531
9642
9898
6725
7297
8958
6638
7145
7851
7614
8316
8811
6996
7641
7800
9487
6875
8930
7950
6755
9150
9594
9654
9863
6631
6725
7360
7021
9356
9794
9036
6862
7030
6721
8715
9144
7481
6736
7976
8459
7909
9192
6657
7960
7374
10078
7954
8742
8506
6934
7281
7316
6735
8664
8812
8549
9064
9963
7375
7562
8245
6892
8897
6640
9760
10008
7664
8579
6677
7100
7066
7937
6732
8696
6708
8688
7144
6856
7245
8816
6675
7184
7460
6651
7212
7554
7645
8414
8550
6787
8430
7325
7861
8156
7255
9963
7721
8083
8940
6877
7445
8033
7192
6916
8902
6690
8564
7529
8257
7026
9493
6719
6791
7858
6963
6840
6861
8077
6740
8192
9835
7246
7785
6707
6838
9801
8057
6984
8186
8362
7848
8168
6987
7002
8720
7709
6867
7867
7013
7354
9729
6957
6679
8677
7261
7282
7234
8366
8556
9072
6745
8483
8571
7879
9594
6870
10060
7178
8318
6771
8180
8326
6846
7768
8076
6715
6834
6938
8843
10095
6697
7468
7498
8628
9790
8772
7603
9613
7003
7889
7265
9554
7998
8084
8562
8686
6758
6801
7888
7219
7626
6752
6892
7073
7490
8798
6713
6764
7854
6783
9394
8134
7747
7324
8258
9236
6832
9087
9626
7794
8264
9238
9344
6918
7106
6970
9025
8212
9499
7283
8481
8739
6937
8174
7007
8244
6983
7030
7678
9157
7040
9025
7025
8636
6737
6942
9629
7419
9351
6736
7556
7004
7597
9033
7057
6986
9215
6772
9878
7886
6891
6971
9522
6831
7203
8020
9106
8026
8104
6780
6837
7303
8354
9173
8121
9305
9522
8906
9893
7182
7565
9471
9663
9768
7517
6766
8063
6968
8424
8970
6779
8380
9842
6863
7040
7682
7890
7996
6991
7350
9426
6901
9586
7335
9730
9883
7310
7329
7338
6895
7533
8063
6841
8945
9651
8117
9309
6971
7271
8151
8643
6950
8269
9194
7161
7252
7333
8208
7004
7776
8024
9711
8102
9353
7163
9952
10107
8120
9926
8999
9825
9093
7691
7767
8540
6889
7067
9604
9838
6911
8340
7466
8625
7506
8584
6903
6982
9279
8224
9041
8044
9898
8891
7787
7383
9199
9060
9264
8590
7538
8024
8407
7490
7405
8458
6871
8411
8605
6832
8341
8528
6995
8658
7327
9130
8957
9625
9001
9558
6926
8432
9079
7221
9034
8072
9759
9269
7083
9646
7218
7902
8032
8649
10026
7665
7904
6919
8827
9449
7102
7749
6830
8336
7799
8600
7393
7406
7438
9645
9848
6973
8429
8418
7240
10001
9190
8340
7055
8665
6943
10080
7252
8051
9811
7511
8464
8116
6964
7454
6994
7376
7669
8562
8686
7251
6996
8302
7080
7086
9323
9438
7047
9238
9382
7600
8023
9074
8044
9225
9107
9307
7019
9052
7507
9662
7000
9172
9560
9341
9399
6864
9847
6893
7535
9019
6913
8757
9380
7953
7354
7114
8623
6970
7877
8157
8769
7525
8101
7140
9220
7145
7313
7105
8457
9039
8139
8656
6972
7855
7620
8049
9085
7190
8726
7857
8606
7690
7843
7555
8624
7273
8710
7150
7317
8534
7202
8211
9810
8730
8970
9062
9717
7270
8594
8743
8393
6900
9129
8062
7937
8563
9357
7541
8252
8532
6955
7310
9264
8328
8759
8817
7175
8731
9614
6908
7838
9590
7188
10061
7326
7533
7046
9321
7005
9408
8675
9813
7035
7158
7964
8429
7922
6915
7011
7227
9276
8003
6962
8103
8259
8814
10031
6993
7033
8092
7204
7387
8603
7465
9568
7058
7775
9264
7115
8419
8480
9978
7965
8020
8401
6998
8442
7044
7274
7774
8225
7045
7634
8449
7368
8202
8213
9822
6985
9237
7613
8188
7723
9891
7061
7242
7894
7741
9509
8286
9200
6951
9622
8500
7038
7874
7037
7176
8071
8375
7382
7866
9819
9919
8173
9417
7393
9307
7105
7391
7128
8505
7054
8466
9410
7023
9696
6977
7533
8313
7129
7043
8709
7730
8005
9003
7245
7227
9160
9335
7056
9037
9896
8912
7231
8470
7255
7220
9759
8554
8619
8453
7422
9501
7020
7953
8561
7194
9323
9466
8847
7313
7416
7979
9597
8496
9957
9939
9511
8506
7053
8014
7051
7901
9688
7723
9072
7784
7939
9517
7915
7988
8087
9544
7666
7809
9079
7060
7095
8665
9752
9835
7157
8923
8452
7016
7550
8797
7211
9377
7917
7875
9307
7218
8420
9535
8187
7370
8536
7188
7845
7187
7864
7027
7560
7047
7335
9652
9741
9196
9484
7819
9492
8638
9063
7449
9657
7758
7891
8300
8203
7078
8760
8359
7034
8038
8702
7075
8350
8671
8295
7722
8642
8086
9473
8432
8484
8582
7352
8459
8370
8416
8580
7605
7264
8662
8283
8534
9864
8521
9108
7219
9272
9463
9873
7456
8846
8937
9184
9019
7965
7402
7098
7372
8964
7495
7198
8425
9552
8505
7889
7262
7747
8937
9303
7802
8161
8175
9869
7324
8713
8065
9512
7581
7870
7535
7919
7635
7590
7430
8431
8715
9417
7282
8974
7249
8672
9754
9269
7409
8015
8271
8757
9214
7398
7402
7184
7313
8137
7299
7332
7498
7278
7323
7642
8322
7443
8845
8640
8749
8956
8621
7170
9053
7605
8287
7312
7766
7185
7308
8744
9373
8405
7112
8514
9082
7189
8796
9387
7649
7604
7372
8399
8079
8082
7208
7917
8684
7821
8084
9490
8504
9410
8577
8682
7367
8841
9672
9477
8356
8603
7251
7378
8376
9322
7591
7718
8882
7458
9783
7973
9342
7472
8334
7130
8625
7432
7451
7774
9383
7769
9545
8614
7768
8643
7828
7911
7491
9811
7250
7327
9332
9338
7226
7655
7426
7428
7160
7649
7686
7212
7929
9187
8417
7648
9880
7944
9450
9750
10115
7732
7788
8738
7229
8762
9218
7884
9802
7241
7887
7318
9704
7681
8761
7657
8165
9086
8154
9022
7303
7698
7915
8560
7258
7173
7358
7369
7773
8186
9597
8701
9947
7213
9571
8219
9998
9656
8311
7688
8375
9388
8917
8736
9928
7483
7384
7697
8822
7194
7481
8866
7618
8388
8903
9569
7275
7712
8786
7440
8698
7663
8156
7693
8519
8022
8039
8690
9916
7650
8231
9389
7711
9044
8398
8724
9270
7717
8534
8573
7584
7731
7694
8168
9940
7677
9899
7386
8809
7536
7549
7229
7279
7287
8637
7230
7696
7714
9757
8162
8543
7611
7750
7542
7257
8240
8780
8549
8821
7587
8920
7758
8060
9375
7578
7655
9519
8314
9930
7494
9620
8705
8683
8977
9371
8559
8631
7818
8713
7309
7522
7563
9680
8460
7239
7382
7612
7955
7759
9990
7966
8457
9070
8069
8103
9134
7252
8820
8157
8019
9223
7364
7707
7890
7398
7835
7379
8904
9336
7256
9054
8012
9078
7367
8206
7814
7505
7561
7970
8142
9244
7815
9445
9789
10016
7413
7599
8523
7423
7688
8890
7285
7838
9702
9345
9920
8691
9060
7569
7576
8205
9238
7452
8004
9428
7296
7847
7485
9718
7427
9240
9060
7404
7941
8994
9809
7615
8664
7791
8603
8659
7531
8772
7858
8584
7720
9113
9164
7341
8477
8572
7683
8095
9002
8919
9349
7935
7638
8351
7863
9204
7867
9045
7308
7628
9428
9202
7596
7888
8590
7575
8525
9161
7684
8132
8661
9435
7635
7713
8105
8262
8184
7403
9223
8262
9112
7836
9013
7861
9321
7778
7893
7346
9116
8376
9166
7570
8447
8657
7640
8860
7628
8204
8163
9096
9191
9555
9194
7331
7653
7525
8160
8441
9068
9469
10023
7468
7617
7985
9908
9107
7634
8021
7418
7844
8668
7814
8445
8855
9038
9148
7480
7947
9148
7637
8795
7648
8936
9377
7957
8036
7713
9107
7518
7842
8929
9484
8745
7976
9699
10075
7400
9188
8983
9581
7900
7931
8941
8270
8295
8235
10060
7437
7600
7601
8690
9636
8378
9178
7677
8950
7448
8449
8621
9272
8366
8821
8290
8503
7820
8899
9126
9208
9734
8761
9606
8677
9113
8935
8552
9416
8891
8007
7571
9226
9839
7772
7848
7462
7620
7626
7520
7640
8817
9755
8022
8426
9161
8196
8968
9154
7551
7690
7496
10016
8793
7514
7733
7761
8489
7586
9867
8935
7906
9941
7744
8733
7613
8215
7898
8237
9050
8308
8967
8902
10075
7938
8312
9858
8511
7525
8064
8494
7589
8573
10000
7686
7745
7523
8276
7715
7742
9021
9418
7461
8585
7482
8905
8271
7607
7708
7744
7604
8201
9208
10089
7623
9697
8881
7573
8109
8198
8770
8946
7729
8327
9323
8017
9602
8750
7459
8535
9431
7558
9120
8085
8267
8289
7554
7651
7499
9309
9386
7765
8146
7575
9328
9441
8339
8662
10018
8829
9236
7622
8183
7829
7899
8090
7944
8476
9442
7562
8035
9745
8461
7672
7724
7586
8692
9378
7498
9551
8053
9624
7613
8118
8531
8039
8060
9146
7471
8526
9202
8764
8877
7615
8827
7582
7539
7866
9521
7646
7492
9391
10109
7826
7664
8279
7612
8548
9465
8235
9275
8291
9161
7486
7911
7682
8582
8096
7532
8976
9032
9227
9530
8984
7519
8581
10097
7654
8191
8349
10109
8430
7594
8886
9479
9698
8841
9272
7516
8729
8230
8495
7974
8023
8960
8473
8898
7681
8602
8694
9543
8080
9440
7513
9615
7590
9631
8717
7997
8626
8731
9372
9814
8333
8413
9492
8725
7630
9823
7532
7863
8013
8049
8973
8969
8550
7733
9378
7596
7708
8112
9243
9503
9065
9558
8759
9197
8358
9524
9235
9362
7658
7955
8387
8493
10037
7781
8381
8393
8285
8276
8305
8243
10107
7557
8306
8918
9202
7776
7731
7782
9543
8919
7797
9287
8252
7845
8722
8415
8474
8596
8789
9376
7954
8842
7914
8995
8219
8577
7695
9255
9101
8313
9698
7959
9038
9268
9318
9548
8001
8372
7765
7806
8336
8138
9474
9498
9251
9688
7707
9910
8642
7918
9005
7771
8543
7639
9153
8191
7691
7777
9397
9992
8529
8517
8522
7736
7894
9503
8723
9884
8030
7998
9051
9490
7920
9777
7963
8700
9359
10077
8568
8004
7884
9190
8178
8589
9998
8111
9124
9712
7825
8360
7830
8554
9117
8048
9391
7886
7750
7967
9035
7792
9537
8056
8241
7651
8296
8803
7692
7949
9053
7930
8404
8602
8162
8249
8535
7914
7987
8089
7646
7673
8390
8669
9414
9180
8946
9262
7642
7980
7789
8942
7687
7918
7990
8115
7990
8121
9651
8031
10015
7813
8001
9359
9666
8679
7733
7746
9728
7683
10050
8426
9592
9628
8441
8778
8639
8718
7987
8913
9090
8474
7797
8277
9151
9740
10047
9791
9809
7671
7981
9242
9480
7763
7689
7895
8576
7743
9245
7800
10030
8623
7734
8278
8653
8463
8946
9055
7831
7846
9379
8230
9905
8347
9126
7892
9021
8515
7805
9100
8888
9052
9203
7706
8175
9778
8096
7907
9815
8624
8508
9763
8198
8489
9692
8600
8948
9041
7748
8266
8270
7813
8898
7899
9255
9652
8542
9326
9636
9681
9880
8011
9932
8028
9840
8926
9632
7841
8052
7769
8726
9207
9507
7783
8953
7731
8143
8487
7798
8321
9065
9461
7756
8054
9549
9831
7750
7751
7770
7895
9680
9991
8326
7854
9347
8144
9222
9828
7932
8359
8673
9135
9409
7799
8251
8114
7807
7777
8389
8885
9928
10006
9542
9582
9518
7852
9628
7896
7823
7924
8770
9530
8305
7880
7779
7983
8169
9638
9717
8786
8255
8967
8016
7969
8105
9327
8143
8692
7933
9855
7886
8872
9964
8465
9749
9906
9357
9425
8994
9746
9178
9564
8025
8630
7800
9726
9899
8097
7811
7881
8526
8651
8669
7962
8773
8803
8005
8558
9162
8080
7840
8999
9177
7845
9615
7883
7928
8473
8183
7901
7905
9556
8077
9164
9635
9832
8273
8811
8458
9890
7872
8570
9201
7826
8368
8428
8106
9755
8591
9169
8916
9369
9183
7866
8971
7979
8037
8404
8299
9285
8629
8907
9985
9832
8353
8360
8778
8314
9830
8938
8056
9326
7956
8756
8888
9198
10042
8093
9011
9105
7867
7995
9189
8150
9415
8012
7865
8187
8851
8164
8337
10004
8913
8226
9003
9242
8138
8861
8080
7873
8953
9258
9340
8032
8479
8683
8196
9396
8650
10035
8242
8344
7960
7996
8052
8557
9446
9252
8417
9439
8933
9477
8772
8566
8030
9029
8043
8863
9872
8714
10012
8000
9820
8722
8074
9013
9365
8078
9159
8089
8824
8960
8426
7968
9409
8639
7910
8370
8873
9441
8988
8320
8431
8759
7940
7966
9643
9853
9022
9581
9675
9430
9996
8068
9942
8797
9271
8008
9904
8198
8115
8848
8973
9252
9506
8144
9288
9524
8321
9416
8238
8037
8006
8557
8884
8175
9385
8100
8857
8885
8035
9527
7961
9070
9611
7973
9590
8108
9520
9545
8281
8386
8777
8094
8332
8519
9387
8382
9091
9333
9801
9998
8081
9950
8471
8555
10055
8081
9008
8059
8035
8524
8021
9902
8010
8557
9550
8070
9948
10051
9495
9812
8245
9233
9968
8133
8130
9174
8854
9688
8009
8395
9648
9695
8066
9531
10022
8494
8599
8082
8238
9640
8058
8667
8607
9627
9108
9204
7994
8126
9917
9156
8402
8455
8439
8975
8091
8466
10012
8507
8152
9683
9110
9977
8518
8612
9476
8300
8541
9029
8212
8622
9045
8823
9551
8619
9660
9902
8414
8029
9228
9339
8069
8515
9710
8170
9213
8559
9474
9812
8831
8531
8627
8563
8223
8384
8809
9570
8740
8233
9125
9212
8449
8961
8740
8646
8600
9580
8697
8730
9260
8087
8034
8043
8106
8621
8665
8609
9209
8839
9817
8102
8406
8514
8837
9708
8131
9709
9210
8578
8900
8348
8367
8771
8321
8526
9316
8359
8771
8193
9945
8136
8582
8297
8807
8260
9491
8071
8149
9370
8879
8912
9386
8512
8599
8345
9619
8391
8751
9143
10104
9152
9340
8124
8203
9483
9843
8907
9743
9778
8149
9840
8277
8624
8193
8099
9424
8764
8142
8167
8901
8979
8575
9295
9999
9913
8858
8170
8351
8140
9576
9975
8227
8409
10098
10072
8644
9195
9130
9793
8668
8418
8862
9972
9451
9464
9265
9790
8163
8638
8207
9873
8498
9421
8301
9216
9734
8833
8601
8228
9840
8567
8627
9731
9750
9817
9870
8996
8323
9505
9747
8397
8438
9219
9501
9803
8314
9499
8254
8491
8403
8469
8141
9337
9434
8877
8323
9955
8588
8769
8178
8813
8318
9553
10094
9281
9319
9526
8609
9374
9644
8540
9351
8240
9176
8336
8418
8547
9437
9556
9235
9567
8997
9522
8354
8456
8680
8838
8185
10044
8588
8370
8440
8177
8462
8371
8454
9756
8324
9063
9027
8258
8829
8477
8719
9987
8938
9440
8189
8594
8253
8646
9712
8261
8616
9164
8311
9534
9866
9801
8381
8820
8254
8818
8903
8472
9584
8246
8473
9502
8712
9256
8285
8268
9411
9774
8401
8561
8934
9127
9800
9830
8750
8209
9808
8330
9056
9468
9167
8413
8437
9034
9350
9689
9069
9105
9667
8386
8646
9872
9115
10013
8542
8249
8324
9454
8987
9076
8394
8701
9735
8299
9156
8293
8809
8833
9596
8282
8617
9587
9221
9420
8284
9291
8385
9472
9268
8709
8752
8829
9616
8335
8446
8249
8361
8390
8888
8263
8738
8262
9128
8409
8284
8513
8944
9123
8363
9109
8724
9311
9829
8278
9054
8774
8807
9672
9661
9783
8367
8539
9089
8632
9702
10082
8635
9423
9139
10059
8538
9609
8317
8620
10006
8295
8338
8907
9299
9565
9245
9608
8275
8735
9066
9735
9494
9733
8612
8304
8958
9217
9376
9365
9873
8925
9765
8573
8689
8319
9508
8427
9165
8810
9101
8350
8447
8342
9940
9037
8924
9737
8455
8468
8802
8685
8845
9247
9432
8361
9155
9846
9707
9806
8853
9818
8324
9828
8579
8767
9397
8335
8648
9166
9783
9468
9507
9120
9331
9433
8527
9277
9386
8430
8339
8735
9358
8889
8976
8345
9796
9713
8360
9023
9516
9452
9182
9212
8377
8688
8854
9507
8383
10007
9100
9918
8752
9635
8814
9641
9561
8949
8629
8758
8825
10034
8818
8532
9512
8508
8779
9944
8931
8349
9728
9391
8379
9251
9969
9203
8799
8429
8463
8470
8659
8474
8707
9420
9288
9740
9078
8544
8765
8865
9557
8441
8778
8634
8828
8494
8740
8803
9382
8374
8682
9626
9016
9665
9370
9966
9119
9618
9170
10014
9851
9528
10031
8737
8402
8468
8630
8548
8816
9266
9751
8792
8920
9395
8647
9599
8859
8531
8771
9047
9594
8471
8488
9626
8488
8422
9293
8483
9469
9565
8953
9586
8504
8666
8607
9711
8516
8565
8610
8690
9209
8509
9041
8681
9732
9705
9069
9136
10028
8852
8873
9541
8442
9263
8989
9857
9320
9795
8513
9009
8649
9075
9600
9813
9582
9068
9720
8768
8928
8808
8521
8444
8598
9267
8947
9585
9610
9698
8988
9740
9414
9455
8671
8608
9010
9366
10024
9437
9470
9053
9839
9127
8808
9671
8588
9557
8883
8533
9543
8597
8852
9241
9131
9404
8504
8574
9406
9291
10050
9849
8819
8927
9077
8560
9598
9487
8808
8871
8614
8819
9042
9066
9771
9788
8876
8566
9033
9609
8885
9466
8870
10069
8538
8541
9193
8514
9336
9163
8851
9918
8648
9881
8524
9603
8676
9636
10085
8558
9414
8561
9697
8536
8894
9874
8575
8964
9798
9897
8644
9345
8720
8601
8790
8754
9473
9511
8670
9563
9745
9658
9539
8758
9284
8612
8939
9201
9826
8694
9608
8905
9366
9182
9609
9498
8955
9874
9450
9341
8992
9138
8943
9483
8708
8858
9031
9792
9621
8669
9498
9647
9184
8878
9171
9248
8744
8712
8615
9705
8596
9469
9919
10038
8753
8967
9302
9772
9339
9936
8764
8811
8613
8645
8991
8869
8917
9896
9073
9434
9596
8743
9958
8768
8965
9208
8616
9113
9244
8689
8642
8602
9695
8824
9590
9906
9346
8660
9859
8788
9088
8674
9657
9621
8681
10039
9007
9534
9369
8687
9886
9667
9631
8848
8770
9411
9004
8645
9224
8838
9284
9633
8927
9584
8667
9782
8782
9259
8748
9137
8725
8785
8832
8949
9617
9931
9257
9149
9925
9795
9181
9566
9162
8883
9040
9436
9476
9743
8874
9497
9218
8962
9875
9381
9482
8767
9093
9777
8991
9658
9095
9295
9353
8782
8773
9588
10007
9006
8923
9774
9436
8982
9600
9807
9244
8977
9997
9077
9158
9911
9849
8762
8773
9327
8784
9921
9409
9625
9704
9807
8812
9523
9780
9931
9017
9448
8863
9014
8747
9666
8788
8760
9144
9346
8902
10054
8769
9815
9136
9592
9429
9581
8810
9591
8715
9180
9423
9312
9938
9580
9577
8729
9733
8981
9097
9677
8745
9517
9614
9049
8727
9956
9879
9727
9841
8804
9172
10104
9535
9388
8739
10029
9742
9081
9233
9800
9425
9343
9793
9971
8791
9732
8924
8857
9088
9086
9343
9540
9142
9371
9458
9271
9057
9177
8813
9018
9277
9861
9297
9713
8991
9548
8862
9953
9129
9722
10071
9176
9216
8847
9239
9374
8826
9879
8924
9706
9292
9846
8796
8868
8857
9396
9018
8832
8865
9953
9097
9671
9015
9342
9683
9907
8926
8954
9662
8901
9427
8871
10076
9020
9298
8874
9048
9962
9020
9829
9706
9836
9831
9026
9385
9542
8866
8965
8872
9856
8952
9210
8959
9934
9185
8849
9780
9669
8910
9028
9353
9485
9144
9526
8916
8883
9360
9532
9537
9627
9412
9855
9562
9169
9167
9294
9387
9693
9118
9146
8987
9510
9935
9112
9205
9553
8981
9610
9792
9852
9224
9010
9573
8928
10097
9485
8986
9012
9136
9367
8916
9327
9036
8915
9379
9970
8932
9727
9982
9988
9761
8979
10073
8896
8918
9641
8925
9687
9379
9192
9325
9339
9994
9360
9687
9765
9173
9666
9907
9798
9511
10035
9318
10048
9550
9501
9672
9008
9297
9442
9450
10056
9975
9821
8955
9499
9648
9207
9520
9302
9397
9733
9976
9098
9703
9620
10110
9094
9537
9306
9843
9816
9011
9315
9492
9714
9200
9508
9015
9166
9966
9079
9073
10017
10027
9093
8995
8998
9252
8993
9788
9030
9331
10078
8977
9174
9054
9008
9396
9939
9968
9797
10003
9005
9016
9226
9076
10086
9670
9286
9022
10028
9342
10035
9917
9122
9650
9760
9026
9888
9074
9305
9539
9023
9570
9004
9065
9046
9213
9722
9085
10010
9866
9196
9140
9099
9803
9675
9087
9630
9020
9348
9243
9691
9862
9253
9557
9175
9033
9655
9169
9171
9242
9480
9619
9045
9932
9145
9096
9187
9821
9303
9754
9192
9150
9376
9951
9145
9550
9120
9363
9273
9669
9395
9685
9066
9947
9942
9883
10056
9071
9125
9234
9350
9114
9140
9102
9299
9892
9891
9320
9153
9304
9739
9235
9154
9178
9649
9109
10094
9696
9432
9577
9143
9835
9868
9149
9519
9728
9268
9394
9725
9121
9617
9965
9791
9137
9523
9448
9384
10037
9357
9162
10037
9165
9723
9344
9752
9274
9607
9127
9756
9133
9769
9970
9646
9709
9585
10057
9913
10068
9290
10083
9463
9969
9232
9938
9205
9538
9329
9336
9751
9474
9613
10077
9718
9378
9704
9882
9282
9651
9179
9282
9546
9200
9172
9871
9383
9263
9328
9871
9248
9155
9911
9496
9656
9804
10043
10101
9262
9362
9447
9524
9231
9904
9301
9433
9352
9399
9958
9826
9676
9806
9392
10019
10071
9232
9225
9642
9861
9965
10069
9963
9316
9488
9198
10111
9220
9234
9444
9258
9392
9213
9459
9381
9936
10066
9545
9675
9267
9784
9438
9471
9605
9623
9333
9725
9319
9691
9493
9592
9984
9937
9898
9665
9313
9984
9349
9778
9467
9525
9806
9476
9715
9717
9257
9689
9304
9653
9279
9644
9247
9577
10032
9451
9444
9850
9637
9808
10025
9402
9463
9276
9529
9622
9301
9515
9483
9689
9422
9937
9486
9273
9551
9946
9633
9381
9884
9924
9506
9314
9738
9364
9289
9519
9456
9664
9762
10087
9582
9487
9827
9693
9403
9456
10040
9325
9627
9918
9347
9437
9571
9560
9418
9830
9312
9888
9335
9584
10101
9355
9400
9443
9394
10031
9534
9535
10062
9823
9515
9895
9321
9405
9536
9361
9422
9941
10048
9365
9445
9663
9764
9833
9363
9356
9794
10083
9422
9356
9406
9958
9526
9415
9599
9743
9601
9398
9375
9426
9495
10092
9500
9364
10033
9374
10067
9538
9776
9502
10044
9401
9943
9905
9393
9690
9390
9514
9622
10051
9803
10108
9455
9491
10040
9402
9652
9827
9452
10049
9921
9854
9678
9434
9462
9457
9785
9842
9481
9762
9716
9982
9472
9429
9423
9800
9477
10008
9695
9746
9791
9527
9518
9748
9897
10074
9464
9951
9684
9673
9757
9715
9446
9531
9575
9647
9619
9986
9528
9852
9479
9634
9556
9744
9851
9471
9489
9694
9593
9608
9646
10072
9630
9986
9677
9676
9852
9504
10009
10058
9655
9516
9494
9628
9674
10001
10034
10098
9536
9568
9533
9539
9611
9601
9748
9555
9558
9532
10038
9629
9912
10062
9541
9887
9878
10032
9547
9578
9572
10059
9876
9658
9719
9820
9718
9563
9579
9711
9919
9649
9583
9997
9701
9731
9673
9706
9737
10020
9794
9854
9805
9863
9632
9980
9875
9859
10005
9588
9700
9906
9732
9882
9679
9604
9681
10073
9625
10017
9644
9665
9839
9640
9859
9650
9853
9894
9956
9654
9954
9753
9816
9952
9954
9618
9684
9904
9615
9657
9705
10004
9927
9891
9841
9779
9707
9662
9671
9649
9868
9668
10013
9661
9736
9645
9726
10086
9948
9781
9804
10093
9775
9719
9943
10067
9837
10018
9678
9770
9995
9674
9723
9964
10003
10029
9694
10000
9747
9955
9759
9799
9710
9700
9700
9724
10057
9716
9741
9912
9924
9827
10050
10015
9787
9755
9730
9736
10030
9945
9769
9738
10064
9862
10069
10061
10089
9947
9901
9784
9771
9775
9809
9920
9757
9751
9768
9892
9860
9880
10010
9822
9795
9944
9789
10045
9887
9851
9818
9869
10045
10053
10088
9849
10116
10052
10114
9837
9903
9877
9899
9985
10079
9799
9915
10033
10089
9927
9981
9900
10047
9817
9976
9935
10106
9828
9994
9823
9820
10062
9847
10107
9856
9857
9930
9834
9948
9908
9993
10091
10048
9978
10002
9860
9939
9914
9923
10076
9858
9965
10111
9877
9864
10051
9913
10083
9869
9861
10015
10052
9892
9883
10116
9993
9897
10011
9884
9878
9889
9979
10022
10030
10078
9944
10026
9887
9911
9980
10066
9889
10010
9909
10041
9936
10043
9934
9916
10072
9961
10092
9933
9969
9990
9999
9974
9971
9960
9922
10042
9930
9955
10046
10049
10104
10054
9934
9929
9960
10108
9967
10011
10014
9959
9941
10009
10001
10049
9950
10000
10064
9972
9977
10093
10052
10065
9968
9999
9995
10025
10016
9995
10021
10074
9988
10039
10105
10039
9992
10058
10070
10103
9994
9987
10038
10006
10108
10012
10004
10057
10053
10002
10021
10023
10090
10041
10029
10068
10074
10020
10042
10046
10088
10114
10065
10071
10036
10055
10044
10063
10111
10066
10115
10075
10116
10087
10060
10073
10102
10081
10112
10082
10086
10085
10091
10094
10105
10090
10112
10112
10113
10099
10097
10110
10101
10106
10113
10110
)


// ************************************************************************* //
