/*--------------------------------*- C++ -*----------------------------------*\
| =========                 |                                                 |
| \\      /  F ield         | OpenFOAM: The Open Source CFD Toolbox           |
|  \\    /   O peration     | Version:  3.0.1                                 |
|   \\  /    A nd           | Web:      www.OpenFOAM.org                      |
|    \\/     M anipulation  |                                                 |
\*---------------------------------------------------------------------------*/
FoamFile
{
    version     2.0;
    format      ascii;
    class       labelList;
    location    "constant/polyMesh";
    object      pointProcAddressing;
}
// * * * * * * * * * * * * * * * * * * * * * * * * * * * * * * * * * * * * * //


12610
(
1
3
6
14
15
21
23
24
29
36
37
41
74
75
76
77
78
79
80
81
82
83
84
85
86
87
88
89
90
91
121
122
123
124
125
126
127
128
129
130
131
132
133
134
135
136
137
138
139
166
167
168
169
170
171
172
173
174
175
176
177
178
179
180
181
182
183
184
185
186
187
214
215
216
217
218
219
220
221
222
223
224
225
226
227
228
229
230
231
232
233
234
235
284
285
286
287
288
289
290
291
292
293
294
295
296
297
298
299
300
301
302
303
304
305
306
307
308
309
310
311
312
313
314
315
316
317
318
319
320
321
322
323
324
325
326
327
328
329
330
331
428
476
477
478
479
480
481
482
483
484
485
486
916
917
918
919
920
921
922
923
930
931
938
939
945
946
947
953
954
955
956
957
958
959
960
961
962
963
964
965
966
967
968
969
970
971
972
973
974
975
976
977
978
979
980
981
982
983
984
985
986
987
988
989
990
991
992
993
994
995
996
997
998
999
1119
1120
1121
1122
1123
1124
1125
1126
1127
1128
1129
1130
1131
1132
1133
1134
1135
1136
1137
1138
1139
1140
1141
1142
1143
1144
1145
1146
1147
1148
1149
1150
1151
1152
1153
1154
1155
1156
1157
1158
1159
1160
1161
1162
1338
1339
1340
1341
1342
1343
1344
1345
1346
1347
1348
1349
1350
1351
1352
1353
1354
1355
1356
1357
1370
1371
1372
1373
1374
1375
1376
1377
1378
1379
1380
1381
1382
1383
1384
1385
1386
1387
1388
1389
1390
1391
1392
1393
1394
1395
1464
1465
1466
1467
1468
1469
1470
1471
1472
1473
1474
1475
1476
1477
1478
1479
1480
1481
1482
1483
1484
1485
1486
1487
1488
1489
1490
1491
1492
1493
1494
1495
1496
1497
1498
1499
1500
1501
1502
1503
1504
1505
1506
1507
1508
1509
1510
1511
1512
1513
1514
1515
1516
1517
1518
1519
1520
1521
1522
1523
1524
1525
1526
1527
1528
1529
1530
1531
1532
1533
1534
1535
1536
1537
1538
1539
1540
1541
1542
1543
1544
1545
1546
1547
1548
1549
1550
1551
1626
1627
1628
1629
1630
1631
1632
1633
1634
1635
1636
1637
1638
1639
1640
1641
1642
1643
1644
1700
1701
1702
1703
1704
1705
1706
1707
1708
1709
1710
1711
1712
1713
1714
1715
1716
1717
1718
1719
1720
1721
1865
1962
1963
1964
1965
1966
1967
1968
1969
1970
1971
1972
2312
2313
2314
2315
2316
2317
2318
2319
2320
2321
2322
2323
2324
2335
2336
2337
2338
2339
2440
2441
2442
2443
2444
2445
2446
2447
2448
2449
2450
2451
2452
2453
2454
2455
2456
2457
2458
2459
2460
2461
2462
2463
2464
2465
2466
2467
2468
2469
2470
2471
2472
2473
2474
2475
2476
2477
2478
2479
2480
2481
2482
2483
2484
2485
2617
2618
2619
2620
2621
2622
2623
2624
2625
2626
2627
2628
2629
2630
2631
2632
2633
2634
2635
2636
2637
2638
2639
2640
2641
2642
2643
2644
2645
2646
2647
2648
2649
2650
2651
2652
2653
2654
2655
2656
2657
2658
2659
2660
2661
2662
2663
2664
2665
2666
2667
2668
2669
2670
2671
2672
2673
2674
2675
2676
2677
2678
2679
2680
2681
2682
2683
2684
2685
2686
2687
2688
2689
2690
2691
2692
2693
2694
2695
2696
2697
2698
2699
2700
2701
2702
2703
2704
4116
4117
4118
4119
4159
4160
4161
4162
4163
4164
4165
4166
4167
4199
4200
4201
4202
4203
4204
4205
4206
4207
4208
4209
4210
4211
4212
4213
4214
4215
4225
4226
4227
4228
4229
4230
4231
4232
4233
4234
4235
4236
4237
4238
4239
4240
4241
4242
4243
4244
4245
4246
4247
4248
4249
4250
4251
4252
4253
4254
4255
4256
4257
4258
4259
4260
4261
4262
4263
4264
4265
4266
4267
4268
4269
4270
4271
4272
4273
4274
4275
4276
4277
4278
4279
4280
4281
4282
4283
4284
4285
4286
4287
4288
4289
4290
4291
4292
4293
4294
4295
4296
4297
4298
4299
4300
4301
4302
4303
4304
4305
4306
4307
4308
4309
4310
4311
4312
4313
4314
4315
4316
4317
4318
4319
4320
4321
4322
4323
4324
4325
4326
4327
4328
4329
4330
4331
4332
4333
4334
4335
4336
4337
4338
4339
4340
4341
4342
4343
4344
4345
4346
4347
4348
4349
4350
4351
4352
4353
4354
4355
4356
4357
4358
4359
4360
4361
4362
4363
4364
4365
4366
4367
4368
4369
4370
4371
4372
4373
4374
4375
4376
4377
4378
4379
4380
4381
4382
4383
4384
4385
4386
4387
4388
4389
4390
4391
4392
4393
4394
4395
4396
4397
4398
4399
4400
4401
4402
4403
4404
4405
4406
4407
4408
4409
4410
4411
4412
4413
4414
4415
4416
4417
4418
4419
4420
4421
4422
4423
4424
4425
4426
4427
4428
4429
4430
4431
4432
4433
4434
4435
4436
4437
4438
4439
4440
4441
4442
4443
4444
4445
4446
4447
4448
4449
4450
4451
4452
4453
4454
4455
4456
4457
4458
4459
4460
4461
4462
4463
4464
4465
4466
4467
4468
4469
4470
4471
4472
4473
4474
4475
4476
4477
4478
4479
4480
4481
4482
4483
4484
4485
4486
4487
4488
4489
4490
4491
4492
4493
4494
4495
4496
4497
4498
4499
4500
4501
4502
4503
4504
4505
4506
4507
4508
4509
4510
4511
4512
4513
4514
4515
4516
4517
4518
4519
4520
4521
4522
4523
4524
4525
4526
4527
4528
4529
4530
4531
4532
4533
4534
4535
4536
4537
4538
4539
4540
4541
4542
4543
4544
4545
4546
4547
4548
4549
4550
4551
4552
4553
4554
4555
4556
4557
4558
4559
4560
4561
4562
4563
4564
4565
4566
4567
4568
4569
4570
4571
4572
4573
4574
4575
4576
4577
4578
4579
4580
4581
4582
4583
4584
4585
4586
4587
4588
4589
4590
4591
4592
4593
4594
4595
4596
4597
4598
4599
4600
4601
4602
4603
4604
4605
4606
4607
4608
4609
4610
4611
4612
4613
4614
4615
4616
4617
4618
4619
4620
4621
4622
4623
4624
4625
4626
4627
4628
4629
4630
4631
4632
4633
4634
4635
4636
4637
4638
4639
4640
4641
4642
4643
4644
4645
4646
4647
4648
4649
4650
4651
4652
4653
4654
4655
4656
4657
4658
4659
4660
4661
4662
4663
4664
4665
4666
4667
4668
4669
4670
4671
4672
4673
4674
4675
4676
4677
4678
4679
4680
4681
4682
4683
4684
4685
4686
4687
4688
4689
4690
4691
4692
4693
4694
4695
4696
4697
4698
4699
4700
4701
4702
4703
4704
4705
4706
4707
4708
4709
4710
4711
4712
4713
4714
4715
4716
4717
4718
4719
4720
4721
4722
4723
4724
4725
4726
4727
4728
4729
4730
4731
4732
4733
4734
4735
4736
4737
4738
4739
4740
4741
4742
4743
4744
4745
4746
4747
4748
4749
4750
4751
4752
4753
4754
4755
4756
4757
4758
4759
4760
4761
4762
4763
4764
4765
4766
4767
4768
4769
4770
4771
4772
4773
4774
4775
4776
4777
4778
4779
4780
4781
4782
4783
4784
4785
4786
4787
4788
4789
4790
4791
4792
4793
4794
4795
4796
4797
4798
4799
4800
4801
4802
4803
4804
4805
4806
4807
4808
4809
4810
4811
4812
4813
4814
4815
4816
4817
4818
4819
4820
4821
4822
4823
4824
4825
4826
4827
4828
4829
4830
4831
4832
4833
4834
4835
4836
4837
4838
4839
4840
4841
4842
4843
4844
4845
4846
4847
4848
4849
4850
4851
4852
4853
4854
4855
4856
4857
4858
4859
4860
4861
4862
4863
4864
4865
4866
4867
4868
4869
4870
4871
4872
4873
4874
4875
4876
4877
4878
4879
4880
4881
4882
4883
4884
4885
4886
4887
4888
4889
4890
4891
4892
4893
4894
4895
4896
4897
4898
4899
4900
4901
4902
4903
4904
4905
4906
4907
4908
4909
4910
4911
4912
4913
4914
4915
4916
4917
4918
4919
4920
4921
4922
4923
4924
4925
4926
4927
4928
4929
4930
4931
4932
4933
4934
4935
4936
4937
4938
4939
4940
4941
4942
4943
4944
4945
4946
4947
4948
4949
4950
4951
4952
4953
4954
4955
4956
4957
4958
4959
4960
4961
4962
4963
4964
4965
4966
4967
4968
4969
4970
4971
4972
4973
4974
4975
4976
4977
4978
4979
4980
4981
4982
4983
4984
4985
4986
4987
4988
4989
4990
4991
4992
4993
4994
4995
4996
4997
4998
4999
5000
5001
5002
5003
5004
5005
5006
5007
5008
5009
5010
5011
5012
5013
5014
5015
5016
5017
5018
5019
5020
5021
5022
5023
5024
5025
5026
5027
5028
5029
5030
5031
5032
5033
5034
5035
5036
5037
5038
5039
5040
5041
5042
5043
5044
5045
5046
5047
5048
5049
5050
5051
5052
5053
5054
5055
5056
5057
5058
5059
5060
5061
5062
5063
5064
5065
5066
5067
5068
5069
5070
5071
5072
5073
5074
5075
5076
5077
5078
5079
5080
5081
5082
5083
5084
5085
5086
5087
5088
5089
5090
5091
5092
5093
5094
5095
5096
5097
5098
5099
5100
5101
5102
5103
5104
5105
5106
5107
5108
5109
5110
5111
5112
5113
5114
5115
5116
5117
5118
5119
5120
5121
5122
5123
5124
5125
5126
5127
6420
6421
6422
6423
6462
6463
6464
6465
6466
6467
6468
6469
6470
6471
6501
6502
6503
6504
6505
6506
6507
6508
6509
6510
6511
6512
6513
6514
6515
6516
6517
6518
6519
6520
6521
6522
6523
6524
6525
6526
6527
6528
6529
6530
6531
6532
6533
6534
6535
6536
6537
6538
6539
6540
6541
6542
6543
6544
6545
6546
6547
6548
6549
6550
6551
6552
6553
6554
6555
6556
6557
6558
6559
6560
6561
6562
6563
6564
6565
6566
6567
6568
6569
6570
6571
6572
6573
6574
6575
6576
6577
6578
6579
6580
6581
6582
6583
6584
6585
6586
6587
6588
6589
6590
6591
6592
6593
6594
6595
6596
6597
6598
6599
6600
6601
6602
6603
6604
6605
6606
6607
6608
6609
6610
6611
6612
6613
6614
6615
6616
6617
6618
6619
6620
6621
6622
6623
6624
6625
6626
6627
6628
6629
6630
6631
6632
6633
6634
6635
6636
6637
6638
6639
6640
6641
6642
6643
6644
6645
6646
6647
6648
6649
6650
6651
6652
6653
6654
6655
6656
6657
6658
6659
6660
6661
6662
6663
6664
6665
6666
6667
6668
6669
6670
6671
6672
6673
6674
6675
6676
6677
6678
6679
6680
6681
6682
6683
6684
6685
6686
6687
6688
6689
6690
6691
6692
6693
6694
6695
6696
6697
6698
6699
6700
6701
6702
6703
6704
6705
6706
6707
6708
6709
6710
6711
6712
6713
6714
6715
6716
6717
6718
6719
6720
6721
6722
6723
6724
6725
6726
6727
6728
6729
6730
6731
6732
6733
6734
6735
6736
6737
6738
6739
6740
6741
6742
6743
6744
6745
6746
6747
6748
6749
6750
6751
6752
6753
6754
6755
6756
6757
6758
6759
6760
6761
6762
6763
6764
6765
6766
6767
6768
6769
6770
6771
6772
6773
6774
6775
6776
6777
6778
6779
6780
6781
6782
6783
6784
6785
6786
6787
6788
6789
6790
6791
6792
6793
6794
6795
6796
6797
6798
6799
6800
6801
6802
6803
6804
6805
6806
6807
6808
6809
6810
6811
6812
6813
6814
6815
6816
6817
6818
6819
6820
6821
6822
6823
6824
6825
6826
6827
6828
6829
6830
6831
6832
6833
6834
6835
6836
6837
6838
6839
6840
6841
6842
6843
6844
6845
6846
6847
6848
6849
6850
6851
6852
6853
6854
6855
6856
6857
6858
6859
6860
6861
6862
6863
6864
6865
6866
6867
6868
6869
6870
6871
6872
6873
6874
6875
6876
6877
6878
6879
6880
6881
6882
6883
6884
6885
6886
6887
6888
6889
6890
6891
6892
6893
6894
6895
6896
6897
6898
6899
6900
6901
6902
6903
6904
6905
6906
6907
6908
6909
6910
6911
6912
6913
6914
6915
6916
6917
6918
6919
6920
6921
6922
6923
6924
6925
6926
6927
6928
6929
6930
6931
6932
6933
6934
6935
6936
6937
6938
6939
6940
6941
6942
6943
6944
6945
6946
6947
6948
6949
6950
6951
6952
6953
6954
6955
6956
6957
6958
6959
6960
6961
6962
6963
6964
6965
6966
6967
6968
6969
6970
6971
6972
6973
6974
6975
6976
6977
6978
6979
6980
6981
6982
6983
6984
6985
6986
6987
6988
6989
6990
6991
6992
6993
6994
6995
6996
6997
6998
6999
7000
7001
7002
7003
7004
7005
7006
7007
7008
7009
7010
7011
7012
7013
7014
7015
7016
7017
7018
7019
7020
7021
7022
7023
7024
7025
7026
7027
7028
7029
7030
7031
7032
7033
7034
7035
7036
7037
7038
7039
7040
7041
7042
7043
7044
7045
7046
7047
7048
7049
7050
7051
7052
7053
7054
7055
7056
7057
7058
7059
7060
7061
7062
7063
7064
7065
7066
7067
7068
7069
7070
7071
7072
7073
7074
7075
7076
7077
7078
7079
7080
7081
7082
7083
7084
7085
7086
7087
7088
7089
7090
7091
7092
7093
7094
7095
7096
7097
7098
7099
7100
7101
7102
7103
7104
7105
7106
7107
7108
7109
7110
7111
7112
7113
7114
7115
7116
7117
7118
7119
7120
7121
7122
7123
7124
7125
7126
7127
7128
7129
7130
7131
7132
7133
7134
7135
7136
7137
7138
7139
7140
7141
7142
7143
7144
7145
7146
7147
7148
7149
7150
7151
7152
7153
7154
7155
7156
7157
7158
7159
7160
7161
7162
7163
7164
7165
7166
7167
7168
7169
7170
7171
7172
7173
7174
7175
7176
7177
7178
7179
7180
7181
7182
7183
7184
7185
7186
7187
7188
7189
7190
7191
7192
7193
7194
7195
7196
7197
7198
7199
7200
7201
7202
7203
7204
7205
7206
7207
7208
7209
7210
7211
7212
7213
7214
7215
7216
7217
7218
7219
7220
7221
7222
7223
7224
7225
7226
7227
7228
7229
7230
7231
7232
7233
7234
7235
7236
7237
7238
7239
7240
7241
7242
7243
7244
7245
7246
7247
7248
7249
7250
7251
7252
7253
7254
7255
7256
7257
7258
7259
7260
7261
7262
7263
7264
7265
7266
7267
7268
7269
7270
7271
7272
7273
7274
7275
7276
7277
7278
7279
7280
7281
7282
7283
7284
7285
7286
7287
7288
7289
7290
7291
7292
7293
7294
7295
7296
7297
7298
7299
7300
7301
7302
7303
7304
7305
7306
7307
7308
7309
7310
7311
7312
7313
7314
7315
7316
7317
7318
7319
7320
7321
7322
7323
7324
7325
7326
7327
7328
7329
7330
7331
7332
7333
7334
7335
7336
7337
7338
7339
7340
7341
7342
7343
7344
7345
7346
7347
7348
7349
7350
7351
7352
7353
7354
7355
7356
7357
7358
7359
7360
7361
7362
7363
7364
7365
7366
7367
7368
7369
7370
7371
7372
7373
7374
7375
7376
7377
7378
7379
7380
7381
7382
7383
7384
7385
7386
7387
7388
7389
7390
7391
7392
7393
7394
7395
7396
7397
7398
7399
7400
7401
7402
7403
7404
7405
7406
7407
7408
7409
7410
7411
7412
7413
7414
7415
7416
7417
7418
7419
7420
7421
7422
7423
7424
7425
7426
7427
7428
7429
7430
7431
9783
9831
9879
9927
9975
10023
10071
10119
10167
16654
16655
16662
16663
16670
16671
16677
16678
16679
16685
16686
16687
16693
16694
16695
16701
16702
16703
16709
16710
16711
16718
16719
16726
16727
16734
16735
16741
16742
16743
16749
16750
16751
16757
16758
16759
16765
16766
16767
16773
16774
16775
16777
16781
16783
16787
16789
16795
16798
16800
16805
16806
16809
16813
16816
16818
16823
16825
16827
16832
16836
16839
16842
16848
16850
16852
16854
16859
16861
16863
16868
16869
16875
16876
16879
16882
16885
16888
16892
16894
16899
16900
16906
16913
16914
16919
16927
16928
16929
16933
16937
16943
16944
16947
16952
16954
16962
16966
16969
16971
16976
16978
16980
16985
16986
16990
16994
16995
16999
17002
17004
17005
17009
17015
17016
17017
17020
17027
17029
17033
17036
17039
17040
17043
17046
17049
17053
17060
17063
17064
17067
17070
17074
17076
17081
17083
17084
17085
17089
17091
17094
17098
17100
17104
17109
17111
17112
17116
17118
17120
17125
17127
17129
17134
17139
17147
17149
17151
17154
17155
17161
17163
17170
17173
17178
17179
17181
17187
17191
17192
17195
17196
17197
17200
17202
17210
17211
17212
17222
17223
17226
17228
17231
17233
17235
17241
17244
17248
17251
17254
17257
17260
17261
17267
17269
17275
17277
17281
17286
17290
17297
17298
17300
17303
17309
17311
17315
17316
17319
17322
17324
17326
17329
17333
17336
17344
17345
17346
17357
17361
17364
17368
17369
17372
17375
17376
17377
17379
17382
17386
17390
17391
17396
17399
17400
17402
17406
17408
17409
17412
17417
17421
17424
17426
17430
17433
17440
17448
17450
17451
17454
17456
17459
17462
17463
17468
17470
17475
17476
17480
17485
17486
17487
17494
17499
17500
17505
17506
17510
17511
17514
17518
17522
17524
17525
17527
17528
17537
17543
17549
17552
17553
17554
17557
17561
17565
17566
17571
17574
17576
17577
17581
17586
17588
17592
17596
17599
17600
17604
17606
17608
17617
17620
17623
17624
17631
17632
17634
17638
17645
17648
17649
17653
17654
17655
17662
17666
17667
17673
17678
17680
17683
17688
17689
17696
17697
17701
17705
17709
17715
17717
17720
17721
17724
17727
17732
17734
17737
17742
17745
17748
17751
17753
17754
17758
17761
17762
17765
17769
17775
17776
17779
17786
17792
17795
17796
17797
17800
17801
17802
17806
17807
17811
17818
17823
17825
17828
17829
17841
17844
17846
17852
17855
17857
17859
17862
17865
17868
17871
17876
17880
17883
17886
17887
17895
17896
17897
17902
17904
17908
17911
17914
17915
17925
17931
17932
17933
17936
17942
17948
17949
17950
17952
17961
17964
17966
17970
17972
17974
17976
17977
17981
17983
17988
17995
17996
18003
18004
18010
18011
18015
18021
18023
18024
18025
18027
18028
18033
18034
18036
18042
18043
18047
18053
18054
18065
18067
18069
18071
18072
18075
18083
18085
18089
18090
18096
18098
18101
18105
18107
18108
18109
18118
18121
18123
18124
18126
18127
18130
18137
18138
18143
18145
18151
18152
18153
18158
18162
18164
18170
18172
18173
18176
18178
18180
18182
18189
18195
18198
18204
18208
18215
18219
18224
18226
18227
18228
18232
18235
18237
18240
18243
18248
18250
18254
18257
18260
18263
18266
18270
18273
18279
18287
18292
18294
18295
18297
18298
18299
18302
18310
18312
18320
18322
18324
18336
18341
18343
18345
18351
18354
18356
18360
18362
18369
18370
18372
18377
18378
18380
18382
18383
18390
18396
18399
18400
18402
18405
18407
18409
18415
18416
18419
18422
18426
18428
18431
18434
18435
18436
18439
18444
18449
18450
18451
18456
18463
18464
18468
18475
18479
18481
18485
18487
18490
18497
18500
18508
18509
18510
18514
18516
18518
18521
18525
18528
18531
18533
18537
18538
18540
18547
18549
18550
18555
18556
18560
18561
18568
18569
18572
18579
18580
18583
18585
18595
18599
18600
18601
18602
18608
18609
18615
18617
18618
18622
18632
18633
18639
18641
18645
18651
18653
18654
18665
18666
18671
18673
18679
18681
18683
18685
18687
18695
18697
18699
18700
18702
18703
18706
18707
18711
18712
18723
18725
18728
18732
18734
18736
18738
18743
18747
18748
18750
18757
18760
18763
18765
18773
18777
18779
18782
18783
18784
18787
18789
18793
18794
18802
18804
18805
18807
18809
18813
18823
18824
18828
18831
18832
18836
18837
18838
18840
18845
18852
18855
18856
18857
18865
18866
18867
18868
18877
18879
18884
18887
18893
18895
18899
18904
18906
18908
18909
18916
18919
18929
18930
18933
18936
18937
18939
18943
18945
18951
18952
18954
18956
18958
18967
18969
18979
18986
18992
18995
18998
18999
19004
19006
19008
19009
19011
19012
19016
19022
19024
19027
19031
19038
19041
19042
19047
19048
19053
19058
19061
19062
19065
19070
19071
19072
19075
19082
19083
19084
19089
19094
19100
19102
19103
19104
19105
19107
19111
19114
19115
19119
19126
19131
19133
19136
19142
19143
19151
19153
19155
19161
19162
19164
19165
19170
19173
19176
19177
19179
19181
19182
19183
19188
19190
19192
19197
19198
19199
19205
19214
19217
19219
19222
19223
19224
19229
19234
19236
19240
19249
19250
19252
19253
19257
19259
19265
19267
19272
19273
19274
19276
19278
19280
19283
19291
19295
19296
19299
19301
19302
19305
19308
19309
19314
19316
19320
19322
19326
19330
19333
19338
19341
19342
19344
19347
19349
19356
19358
19360
19367
19369
19372
19376
19377
19380
19381
19389
19391
19393
19396
19399
19404
19409
19413
19414
19415
19418
19419
19420
19425
19427
19430
19431
19435
19436
19443
19447
19448
19455
19457
19461
19462
19468
19472
19477
19480
19489
19490
19495
19498
19500
19502
19506
19508
19510
19513
19520
19523
19525
19529
19535
19536
19537
19538
19541
19543
19548
19552
19555
19561
19562
19569
19570
19575
19576
19580
19586
19588
19591
19596
19597
19598
19599
19600
19601
19606
19611
19616
19618
19623
19624
19627
19628
19631
19633
19634
19638
19641
19642
19651
19655
19660
19664
19676
19678
19679
19681
19686
19688
19693
19697
19703
19706
19708
19710
19712
19717
19718
19722
19723
19726
19731
19737
19738
19746
19752
19753
19759
19762
19772
19777
19778
19779
19784
19788
19790
19792
19794
19798
19799
19800
19802
19803
19810
19815
19816
19817
19825
19831
19838
19841
19842
19849
19854
19860
19861
19864
19867
19870
19871
19873
19874
19876
19883
19888
19890
19892
19895
19898
19905
19907
19909
19910
19917
19918
19921
19933
19935
19936
19939
19942
19943
19946
19947
19949
19955
19956
19957
19962
19964
19969
19970
19972
19973
19978
19982
19983
19984
19987
19990
19991
19998
19999
20008
20017
20018
20021
20026
20029
20031
20039
20041
20042
20044
20046
20050
20057
20058
20062
20067
20070
20071
20073
20075
20083
20087
20092
20097
20099
20101
20104
20107
20121
20122
20125
20126
20130
20133
20134
20137
20138
20143
20145
20154
20157
20158
20159
20161
20163
20166
20170
20171
20178
20180
20181
20184
20192
20198
20202
20204
20208
20212
20220
20222
20226
20227
20230
20236
20239
20241
20242
20247
20249
20253
20258
20262
20263
20264
20265
20268
20270
20271
20272
20274
20284
20288
20289
20290
20291
20297
20301
20303
20306
20310
20326
20331
20336
20339
20341
20344
20346
20347
20348
20352
20355
20359
20360
20363
20366
20368
20369
20377
20380
20381
20383
20385
20389
20390
20396
20398
20403
20409
20411
20416
20420
20424
20425
20430
20435
20448
20449
20452
20453
20454
20455
20461
20463
20469
20470
20475
20480
20482
20488
20489
20495
20501
20507
20509
20514
20516
20517
20519
20520
20525
20531
20534
20535
20538
20539
20540
20541
20542
20544
20545
20546
20555
20557
20559
20560
20563
20565
20566
20570
20571
20573
20579
20580
20582
20584
20591
20599
20600
20601
20602
20607
20613
20616
20617
20623
20628
20629
20632
20641
20642
20644
20646
20651
20656
20659
20661
20662
20666
20670
20672
20674
20676
20680
20683
20691
20692
20693
20706
20708
20718
20720
20724
20727
20731
20737
20741
20744
20745
20746
20749
20750
20752
20755
20759
20760
20764
20768
20769
20771
20785
20787
20798
20801
20804
20805
20810
20811
20812
20813
20815
20820
20828
20830
20833
20834
20835
20836
20840
20841
20848
20849
20852
20854
20858
20866
20867
20874
20876
20880
20887
20895
20896
20897
20898
20900
20904
20905
20906
20908
20912
20916
20918
20920
20923
20925
20932
20933
20935
20940
20941
20943
20947
20948
20957
20958
20962
20968
20971
20974
20977
20978
20984
20989
20991
20992
20999
21001
21008
21010
21011
21012
21013
21023
21026
21029
21033
21035
21036
21037
21038
21040
21049
21055
21058
21062
21064
21069
21071
21075
21076
21079
21080
21086
21088
21090
21091
21096
21099
21109
21110
21113
21118
21123
21124
21128
21134
21138
21141
21146
21147
21149
21152
21153
21158
21160
21167
21168
21170
21173
21177
21178
21181
21186
21189
21191
21200
21203
21205
21206
21208
21215
21218
21219
21220
21225
21227
21233
21239
21240
21242
21246
21249
21250
21258
21261
21266
21269
21271
21272
21284
21291
21295
21298
21299
21305
21310
21311
21315
21316
21318
21320
21322
21330
21337
21340
21342
21344
21348
21350
21352
21353
21354
21357
21362
21363
21367
21368
21370
21373
21376
21383
21388
21391
21395
21398
21400
21401
21404
21412
21417
21420
21422
21424
21429
21430
21438
21442
21446
21447
21449
21460
21462
21466
21472
21477
21480
21481
21482
21483
21485
21487
21488
21490
21491
21492
21496
21497
21507
21508
21511
21514
21517
21518
21520
21521
21523
21526
21528
21536
21537
21539
21541
21547
21548
21553
21555
21557
21567
21569
21570
21573
21575
21576
21581
21585
21589
21590
21599
21602
21605
21606
21607
21617
21618
21623
21633
21636
21639
21644
21645
21653
21655
21657
21662
21673
21676
21678
21680
21683
21685
21689
21691
21692
21695
21696
21699
21701
21703
21709
21710
21711
21713
21722
21729
21732
21743
21749
21755
21760
21763
21766
21770
21771
21774
21779
21780
21781
21782
21785
21791
21793
21794
21795
21796
21798
21799
21809
21811
21818
21821
21824
21825
21826
21828
21829
21831
21840
21845
21847
21848
21852
21858
21860
21865
21867
21878
21879
21882
21883
21885
21887
21890
21897
21902
21903
21907
21908
21910
21912
21918
21920
21925
21939
21941
21947
21955
21958
21959
21966
21967
21969
21970
21975
21976
21979
21980
21981
21990
21995
21999
22000
22001
22002
22008
22016
22019
22021
22024
22025
22026
22031
22036
22039
22041
22042
22044
22048
22054
22062
22064
22068
22070
22079
22080
22086
22087
22088
22094
22095
22097
22098
22102
22103
22110
22113
22115
22118
22120
22124
22125
22128
22132
22136
22137
22146
22147
22149
22150
22153
22155
22158
22160
22165
22168
22170
22174
22175
22176
22178
22179
22186
22189
22197
22201
22202
22206
22212
22214
22216
22219
22225
22229
22233
22239
22242
22247
22252
22254
22256
22257
22258
22263
22264
22265
22267
22272
22278
22284
22285
22287
22289
22292
22294
22295
22302
22304
22306
22308
22309
22311
22314
22321
22322
22327
22332
22334
22335
22340
22342
22343
22348
22351
22352
22355
22357
22366
22367
22371
22372
22382
22383
22386
22393
22398
22401
22406
22410
22411
22413
22414
22415
22419
22420
22426
22429
22430
22437
22443
22448
22449
22451
22454
22456
22457
22463
22466
22467
22476
22478
22484
22486
22494
22504
22505
22507
22508
22512
22513
22514
22523
22524
22530
22534
22536
22538
22539
22549
22550
22553
22554
22557
22559
22560
22565
22568
22570
22578
22579
22581
22584
22587
22588
22591
22598
22599
22601
22603
22609
22613
22619
22620
22624
22628
22631
22643
22645
22646
22649
22654
22660
22668
22669
22671
22673
22675
22676
22679
22681
22682
22688
22690
22692
22693
22698
22701
22703
22705
22707
22708
22710
22715
22721
22724
22726
22727
22729
22737
22738
22739
22743
22745
22746
22749
22752
22754
22759
22765
22768
22771
22773
22774
22776
22779
22780
22782
22788
22792
22793
22796
22799
22801
22804
22806
22811
22814
22816
22821
22824
22828
22833
22836
22841
22844
22852
22859
22860
22861
22865
22869
22871
22872
22878
22880
22885
22887
22893
22895
22899
22900
22901
22906
22911
22912
22917
22919
22920
22923
22925
22926
22928
22929
22934
22937
22938
22941
22943
22946
22947
22952
22960
22967
22968
22972
22973
22975
22979
22986
22988
22994
22999
23001
23004
23007
23009
23016
23018
23020
23021
23033
23036
23043
23044
23053
23055
23057
23062
23064
23068
23069
23070
23071
23076
23078
23090
23091
23092
23093
23098
23099
23103
23106
23108
23110
23111
23124
23125
23126
23131
23133
23138
23140
23141
23143
23147
23148
23150
23156
23161
23166
23176
23177
23179
23182
23183
23185
23199
23200
23201
23205
23210
23213
23214
23226
23227
23231
23233
23237
23240
23247
23248
23255
23256
23260
23261
23263
23268
23270
23271
23274
23275
23277
23278
23281
23282
23284
23285
23286
23287
23290
23291
23292
23299
23300
23302
23304
23314
23315
23318
23320
23323
23329
23331
23336
23338
23339
23340
23341
23343
23345
23348
23350
23351
23358
23363
23367
23368
23372
23374
23377
23380
23382
23387
23393
23398
23399
23400
23404
23406
23408
23409
23410
23415
23417
23419
23425
23426
23427
23429
23430
23435
23436
23444
23445
23448
23459
23462
23465
23468
23470
23471
23472
23473
23474
23479
23481
23488
23497
23498
23499
23506
23507
23508
23513
23516
23523
23529
23530
23531
23536
23540
23541
23546
23553
23554
23555
23558
23562
23564
23567
23577
23578
23585
23586
23588
23594
23596
23600
23605
23609
23617
23622
23623
23631
23634
23641
23647
23649
23651
23654
23656
23659
23667
23669
23671
23674
23679
23681
23682
23686
23687
23689
23691
23697
23701
23703
23709
23712
23714
23716
23718
23719
23722
23724
23730
23731
23733
23735
23738
23739
23743
23745
23746
23757
23758
23763
23766
23776
23778
23779
23780
23782
23787
23790
23794
23796
23803
23806
23818
23822
23824
23826
23829
23832
23840
23843
23845
23849
23851
23853
23854
23859
23861
23866
23867
23874
23883
23884
23892
23896
23897
23898
23899
23902
23903
23904
23906
23907
23908
23909
23923
23926
23929
23932
23934
23935
23938
23939
23940
23941
23948
23952
23955
23956
23958
23961
23962
23964
23968
23970
23971
23976
23977
23981
23986
23992
24000
24006
24007
24010
24013
24014
24016
24033
24046
24047
24050
24061
24062
24063
24065
24067
24069
24070
24071
24078
24082
24090
24091
24096
24097
24098
24104
24106
24108
24109
24110
24111
24112
24114
24116
24118
24123
24125
24127
24132
24133
24139
24144
24150
24154
24155
24157
24158
24161
24168
24172
24173
24175
24181
24183
24184
24185
24188
24194
24196
24197
24202
24207
24210
24212
24213
24217
24222
24223
24234
24236
24239
24242
24245
24247
24248
24253
24254
24259
24262
24266
24273
24276
24277
24280
24281
24289
24290
24291
24292
24296
24297
24303
24314
24317
24318
24325
24326
24328
24329
24335
24338
24340
24343
24344
24346
24347
24350
24355
24358
24360
24370
24372
24375
24381
24384
24387
24389
24398
24400
24402
24407
24412
24421
24422
24423
24425
24427
24430
24433
24436
24438
24440
24442
24445
24460
24462
24466
24472
24478
24482
24487
24491
24495
24496
24497
24501
24502
24504
24505
24507
24510
24512
24515
24516
24519
24521
24524
24528
24535
24537
24540
24541
24542
24546
24554
24555
24558
24559
24561
24569
24574
24576
24579
24580
24582
24584
24591
24592
24599
24607
24608
24609
24611
24612
24613
24615
24617
24618
24619
24621
24622
24624
24629
24635
24637
24640
24642
24647
24649
24651
24653
24655
24656
24658
24659
24662
24664
24665
24671
24674
24681
24686
24687
24688
24694
24702
24709
24714
24715
24718
24720
24721
24723
24724
24725
24733
24736
24738
24742
24747
24748
24752
24754
24762
24765
24766
24771
24775
24778
24783
24784
24789
24790
24797
24800
24801
24802
24804
24805
24806
24812
24815
24818
24822
24830
24838
24839
24841
24848
24852
24855
24856
24859
24861
24866
24867
24869
24870
24871
24872
24874
24878
24881
24888
24891
24895
24900
24901
24902
24904
24905
24913
24915
24918
24921
24929
24930
24931
24935
24937
24942
24946
24950
24951
24953
24954
24960
24961
24963
24966
24968
24972
24973
24977
24979
24990
24994
24996
25002
25004
25006
25009
25012
25014
25016
25018
25019
25024
25028
25032
25039
25042
25045
25047
25048
25052
25053
25054
25055
25062
25067
25068
25070
25073
25074
25075
25077
25082
25083
25090
25094
25095
25100
25103
25107
25111
25113
25114
25115
25120
25125
25127
25135
25139
25143
25144
25147
25150
25152
25157
25163
25164
25168
25171
25174
25176
25179
25181
25184
25189
25192
25193
25196
25198
25201
25205
25206
25211
25215
25221
25224
25225
25230
25231
25234
25237
25239
25242
25243
25245
25249
25252
25254
25257
25264
25265
25266
25268
25270
25272
25273
25274
25280
25282
25290
25293
25294
25298
25300
25304
25306
25308
25312
25324
25331
25332
25339
25341
25342
25346
25347
25348
25355
25356
25357
25362
25372
25373
25377
25385
25386
25388
25390
25392
25394
25398
25401
25410
25412
25413
25416
25418
25425
25427
25428
25430
25431
25435
25441
25444
25445
25447
25449
25452
25457
25459
25463
25467
25468
25473
25474
25480
25482
25486
25487
25492
25498
25499
25500
25501
25506
25507
25510
25513
25515
25516
25518
25522
25524
25530
25531
25540
25542
25544
25550
25551
25553
25555
25565
25566
25568
25570
25576
25580
25582
25584
25585
25586
25591
25593
25598
25600
25601
25604
25612
25613
25614
25615
25616
25620
25622
25624
25629
25630
25632
25636
25641
25647
25648
25651
25652
25658
25659
25670
25671
25672
25673
25676
25678
25680
25682
25683
25684
25685
25686
25689
25699
25701
25702
25703
25708
25709
25715
25716
25718
25728
25729
25732
25733
25734
25737
25738
25747
25753
25754
25755
25764
25765
25766
25767
25770
25772
25773
25774
25777
25778
25780
25781
25782
25785
25796
25802
25810
25812
25816
25817
25818
25822
25823
25825
25827
25829
25833
25834
25836
25837
25839
25841
25855
25856
25861
25866
25869
25871
25873
25876
25878
25883
25887
25889
25891
25896
25898
25907
25908
25910
25916
25917
25920
25921
25922
25924
25928
25932
25935
25936
25937
25938
25941
25950
25953
25956
25962
25968
25969
25972
25978
25983
25984
25985
25988
25989
25993
25996
25998
26000
26005
26009
26010
26014
26016
26017
26019
26020
26023
26030
26031
26034
26038
26044
26046
26047
26048
26049
26054
26055
26058
26061
26065
26066
26067
26068
26074
26077
26078
26079
26082
26084
26085
26095
26097
26098
26105
26110
26111
26112
26113
26114
26115
26117
26126
26132
26134
26135
26140
26142
26146
26147
26148
26151
26154
26155
26156
26157
26164
26168
26172
26174
26176
26177
26178
26180
26187
26194
26198
26199
26200
26204
26205
26208
26209
26210
26217
26222
26227
26232
26233
26238
26239
26240
26242
26243
26245
26248
26250
26251
26255
26258
26264
26266
26270
26275
26283
26286
26289
26290
26295
26304
26308
26310
26311
26316
26321
26322
26323
26325
26328
26331
26333
26335
26339
26341
26342
26343
26344
26345
26347
26351
26352
26353
26366
26367
26368
26370
26371
26372
26375
26379
26381
26384
26386
26389
26391
26393
26395
26397
26401
26402
26404
26405
26407
26413
26417
26419
26429
26431
26433
26435
26436
26437
26438
26439
26446
26447
26450
26452
26455
26456
26458
26460
26464
26466
26469
26470
26471
26472
26475
26476
26477
26478
26486
26487
26491
26492
26494
26496
26497
26499
26504
26505
26507
26509
26511
26512
26513
26518
26519
26521
26526
26533
26535
26536
26546
26549
26553
26563
26564
26565
26567
26571
26578
26579
26580
26581
26589
26590
26593
26594
26597
26600
26601
26606
26607
26608
26615
26617
26620
26624
26626
26630
26634
26637
26640
26644
26645
26646
26652
26656
26657
26658
26662
26663
26664
26668
26671
26672
26675
26682
26684
26693
26695
26696
26698
26701
26705
26707
26712
26713
26717
26720
26721
26722
26724
26731
26733
26734
26735
26737
26739
26741
26746
26748
26752
26753
26757
26759
26760
26767
26771
26772
26776
26778
26781
26782
26784
26794
26796
26799
26801
26805
26806
26808
26812
26816
26817
26818
26823
26826
26832
26840
26844
26845
26850
26852
26857
26859
26860
26861
26863
26868
26870
26875
26876
26878
26882
26884
26885
26886
26902
26909
26912
26913
26914
26916
26919
26921
26927
26930
26931
26933
26948
26954
26958
26959
26961
26962
26964
26968
26975
26978
26980
26982
26983
26984
26988
26989
26990
26992
26993
26996
26999
27000
27005
27012
27017
27018
27023
27024
27025
27026
27036
27037
27038
27040
27042
27047
27049
27052
27053
27054
27056
27057
27059
27060
27061
27062
27063
27064
27065
27068
27070
27078
27086
27090
27091
27092
27095
27099
27100
27106
27111
27114
27115
27117
27118
27120
27123
27126
27128
27129
27135
27136
27139
27140
27142
27143
27147
27151
27152
27159
27161
27167
27168
27169
27172
27176
27179
27180
27182
27199
27201
27202
27207
27209
27212
27216
27218
27231
27232
27234
27236
27237
27240
27246
27247
27250
27253
27254
27255
27256
27257
27261
27267
27274
27275
27277
27279
27281
27286
27287
27290
27294
27297
27303
27304
27306
27315
27317
27320
27328
27330
27332
27335
27337
27339
27341
27342
27343
27345
27346
27347
27361
27364
27365
27366
27367
27374
27375
27376
27378
27382
27394
27401
27403
27404
27405
27410
27414
27419
27423
27426
27428
27429
27431
27432
27436
27438
27439
27441
27446
27454
27460
27461
27464
27465
27466
27471
27472
27474
27477
27478
27482
27483
27485
27490
27493
27495
27505
27509
27510
27512
27515
27516
27517
27518
27526
27528
27531
27539
27542
27544
27550
27552
27555
27557
27564
27565
27566
27567
27568
27571
27579
27581
27584
27585
27586
27587
27589
27598
27599
27601
27602
27606
27613
27614
27617
27620
27621
27623
27625
27629
27631
27632
27633
27635
27636
27639
27646
27648
27663
27664
27665
27666
27668
27671
27678
27681
27683
27685
27687
27691
27692
27698
27701
27711
27716
27719
27721
27725
27727
27730
27731
27732
27733
27734
27741
27742
27745
27748
27751
27754
27758
27762
27764
27765
27766
27767
27770
27772
27773
27776
27778
27779
27780
27781
27787
27792
27794
27796
27797
27798
27803
27805
27807
27809
27812
27815
27816
27818
27820
27825
27838
27841
27844
27846
27847
27857
27860
27862
27863
27865
27868
27874
27878
27883
27887
27889
27893
27896
27897
27898
27899
27904
27905
27911
27916
27926
27932
27934
27937
27944
27946
27948
27951
27952
27953
27954
27960
27963
27965
27966
27968
27969
27973
27977
27979
27980
27982
27985
27986
27991
27993
27994
27997
27998
28007
28009
28013
28016
28019
28023
28028
28029
28031
28033
28034
28035
28038
28041
28043
28051
28053
28061
28063
28067
28076
28078
28082
28084
28085
28086
28088
28090
28101
28105
28106
28107
28109
28113
28116
28118
28126
28128
28144
28146
28149
28152
28159
28161
28165
28167
28168
28169
28178
28180
28181
28183
28184
28185
28192
28194
28196
28197
28203
28204
28212
28213
28214
28216
28217
28218
28220
28224
28227
28229
28233
28236
28237
28238
28239
28240
28241
28242
28246
28247
28248
28252
28253
28257
28259
28260
28262
28263
28264
28265
28268
28269
28271
28272
28276
28277
28282
28284
28285
28286
28287
28294
28295
28298
28307
28311
28328
28335
28338
28339
28340
28343
28344
28345
28347
28348
28351
28353
28355
28357
28358
28359
28366
28367
28368
28369
28370
28371
28378
28380
28382
28383
28384
28387
28389
28393
28395
28396
28404
28405
28409
28411
28422
28423
28426
28430
28439
28443
28444
28445
28446
28451
28453
28454
28457
28460
28461
28463
28464
28465
28472
28478
28482
28483
28485
28486
28489
28490
28492
28496
28498
28500
28501
28502
28503
28505
28508
28511
28512
28513
28516
28517
28519
28520
28521
28526
28528
28532
28534
28535
28540
28543
28549
28550
28551
28552
28558
28559
28560
28567
28568
28570
28575
28581
28588
28589
28591
28592
28594
28596
28597
28599
28605
28609
28610
28612
28615
28618
28620
28624
28625
28626
28628
28629
28632
28633
28636
28640
28643
28645
28646
28651
28655
28661
28662
28663
28665
28668
28671
28680
28681
28683
28684
28688
28699
28700
28702
28705
28707
28708
28710
28712
28713
28714
28715
28721
28722
28729
28738
28740
28741
28745
28746
28747
28752
28753
28754
28756
28764
28766
28773
28775
28783
28786
28788
28791
28792
28793
28794
28795
28798
28800
28801
28807
28809
28810
28812
28813
28815
28818
28819
28824
28827
28829
28830
28831
28832
28833
28836
28838
28840
28842
28845
28846
28848
28851
28853
28855
28860
28865
28869
28871
28876
28879
28880
28881
28883
28886
28889
28890
28891
28898
28904
28905
28906
28908
28911
28912
28915
28916
28918
28921
28925
28929
28930
28933
28944
28953
28956
28961
28962
28967
28968
28971
28972
28984
28985
28987
28995
28996
28998
29004
29007
29008
29014
29015
29016
29019
29020
29023
29026
29027
29028
29029
29034
29036
29045
29046
29049
29054
29056
29061
29065
29070
29075
29077
29081
29090
29091
29099
29103
29106
29107
29108
29110
29112
29114
29115
29117
29128
29129
29132
29133
29137
29142
29143
29146
29149
29152
29153
29158
29159
29162
29163
29171
29174
29175
29176
29179
29182
29183
29184
29185
29187
29189
29192
29193
29202
29205
29208
29213
29215
29216
29220
29221
29231
29232
29234
29236
29238
29240
29243
29245
29247
29249
29256
29258
29260
29261
29264
29268
29270
29273
29281
29284
29287
29294
29296
29297
29306
29309
29310
29313
29314
29318
29321
29322
29323
29330
29331
29334
29339
29345
29346
29350
29353
29354
29357
29359
29360
29364
29365
29371
29373
29374
29375
29376
29378
29380
29381
29391
29392
29393
29394
29397
29398
29402
29415
29417
29418
29424
29426
29427
29432
29434
29435
29436
29438
29439
29440
29442
29445
29447
29450
29456
29459
29461
29471
29472
29474
29480
29483
29488
29489
29492
29495
29501
29503
29505
29506
29510
29514
29517
29519
29520
29523
29524
29525
29526
29535
29537
29543
29546
29552
29553
29554
29555
29557
29558
29560
29561
29566
29570
29572
29575
29584
29588
29590
29591
29593
29595
29598
29606
29609
29613
29614
29616
29621
29622
29624
29629
29631
29632
29635
29636
29638
29639
29643
29647
30940
30941
30942
30943
30983
30984
30985
30986
30987
30988
30989
30990
30991
31023
31024
31025
31026
31027
31028
31029
31030
31031
31032
31033
31034
31035
31036
31037
31038
31039
31049
31050
31051
31052
31053
31054
31055
31056
31057
31058
31059
31060
31061
31062
31063
31064
31065
31066
31067
31068
31069
31070
31071
31072
31073
31074
31075
31076
31077
31078
31079
31080
31081
31082
31083
31084
31085
31086
31087
31088
31089
31090
31091
31092
31093
31094
31095
31096
31097
31098
31099
31100
31101
31102
31103
31104
31105
31106
31107
31108
31109
31110
31111
31112
31113
31114
31115
31116
31117
31118
31119
31120
31121
31122
31123
31124
31125
31126
31127
31128
31129
31130
31131
31132
31133
31134
31135
31136
31137
31138
31139
31140
31141
31142
31143
31144
31145
31146
31147
31148
31149
31150
31151
31152
31153
31154
31155
31156
31157
31158
31159
31160
31161
31162
31163
31164
31165
31166
31167
31168
31169
31170
31171
31172
31173
31174
31175
31176
31177
31178
31179
31180
31181
31182
31183
31184
31185
31186
31187
31188
31189
31190
31191
31192
31193
31194
31195
31196
31197
31198
31199
31200
31201
31202
31203
31204
31205
31206
31207
31208
31209
31210
31211
31212
31213
31214
31215
31216
31217
31218
31219
31220
31221
31222
31223
31224
31225
31226
31227
31228
31229
31230
31231
31232
31233
31234
31235
31236
31237
31238
31239
31240
31241
31242
31243
31244
31245
31246
31247
31248
31249
31250
31251
31252
31253
31254
31255
31256
31257
31258
31259
31260
31261
31262
31263
31264
31265
31266
31267
31268
31269
31270
31271
31272
31273
31274
31275
31276
31277
31278
31279
31280
31281
31282
31283
31284
31285
31286
31287
31288
31289
31290
31291
31292
31293
31294
31295
31296
31297
31298
31299
31300
31301
31302
31303
31304
31305
31306
31307
31308
31309
31310
31311
31312
31313
31314
31315
31316
31317
31318
31319
31320
31321
31322
31323
31324
31325
31326
31327
31328
31329
31330
31331
31332
31333
31334
31335
31336
31337
31338
31339
31340
31341
31342
31343
31344
31345
31346
31347
31348
31349
31350
31351
31352
31353
31354
31355
31356
31357
31358
31359
31360
31361
31362
31363
31364
31365
31366
31367
31368
31369
31370
31371
31372
31373
31374
31375
31376
31377
31378
31379
31380
31381
31382
31383
31384
31385
31386
31387
31388
31389
31390
31391
31392
31393
31394
31395
31396
31397
31398
31399
31400
31401
31402
31403
31404
31405
31406
31407
31408
31409
31410
31411
31412
31413
31414
31415
31416
31417
31418
31419
31420
31421
31422
31423
31424
31425
31426
31427
31428
31429
31430
31431
31432
31433
31434
31435
31436
31437
31438
31439
31440
31441
31442
31443
31444
31445
31446
31447
31448
31449
31450
31451
31452
31453
31454
31455
31456
31457
31458
31459
31460
31461
31462
31463
31464
31465
31466
31467
31468
31469
31470
31471
31472
31473
31474
31475
31476
31477
31478
31479
31480
31481
31482
31483
31484
31485
31486
31487
31488
31489
31490
31491
31492
31493
31494
31495
31496
31497
31498
31499
31500
31501
31502
31503
31504
31505
31506
31507
31508
31509
31510
31511
31512
31513
31514
31515
31516
31517
31518
31519
31520
31521
31522
31523
31524
31525
31526
31527
31528
31529
31530
31531
31532
31533
31534
31535
31536
31537
31538
31539
31540
31541
31542
31543
31544
31545
31546
31547
31548
31549
31550
31551
31552
31553
31554
31555
31556
31557
31558
31559
31560
31561
31562
31563
31564
31565
31566
31567
31568
31569
31570
31571
31572
31573
31574
31575
31576
31577
31578
31579
31580
31581
31582
31583
31584
31585
31586
31587
31588
31589
31590
31591
31592
31593
31594
31595
31596
31597
31598
31599
31600
31601
31602
31603
31604
31605
31606
31607
31608
31609
31610
31611
31612
31613
31614
31615
31616
31617
31618
31619
31620
31621
31622
31623
31624
31625
31626
31627
31628
31629
31630
31631
31632
31633
31634
31635
31636
31637
31638
31639
31640
31641
31642
31643
31644
31645
31646
31647
31648
31649
31650
31651
31652
31653
31654
31655
31656
31657
31658
31659
31660
31661
31662
31663
31664
31665
31666
31667
31668
31669
31670
31671
31672
31673
31674
31675
31676
31677
31678
31679
31680
31681
31682
31683
31684
31685
31686
31687
31688
31689
31690
31691
31692
31693
31694
31695
31696
31697
31698
31699
31700
31701
31702
31703
31704
31705
31706
31707
31708
31709
31710
31711
31712
31713
31714
31715
31716
31717
31718
31719
31720
31721
31722
31723
31724
31725
31726
31727
31728
31729
31730
31731
31732
31733
31734
31735
31736
31737
31738
31739
31740
31741
31742
31743
31744
31745
31746
31747
31748
31749
31750
31751
31752
31753
31754
31755
31756
31757
31758
31759
31760
31761
31762
31763
31764
31765
31766
31767
31768
31769
31770
31771
31772
31773
31774
31775
31776
31777
31778
31779
31780
31781
31782
31783
31784
31785
31786
31787
31788
31789
31790
31791
31792
31793
31794
31795
31796
31797
31798
31799
31800
31801
31802
31803
31804
31805
31806
31807
31808
31809
31810
31811
31812
31813
31814
31815
31816
31817
31818
31819
31820
31821
31822
31823
31824
31825
31826
31827
31828
31829
31830
31831
31832
31833
31834
31835
31836
31837
31838
31839
31840
31841
31842
31843
31844
31845
31846
31847
31848
31849
31850
31851
31852
31853
31854
31855
31856
31857
31858
31859
31860
31861
31862
31863
31864
31865
31866
31867
31868
31869
31870
31871
31872
31873
31874
31875
31876
31877
31878
31879
31880
31881
31882
31883
31884
31885
31886
31887
31888
31889
31890
31891
31892
31893
31894
31895
31896
31897
31898
31899
31900
31901
31902
31903
31904
31905
31906
31907
31908
31909
31910
31911
31912
31913
31914
31915
31916
31917
31918
31919
31920
31921
31922
31923
31924
31925
31926
31927
31928
31929
31930
31931
31932
31933
31934
31935
31936
31937
31938
31939
31940
31941
31942
31943
31944
31945
31946
31947
31948
31949
31950
31951
33244
33245
33246
33247
33286
33287
33288
33289
33290
33291
33292
33293
33294
33295
33325
33326
33327
33328
33329
33330
33331
33332
33333
33334
33335
33336
33337
33338
33339
33340
33341
33342
33343
33344
33345
33346
33347
33348
33349
33350
33351
33352
33353
33354
33355
33356
33357
33358
33359
33360
33361
33362
33363
33364
33365
33366
33367
33368
33369
33370
33371
33372
33373
33374
33375
33376
33377
33378
33379
33380
33381
33382
33383
33384
33385
33386
33387
33388
33389
33390
33391
33392
33393
33394
33395
33396
33397
33398
33399
33400
33401
33402
33403
33404
33405
33406
33407
33408
33409
33410
33411
33412
33413
33414
33415
33416
33417
33418
33419
33420
33421
33422
33423
33424
33425
33426
33427
33428
33429
33430
33431
33432
33433
33434
33435
33436
33437
33438
33439
33440
33441
33442
33443
33444
33445
33446
33447
33448
33449
33450
33451
33452
33453
33454
33455
33456
33457
33458
33459
33460
33461
33462
33463
33464
33465
33466
33467
33468
33469
33470
33471
33472
33473
33474
33475
33476
33477
33478
33479
33480
33481
33482
33483
33484
33485
33486
33487
33488
33489
33490
33491
33492
33493
33494
33495
33496
33497
33498
33499
33500
33501
33502
33503
33504
33505
33506
33507
33508
33509
33510
33511
33512
33513
33514
33515
33516
33517
33518
33519
33520
33521
33522
33523
33524
33525
33526
33527
33528
33529
33530
33531
33532
33533
33534
33535
33536
33537
33538
33539
33540
33541
33542
33543
33544
33545
33546
33547
33548
33549
33550
33551
33552
33553
33554
33555
33556
33557
33558
33559
33560
33561
33562
33563
33564
33565
33566
33567
33568
33569
33570
33571
33572
33573
33574
33575
33576
33577
33578
33579
33580
33581
33582
33583
33584
33585
33586
33587
33588
33589
33590
33591
33592
33593
33594
33595
33596
33597
33598
33599
33600
33601
33602
33603
33604
33605
33606
33607
33608
33609
33610
33611
33612
33613
33614
33615
33616
33617
33618
33619
33620
33621
33622
33623
33624
33625
33626
33627
33628
33629
33630
33631
33632
33633
33634
33635
33636
33637
33638
33639
33640
33641
33642
33643
33644
33645
33646
33647
33648
33649
33650
33651
33652
33653
33654
33655
33656
33657
33658
33659
33660
33661
33662
33663
33664
33665
33666
33667
33668
33669
33670
33671
33672
33673
33674
33675
33676
33677
33678
33679
33680
33681
33682
33683
33684
33685
33686
33687
33688
33689
33690
33691
33692
33693
33694
33695
33696
33697
33698
33699
33700
33701
33702
33703
33704
33705
33706
33707
33708
33709
33710
33711
33712
33713
33714
33715
33716
33717
33718
33719
33720
33721
33722
33723
33724
33725
33726
33727
33728
33729
33730
33731
33732
33733
33734
33735
33736
33737
33738
33739
33740
33741
33742
33743
33744
33745
33746
33747
33748
33749
33750
33751
33752
33753
33754
33755
33756
33757
33758
33759
33760
33761
33762
33763
33764
33765
33766
33767
33768
33769
33770
33771
33772
33773
33774
33775
33776
33777
33778
33779
33780
33781
33782
33783
33784
33785
33786
33787
33788
33789
33790
33791
33792
33793
33794
33795
33796
33797
33798
33799
33800
33801
33802
33803
33804
33805
33806
33807
33808
33809
33810
33811
33812
33813
33814
33815
33816
33817
33818
33819
33820
33821
33822
33823
33824
33825
33826
33827
33828
33829
33830
33831
33832
33833
33834
33835
33836
33837
33838
33839
33840
33841
33842
33843
33844
33845
33846
33847
33848
33849
33850
33851
33852
33853
33854
33855
33856
33857
33858
33859
33860
33861
33862
33863
33864
33865
33866
33867
33868
33869
33870
33871
33872
33873
33874
33875
33876
33877
33878
33879
33880
33881
33882
33883
33884
33885
33886
33887
33888
33889
33890
33891
33892
33893
33894
33895
33896
33897
33898
33899
33900
33901
33902
33903
33904
33905
33906
33907
33908
33909
33910
33911
33912
33913
33914
33915
33916
33917
33918
33919
33920
33921
33922
33923
33924
33925
33926
33927
33928
33929
33930
33931
33932
33933
33934
33935
33936
33937
33938
33939
33940
33941
33942
33943
33944
33945
33946
33947
33948
33949
33950
33951
33952
33953
33954
33955
33956
33957
33958
33959
33960
33961
33962
33963
33964
33965
33966
33967
33968
33969
33970
33971
33972
33973
33974
33975
33976
33977
33978
33979
33980
33981
33982
33983
33984
33985
33986
33987
33988
33989
33990
33991
33992
33993
33994
33995
33996
33997
33998
33999
34000
34001
34002
34003
34004
34005
34006
34007
34008
34009
34010
34011
34012
34013
34014
34015
34016
34017
34018
34019
34020
34021
34022
34023
34024
34025
34026
34027
34028
34029
34030
34031
34032
34033
34034
34035
34036
34037
34038
34039
34040
34041
34042
34043
34044
34045
34046
34047
34048
34049
34050
34051
34052
34053
34054
34055
34056
34057
34058
34059
34060
34061
34062
34063
34064
34065
34066
34067
34068
34069
34070
34071
34072
34073
34074
34075
34076
34077
34078
34079
34080
34081
34082
34083
34084
34085
34086
34087
34088
34089
34090
34091
34092
34093
34094
34095
34096
34097
34098
34099
34100
34101
34102
34103
34104
34105
34106
34107
34108
34109
34110
34111
34112
34113
34114
34115
34116
34117
34118
34119
34120
34121
34122
34123
34124
34125
34126
34127
34128
34129
34130
34131
34132
34133
34134
34135
34136
34137
34138
34139
34140
34141
34142
34143
34144
34145
34146
34147
34148
34149
34150
34151
34152
34153
34154
34155
34156
34157
34158
34159
34160
34161
34162
34163
34164
34165
34166
34167
34168
34169
34170
34171
34172
34173
34174
34175
34176
34177
34178
34179
34180
34181
34182
34183
34184
34185
34186
34187
34188
34189
34190
34191
34192
34193
34194
34195
34196
34197
34198
34199
34200
34201
34202
34203
34204
34205
34206
34207
34208
34209
34210
34211
34212
34213
34214
34215
34216
34217
34218
34219
34220
34221
34222
34223
34224
34225
34226
34227
34228
34229
34230
34231
34232
34233
34234
34235
34236
34237
34238
34239
34240
34241
34242
34243
34244
34245
34246
34247
34248
34249
34250
34251
34252
34253
34254
34255
36607
36655
36703
36751
36799
36847
36895
36943
36991
43478
43479
43486
43487
43494
43495
43501
43502
43503
43509
43510
43511
43517
43518
43519
43525
43526
43527
43533
43534
43535
43542
43543
43550
43551
43558
43559
43565
43566
43567
43573
43574
43575
43581
43582
43583
43589
43590
43591
43597
43598
43599
43600
43602
43603
43607
43613
43616
43617
43619
43621
43624
43629
43631
43635
43639
43640
43645
43646
43652
43654
43658
43659
43664
43670
43671
43672
43673
43678
43679
43682
43685
43687
43688
43690
43694
43696
43702
43703
43712
43714
43716
43722
43723
43725
43727
43737
43738
43740
43742
43748
43752
43754
43756
43757
43758
43763
43765
43770
43772
43773
43776
43784
43785
43786
43787
43788
43792
43794
43796
43801
43802
43804
43808
43813
43819
43820
43823
43824
43830
43831
43842
43843
43844
43845
43848
43850
43852
43854
43855
43856
43857
43858
43861
43871
43873
43874
43875
43880
43881
43887
43888
43890
43900
43901
43904
43905
43906
43909
43910
43919
43925
43926
43927
43936
43937
43938
43939
43942
43944
43945
43946
43949
43950
43952
43953
43954
43957
43968
43974
43982
43984
43988
43989
43990
43994
43995
43997
43999
44001
44005
44006
44008
44009
44011
44013
44027
44028
44033
44038
44041
44043
44045
44048
44050
44055
44059
44061
44063
44068
44070
44079
44080
44082
44088
44089
44092
44093
44094
44096
44100
44104
44107
44108
44109
44110
44113
44122
44125
44128
44134
44140
44141
44144
44150
44155
44156
44157
44160
44161
44165
44168
44170
44172
44177
44181
44182
44186
44188
44189
44191
44192
44195
44202
44203
44206
44210
44216
44218
44219
44220
44221
44226
44227
44230
44233
44237
44238
44239
44240
44246
44249
44250
44251
44254
44256
44257
44267
44269
44270
44277
44282
44283
44284
44285
44286
44287
44289
44298
44304
44306
44307
44312
44314
44318
44319
44320
44323
44326
44327
44328
44329
44336
44340
44344
44346
44348
44349
44350
44352
44359
44366
44370
44371
44372
44376
44377
44380
44381
44382
44389
44394
44399
44404
44405
44410
44411
44412
44414
44415
44417
44420
44422
44423
44427
44430
44436
44438
44442
44447
44455
44458
44461
44462
44467
44476
44480
44482
44483
44488
44493
44494
44495
44497
44500
44503
44505
44507
44511
44513
44514
44515
44516
44517
44519
44523
44524
44525
44538
44539
44540
44542
44543
44544
44547
44551
44553
44556
44558
44561
44563
44565
44567
44569
44573
44574
44576
44577
44579
44585
44589
44591
44601
44603
44605
44607
44608
44609
44610
44611
44618
44619
44622
44624
44627
44628
44630
44632
44636
44638
44641
44642
44643
44644
44647
44648
44649
44650
44658
44659
44663
44664
44666
44668
44669
44671
44676
44677
44679
44681
44683
44684
44685
44690
44691
44693
44698
44705
44707
44708
44718
44721
44725
44735
44736
44737
44739
44743
44750
44751
44752
44753
44761
44762
44765
44766
44769
44772
44773
44778
44779
44780
44787
44789
44792
44796
44798
44802
44806
44809
44812
44816
44817
44818
44824
44828
44829
44830
44834
44835
44836
44840
44843
44844
44847
44854
44856
44865
44867
44868
44870
44873
44877
44879
44884
44885
44889
44892
44893
44894
44896
44903
44905
44906
44907
44909
44911
44913
44918
44920
44924
44925
44929
44931
44932
44939
44943
44944
44948
44950
44953
44954
44956
44966
44968
44971
44973
44977
44978
44980
44984
44988
44989
44990
44995
44998
45004
45012
45016
45017
45022
45024
45029
45031
45032
45033
45035
45040
45042
45047
45048
45050
45054
45056
45057
45058
45074
45081
45084
45085
45086
45088
45091
45093
45099
45102
45103
45105
45120
45126
45130
45131
45133
45134
45136
45140
45147
45150
45152
45154
45155
45156
45160
45161
45162
45164
45165
45168
45171
45172
45177
45184
45189
45190
45195
45196
45197
45198
45208
45209
45210
45212
45214
45219
45221
45224
45225
45226
45228
45229
45231
45232
45233
45234
45235
45236
45237
45240
45242
45250
45258
45262
45263
45264
45267
45271
45272
45278
45283
45286
45287
45289
45290
45292
45295
45298
45300
45301
45307
45308
45311
45312
45314
45315
45319
45323
45324
45331
45333
45339
45340
45341
45344
45348
45351
45352
45354
45371
45373
45374
45379
45381
45384
45388
45390
45403
45404
45406
45408
45409
45412
45418
45419
45422
45425
45426
45427
45428
45429
45433
45439
45446
45447
45449
45451
45453
45458
45459
45462
45466
45469
45475
45476
45478
45487
45489
45492
45500
45502
45504
45507
45509
45511
45513
45514
45515
45517
45518
45519
45533
45536
45537
45538
45539
45546
45547
45548
45550
45554
45566
45573
45575
45576
45577
45582
45586
45591
45595
45598
45600
45601
45603
45604
45608
45610
45611
45613
45618
45626
45632
45633
45636
45637
45638
45643
45644
45646
45649
45650
45654
45655
45657
45662
45665
45667
45677
45681
45682
45684
45687
45688
45689
45690
45698
45700
45703
45711
45714
45716
45722
45724
45727
45729
45736
45737
45738
45739
45740
45743
45751
45753
45756
45757
45758
45759
45761
45770
45771
45773
45774
45778
45785
45786
45789
45792
45793
45795
45797
45801
45803
45804
45805
45807
45808
45811
45818
45820
45835
45836
45837
45838
45840
45843
45850
45853
45855
45857
45859
45863
45864
45870
45873
45883
45888
45891
45893
45897
45899
45902
45903
45904
45905
45906
45913
45914
45917
45920
45923
45926
45930
45934
45936
45937
45938
45939
45942
45944
45945
45948
45950
45951
45952
45953
45959
45964
45966
45968
45969
45970
45975
45977
45979
45981
45984
45987
45988
45990
45992
45997
46010
46013
46016
46018
46019
46029
46032
46034
46035
46037
46040
46046
46050
46055
46059
46061
46065
46068
46069
46070
46071
46076
46077
46083
46088
46098
46104
46106
46109
46116
46118
46120
46123
46124
46125
46126
46132
46135
46137
46138
46140
46141
46145
46149
46151
46152
46154
46157
46158
46163
46165
46166
46169
46170
46179
46181
46185
46188
46191
46195
46200
46201
46203
46205
46206
46207
46210
46213
46215
46223
46225
46233
46235
46239
46248
46250
46254
46256
46257
46258
46260
46262
46273
46277
46278
46279
46281
46285
46288
46290
46298
46300
46316
46318
46321
46324
46331
46333
46337
46339
46340
46341
46350
46352
46353
46355
46356
46357
46364
46366
46368
46369
46375
46376
46384
46385
46386
46388
46389
46390
46392
46396
46399
46401
46405
46408
46409
46410
46411
46412
46413
46414
46418
46419
46420
46424
46425
46429
46431
46432
46434
46435
46436
46437
46440
46441
46443
46444
46448
46449
46454
46456
46457
46458
46459
46466
46467
46470
46479
46483
46500
46507
46510
46511
46512
46515
46516
46517
46519
46520
46523
46525
46527
46529
46530
46531
46538
46539
46540
46541
46542
46543
46550
46552
46554
46555
46556
46559
46561
46565
46567
46568
46576
46577
46581
46583
46594
46595
46598
46602
46611
46615
46616
46617
46618
46623
46625
46626
46629
46632
46633
46635
46636
46637
46644
46650
46654
46655
46657
46658
46661
46662
46664
46668
46670
46672
46673
46674
46675
46677
46680
46683
46684
46685
46688
46689
46691
46692
46693
46698
46700
46704
46706
46707
46712
46715
46721
46722
46723
46724
46730
46731
46732
46739
46740
46742
46747
46753
46760
46761
46763
46764
46766
46768
46769
46771
46777
46781
46782
46784
46787
46790
46792
46796
46797
46798
46800
46801
46804
46805
46808
46812
46815
46817
46818
46823
46827
46833
46834
46835
46837
46840
46843
46852
46853
46855
46856
46860
46871
46872
46874
46877
46879
46880
46882
46884
46885
46886
46887
46893
46894
46901
46910
46912
46913
46917
46918
46919
46924
46925
46926
46928
46936
46938
46945
46947
46955
46958
46960
46963
46964
46965
46966
46967
46970
46972
46973
46979
46981
46982
46984
46985
46987
46990
46991
46996
46999
47001
47002
47003
47004
47005
47008
47010
47012
47014
47017
47018
47020
47023
47025
47027
47032
47037
47041
47043
47048
47051
47052
47053
47055
47058
47061
47062
47063
47070
47076
47077
47078
47080
47083
47084
47087
47088
47090
47093
47097
47101
47102
47105
47116
47125
47128
47133
47134
47139
47140
47143
47144
47156
47157
47159
47167
47168
47170
47176
47179
47180
47186
47187
47188
47191
47192
47195
47198
47199
47200
47201
47206
47208
47217
47218
47221
47226
47228
47233
47237
47242
47247
47249
47253
47262
47263
47271
47275
47278
47279
47280
47282
47284
47286
47287
47289
47300
47301
47304
47305
47309
47314
47315
47318
47321
47324
47325
47330
47331
47334
47335
47343
47346
47347
47348
47351
47354
47355
47356
47357
47359
47361
47364
47365
47374
47377
47380
47385
47387
47388
47392
47393
47403
47404
47406
47408
47410
47412
47415
47417
47419
47421
47428
47430
47432
47433
47436
47440
47442
47445
47453
47456
47459
47466
47468
47469
47478
47481
47482
47485
47486
47490
47493
47494
47495
47502
47503
47506
47511
47517
47518
47522
47525
47526
47529
47531
47532
47536
47537
47543
47545
47546
47547
47548
47550
47552
47553
47563
47564
47565
47566
47569
47570
47574
47587
47589
47590
47596
47598
47599
47604
47606
47607
47608
47610
47611
47612
47614
47617
47619
47622
47628
47631
47633
47643
47644
47646
47652
47655
47660
47661
47664
47667
47673
47675
47677
47678
47682
47686
47689
47691
47692
47695
47696
47697
47698
47707
47709
47715
47718
47724
47725
47726
47727
47729
47730
47732
47733
47738
47742
47744
47747
47756
47760
47762
47763
47765
47767
47770
47778
47781
47785
47786
47788
47793
47794
47796
47801
47803
47804
47807
47808
47810
47811
47815
47819
47821
47825
47827
47831
47833
47839
47842
47844
47849
47850
47853
47857
47860
47862
47867
47869
47871
47876
47880
47883
47886
47892
47894
47896
47898
47903
47905
47907
47912
47913
47919
47920
47923
47926
47929
47932
47936
47938
47943
47944
47950
47957
47958
47963
47971
47972
47973
47977
47981
47987
47988
47991
47996
47998
48006
48010
48013
48015
48020
48022
48024
48029
48030
48034
48038
48039
48043
48046
48048
48049
48053
48059
48060
48061
48064
48071
48073
48077
48080
48083
48084
48087
48090
48093
48097
48104
48107
48108
48111
48114
48118
48120
48125
48127
48128
48129
48133
48135
48138
48142
48144
48148
48153
48155
48156
48160
48162
48164
48169
48171
48173
48178
48183
48191
48193
48195
48198
48199
48205
48207
48214
48217
48222
48223
48225
48231
48235
48236
48239
48240
48241
48244
48246
48254
48255
48256
48266
48267
48270
48272
48275
48277
48279
48285
48288
48292
48295
48298
48301
48304
48305
48311
48313
48319
48321
48325
48330
48334
48341
48342
48344
48347
48353
48355
48359
48360
48363
48366
48368
48370
48373
48377
48380
48388
48389
48390
48401
48405
48408
48412
48413
48416
48419
48420
48421
48423
48426
48430
48434
48435
48440
48443
48444
48446
48450
48452
48453
48456
48461
48465
48468
48470
48474
48477
48484
48492
48494
48495
48498
48500
48503
48506
48507
48512
48514
48519
48520
48524
48529
48530
48531
48538
48543
48544
48549
48550
48554
48555
48558
48562
48566
48568
48569
48571
48572
48581
48587
48593
48596
48597
48598
48601
48605
48609
48610
48615
48618
48620
48621
48625
48630
48632
48636
48640
48643
48644
48648
48650
48652
48661
48664
48667
48668
48675
48676
48678
48682
48689
48692
48693
48697
48698
48699
48706
48710
48711
48717
48722
48724
48727
48732
48733
48740
48741
48745
48749
48753
48759
48761
48764
48765
48768
48771
48776
48778
48781
48786
48789
48792
48795
48797
48798
48802
48805
48806
48809
48813
48819
48820
48823
48830
48836
48839
48840
48841
48844
48845
48846
48850
48851
48855
48862
48867
48869
48872
48873
48885
48888
48890
48896
48899
48901
48903
48906
48909
48912
48915
48920
48924
48927
48930
48931
48939
48940
48941
48946
48948
48952
48955
48958
48959
48969
48975
48976
48977
48980
48986
48992
48993
48994
48996
49005
49008
49010
49014
49016
49018
49020
49021
49025
49027
49032
49039
49040
49047
49048
49054
49055
49059
49065
49067
49068
49069
49071
49072
49077
49078
49080
49086
49087
49091
49097
49098
49109
49111
49113
49115
49116
49119
49127
49129
49133
49134
49140
49142
49145
49149
49151
49152
49153
49162
49165
49167
49168
49170
49171
49174
49181
49182
49187
49189
49195
49196
49197
49202
49206
49208
49214
49216
49217
49220
49222
49224
49226
49233
49239
49242
49248
49252
49259
49263
49268
49270
49271
49272
49276
49279
49281
49284
49287
49292
49294
49298
49301
49304
49307
49310
49314
49317
49323
49331
49336
49338
49339
49341
49342
49343
49346
49354
49356
49364
49366
49368
49380
49385
49387
49389
49395
49398
49400
49404
49406
49413
49414
49416
49421
49422
49424
49426
49427
49434
49440
49443
49444
49446
49449
49451
49453
49459
49460
49463
49466
49470
49472
49475
49478
49479
49480
49483
49488
49493
49494
49495
49500
49507
49508
49512
49519
49523
49525
49529
49531
49534
49541
49544
49552
49553
49554
49558
49560
49562
49565
49569
49572
49575
49577
49581
49582
49584
49591
49593
49594
49599
49600
49604
49605
49612
49613
49616
49623
49624
49627
49629
49639
49643
49644
49645
49646
49652
49653
49659
49661
49662
49666
49676
49677
49683
49685
49689
49695
49697
49698
49709
49710
49715
49717
49723
49725
49727
49729
49731
49739
49741
49743
49744
49746
49747
49750
49751
49755
49756
49767
49769
49772
49776
49778
49780
49782
49787
49791
49792
49794
49801
49804
49807
49809
49817
49821
49823
49826
49827
49828
49831
49833
49837
49838
49846
49848
49849
49851
49853
49857
49867
49868
49872
49875
49876
49880
49881
49882
49884
49889
49896
49899
49900
49901
49909
49910
49911
49912
49921
49923
49928
49931
49937
49939
49943
49948
49950
49952
49953
49960
49963
49973
49974
49977
49980
49981
49983
49987
49989
49995
49996
49998
50000
50002
50011
50013
50023
50030
50036
50039
50042
50043
50048
50050
50052
50053
50055
50056
50060
50066
50068
50071
50075
50082
50085
50086
50091
50092
50097
50102
50105
50106
50109
50114
50115
50116
50119
50126
50127
50128
50133
50138
50144
50146
50147
50148
50149
50151
50155
50158
50159
50163
50170
50175
50177
50180
50186
50187
50195
50197
50199
50205
50206
50208
50209
50214
50217
50220
50221
50223
50225
50226
50227
50232
50234
50236
50241
50242
50243
50249
50258
50261
50263
50266
50267
50268
50273
50278
50280
50284
50293
50294
50296
50297
50301
50303
50309
50311
50316
50317
50318
50320
50322
50324
50327
50335
50339
50340
50343
50345
50346
50349
50352
50353
50358
50360
50364
50366
50370
50374
50377
50382
50385
50386
50388
50391
50393
50400
50402
50404
50411
50413
50416
50420
50421
50424
50425
50433
50435
50437
50440
50443
50448
50453
50457
50458
50459
50462
50463
50464
50469
50471
50474
50475
50479
50480
50487
50491
50492
50499
50501
50505
50506
50512
50516
50521
50524
50533
50534
50539
50542
50544
50546
50550
50552
50554
50557
50564
50567
50569
50573
50579
50580
50581
50582
50585
50587
50592
50596
50599
50605
50606
50613
50614
50619
50620
50624
50630
50632
50635
50640
50641
50642
50643
50644
50645
50650
50655
50660
50662
50667
50668
50671
50672
50675
50677
50678
50682
50685
50686
50695
50699
50704
50708
50720
50722
50723
50725
50730
50732
50737
50741
50747
50750
50752
50754
50756
50761
50762
50766
50767
50770
50775
50781
50782
50790
50796
50797
50803
50806
50816
50821
50822
50823
50828
50832
50834
50836
50838
50842
50843
50844
50846
50847
50854
50859
50860
50861
50869
50875
50882
50885
50886
50893
50898
50904
50905
50908
50911
50914
50915
50917
50918
50920
50927
50932
50934
50936
50939
50942
50949
50951
50953
50954
50961
50962
50965
50977
50979
50980
50983
50986
50987
50990
50991
50993
50999
51000
51001
51006
51008
51013
51014
51016
51017
51022
51026
51027
51028
51031
51034
51035
51042
51043
51052
51061
51062
51065
51070
51073
51075
51083
51085
51086
51088
51090
51094
51101
51102
51106
51111
51114
51115
51117
51119
51127
51131
51136
51141
51143
51145
51148
51151
51165
51166
51169
51170
51174
51177
51178
51181
51182
51187
51189
51198
51201
51202
51203
51205
51207
51210
51214
51215
51222
51224
51225
51228
51236
51242
51246
51248
51252
51256
51264
51266
51270
51271
51274
51280
51283
51285
51286
51291
51293
51297
51302
51306
51307
51308
51309
51312
51314
51315
51316
51318
51328
51332
51333
51334
51335
51341
51345
51347
51350
51354
51370
51375
51380
51383
51385
51388
51390
51391
51392
51396
51399
51403
51404
51407
51410
51412
51413
51421
51424
51425
51427
51429
51433
51434
51440
51442
51447
51453
51455
51460
51464
51468
51469
51474
51479
51492
51493
51496
51497
51498
51499
51505
51507
51513
51514
51519
51524
51526
51532
51533
51539
51545
51551
51553
51558
51560
51561
51563
51564
51569
51575
51578
51579
51582
51583
51584
51585
51586
51588
51589
51590
51599
51601
51603
51604
51607
51609
51610
51614
51615
51617
51623
51624
51626
51628
51635
51643
51644
51645
51646
51651
51657
51660
51661
51667
51672
51673
51676
51685
51686
51688
51690
51695
51700
51703
51705
51706
51710
51714
51716
51718
51720
51724
51727
51735
51736
51737
51750
51752
51762
51764
51768
51771
51775
51781
51785
51788
51789
51790
51793
51794
51796
51799
51803
51804
51808
51812
51813
51815
51829
51831
51842
51845
51848
51849
51854
51855
51856
51857
51859
51864
51872
51874
51877
51878
51879
51880
51884
51885
51892
51893
51896
51898
51902
51910
51911
51918
51920
51924
51931
51939
51940
51941
51942
51944
51948
51949
51950
51952
51956
51960
51962
51964
51967
51969
51976
51977
51979
51984
51985
51987
51991
51992
52001
52002
52006
52012
52015
52018
52021
52022
52028
52033
52035
52036
52043
52045
52052
52054
52055
52056
52057
52067
52070
52073
52077
52079
52080
52081
52082
52084
52093
52099
52102
52106
52108
52113
52115
52119
52120
52123
52124
52130
52132
52134
52135
52140
52143
52153
52154
52157
52162
52167
52168
52172
52178
52182
52185
52190
52191
52193
52196
52197
52202
52204
52211
52212
52214
52217
52221
52222
52225
52230
52233
52235
52244
52247
52249
52250
52252
52259
52262
52263
52264
52269
52271
52277
52283
52284
52286
52290
52293
52294
52302
52305
52310
52313
52315
52316
52328
52335
52339
52342
52343
52349
52354
52355
52359
52360
52362
52364
52366
52374
52381
52384
52386
52388
52392
52394
52396
52397
52398
52401
52406
52407
52411
52412
52414
52417
52420
52427
52432
52435
52439
52442
52444
52445
52448
52456
52461
52464
52466
52468
52473
52474
52482
52486
52490
52491
52493
52504
52506
52510
52516
52521
52524
52525
52526
52527
52529
52531
52532
52534
52535
52536
52540
52541
52551
52552
52555
52558
52561
52562
52564
52565
52567
52570
52572
52580
52581
52583
52585
52591
52592
52597
52599
52601
52611
52613
52614
52617
52619
52620
52625
52629
52633
52634
52643
52646
52649
52650
52651
52661
52662
52667
52677
52680
52683
52688
52689
52697
52699
52701
52706
52717
52720
52722
52724
52727
52729
52733
52735
52736
52739
52740
52743
52745
52747
52753
52754
52755
52757
52766
52773
52776
52787
52793
52799
52804
52807
52810
52814
52815
52818
52823
52824
52825
52826
52829
52835
52837
52838
52839
52840
52842
52843
52853
52855
52862
52865
52868
52869
52870
52872
52873
52875
52884
52889
52891
52892
52896
52902
52904
52909
52911
52922
52923
52926
52927
52929
52931
52934
52941
52946
52947
52951
52952
52954
52956
52962
52964
52969
52983
52985
52991
52999
53002
53003
53010
53011
53013
53014
53019
53020
53023
53024
53025
53034
53039
53043
53044
53045
53046
53052
53060
53063
53065
53068
53069
53070
53075
53080
53083
53085
53086
53088
53092
53098
53106
53108
53112
53114
53123
53124
53130
53131
53132
53138
53139
53141
53142
53146
53147
53154
53157
53159
53162
53164
53168
53169
53172
53176
53180
53181
53190
53191
53193
53194
53197
53199
53202
53204
53209
53212
53214
53218
53219
53220
53222
53223
53230
53233
53241
53245
53246
53250
53256
53258
53260
53263
53269
53273
53277
53283
53286
53291
53296
53298
53300
53301
53302
53307
53308
53309
53311
53316
53322
53328
53329
53331
53333
53336
53338
53339
53346
53348
53350
53352
53353
53355
53358
53365
53366
53371
53376
53378
53379
53384
53386
53387
53392
53395
53396
53399
53401
53410
53411
53415
53416
53426
53427
53430
53437
53442
53445
53450
53454
53455
53457
53458
53459
53463
53464
53470
53473
53474
53481
53487
53492
53493
53495
53498
53500
53501
53507
53510
53511
53520
53522
53528
53530
53538
53548
53549
53551
53552
53556
53557
53558
53567
53568
53574
53578
53580
53582
53583
53593
53594
53597
53598
53601
53603
53604
53609
53612
53614
53622
53623
53625
53628
53631
53632
53635
53642
53643
53645
53647
53653
53657
53663
53664
53668
53672
53675
53687
53689
53690
53693
53698
53704
53712
53713
53715
53717
53719
53720
53723
53725
53726
53732
53734
53736
53737
53742
53745
53747
53749
53751
53752
53754
53759
53765
53768
53770
53771
53773
53781
53782
53783
53787
53789
53790
53793
53796
53798
53803
53809
53812
53815
53817
53818
53820
53823
53824
53826
53832
53836
53837
53840
53843
53845
53848
53850
53855
53858
53860
53865
53868
53872
53877
53880
53885
53888
53896
53903
53904
53905
53909
53913
53915
53916
53922
53924
53929
53931
53937
53939
53943
53944
53945
53950
53955
53956
53961
53963
53964
53967
53969
53970
53972
53973
53978
53981
53982
53985
53987
53990
53991
53996
54004
54011
54012
54016
54017
54019
54023
54030
54032
54038
54043
54045
54048
54051
54053
54060
54062
54064
54065
54077
54080
54087
54088
54097
54099
54101
54106
54108
54112
54113
54114
54115
54120
54122
54134
54135
54136
54137
54142
54143
54147
54150
54152
54154
54155
54168
54169
54170
54175
54177
54182
54184
54185
54187
54191
54192
54194
54200
54205
54210
54220
54221
54223
54226
54227
54229
54243
54244
54245
54249
54254
54257
54258
54270
54271
54275
54277
54281
54284
54291
54292
54299
54300
54304
54305
54307
54312
54314
54315
54318
54319
54321
54322
54325
54326
54328
54329
54330
54331
54334
54335
54336
54343
54344
54346
54348
54358
54359
54362
54364
54367
54373
54375
54380
54382
54383
54384
54385
54387
54389
54392
54394
54395
54402
54407
54411
54412
54416
54418
54421
54424
54426
54431
54437
54442
54443
54444
54448
54450
54452
54453
54454
54459
54461
54463
54469
54470
54471
54473
54474
54479
54480
54488
54489
54492
54503
54506
54509
54512
54514
54515
54516
54517
54518
54523
54525
54532
54541
54542
54543
54550
54551
54552
54557
54560
54567
54573
54574
54575
54580
54584
54585
54590
54597
54598
54599
54602
54606
54608
54611
54621
54622
54629
54630
54632
54638
54640
54644
54649
54653
54661
54666
54667
54675
54678
54685
54691
54693
54695
54698
54700
54703
54711
54713
54715
54718
54723
54725
54726
54730
54731
54733
54735
54741
54745
54747
54753
54756
54758
54760
54762
54763
54766
54768
54774
54775
54777
54779
54782
54783
54787
54789
54790
54801
54802
54807
54810
54820
54822
54823
54824
54826
54831
54834
54838
54840
54847
54850
54862
54866
54868
54870
54873
54876
54884
54887
54889
54893
54895
54897
54898
54903
54905
54910
54911
54918
54927
54928
54936
54940
54941
54942
54943
54946
54947
54948
54950
54951
54952
54953
54967
54970
54973
54976
54978
54979
54982
54983
54984
54985
54992
54996
54999
55000
55002
55005
55006
55008
55012
55014
55015
55020
55021
55025
55030
55036
55044
55050
55051
55054
55057
55058
55060
55077
55090
55091
55094
55105
55106
55107
55109
55111
55113
55114
55115
55122
55126
55134
55135
55140
55141
55142
55148
55150
55152
55153
55154
55155
55156
55158
55160
55162
55167
55169
55171
55176
55177
55183
55188
55194
55198
55199
55201
55202
55205
55212
55216
55217
55219
55225
55227
55228
55229
55232
55238
55240
55241
55246
55251
55254
55256
55257
55261
55266
55267
55278
55280
55283
55286
55289
55291
55292
55297
55298
55303
55306
55310
55317
55320
55321
55324
55325
55333
55334
55335
55336
55340
55341
55347
55358
55361
55362
55369
55370
55372
55373
55379
55382
55384
55387
55388
55390
55391
55394
55399
55402
55404
55414
55416
55419
55425
55428
55431
55433
55442
55444
55446
55451
55456
55465
55466
55467
55469
55471
55474
55477
55480
55482
55484
55486
55489
55504
55506
55510
55516
55522
55526
55531
55535
55539
55540
55541
55545
55546
55548
55549
55551
55554
55556
55559
55560
55563
55565
55568
55572
55579
55581
55584
55585
55586
55590
55598
55599
55602
55603
55605
55613
55618
55620
55623
55624
55626
55628
55635
55636
55643
55651
55652
55653
55655
55656
55657
55659
55661
55662
55663
55665
55666
55668
55673
55679
55681
55684
55686
55691
55693
55695
55697
55699
55700
55702
55703
55706
55708
55709
55715
55718
55725
55730
55731
55732
55738
55746
55753
55758
55759
55762
55764
55765
55767
55768
55769
55777
55780
55782
55786
55791
55792
55796
55798
55806
55809
55810
55815
55819
55822
55827
55828
55833
55834
55841
55844
55845
55846
55848
55849
55850
55856
55859
55862
55866
55874
55882
55883
55885
55892
55896
55899
55900
55903
55905
55910
55911
55913
55914
55915
55916
55918
55922
55925
55932
55935
55939
55944
55945
55946
55948
55949
55957
55959
55962
55965
55973
55974
55975
55979
55981
55986
55990
55994
55995
55997
55998
56004
56005
56007
56010
56012
56016
56017
56021
56023
56034
56038
56040
56046
56048
56050
56053
56056
56058
56060
56062
56063
56068
56072
56076
56083
56086
56089
56091
56092
56096
56097
56098
56099
56106
56111
56112
56114
56117
56118
56119
56121
56126
56127
56134
56138
56139
56144
56147
56151
56155
56157
56158
56159
56164
56169
56171
56179
56183
56187
56188
56191
56194
56196
56201
56207
56208
56212
56215
56218
56220
56223
56225
56228
56233
56236
56237
56240
56242
56245
56249
56250
56255
56259
56265
56268
56269
56274
56275
56278
56281
56283
56286
56287
56289
56293
56296
56298
56301
56308
56309
56310
56312
56314
56316
56317
56318
56324
56326
56334
56337
56338
56342
56344
56348
56350
56352
56356
56368
56375
56376
56383
56385
56386
56390
56391
56392
56399
56400
56401
56406
56416
56417
56421
56429
56430
56432
56434
56436
56438
56442
56445
56454
56456
56457
56460
56462
56469
56471
)


// ************************************************************************* //
