/*--------------------------------*- C++ -*----------------------------------*\
| =========                 |                                                 |
| \\      /  F ield         | OpenFOAM: The Open Source CFD Toolbox           |
|  \\    /   O peration     | Version:  3.0.1                                 |
|   \\  /    A nd           | Web:      www.OpenFOAM.org                      |
|    \\/     M anipulation  |                                                 |
\*---------------------------------------------------------------------------*/
FoamFile
{
    version     2.0;
    format      ascii;
    class       labelList;
    location    "constant/polyMesh";
    object      cellProcAddressing;
}
// * * * * * * * * * * * * * * * * * * * * * * * * * * * * * * * * * * * * * //


10440
(
4802
4803
4804
4805
4806
4807
4808
4809
4810
4811
4812
4813
4814
4815
4816
4817
4818
4819
4820
4821
4822
4823
4824
4825
4826
4827
4828
4829
4830
4831
4832
4833
4834
4835
4836
4837
4838
4839
4840
4841
4842
4843
4844
4845
4846
4847
4848
4849
4850
4851
4852
4853
4854
4855
4856
4857
4858
4859
4860
4861
4862
4863
4864
4865
4866
4867
4868
4869
4870
4871
4872
4873
4874
4875
4876
4877
4878
4879
4880
4881
4882
4883
4884
4885
4886
4887
4888
4889
4890
4891
4892
4893
4894
4895
4896
4897
4898
4899
4900
4901
4902
4903
4904
4905
4906
4907
4908
4909
4910
4911
4912
4913
4914
4915
4916
4917
4918
4919
4920
4921
4922
4923
4924
4925
4926
4927
4928
4929
4930
4931
4932
4933
4934
4935
4936
4937
4938
4939
4940
4941
4942
4943
4944
4945
4946
4947
4948
4949
4950
4951
4952
4953
4954
4955
4956
4957
4958
4959
4960
4961
4962
4963
4964
4965
4966
4967
4968
4969
4970
4971
4972
4973
4974
4975
4976
4977
4978
4979
4980
4981
4982
4983
4984
4985
4986
4987
4988
4989
4990
4991
4992
4993
4994
4995
4996
4997
4998
4999
5000
5001
5002
5003
5004
5005
5006
5007
5008
5009
5010
5011
5012
5013
5014
5015
5016
5017
5018
5019
5020
5021
5022
5023
5024
5025
5026
5027
5028
5029
5030
5031
5032
5033
5034
5035
5036
5037
5038
5039
5040
5041
5042
5043
5044
5045
5046
5047
5048
5049
5050
5051
5052
5053
5054
5055
5056
5057
5058
5059
5060
5061
5062
5063
5064
5065
5066
5067
5068
5069
5070
5071
5072
5073
5074
5075
5076
5077
5078
5079
5080
5081
5082
5083
5084
5085
5086
5087
5088
5089
5090
5091
5092
5093
5094
5095
5096
5097
5098
5099
5100
5101
5102
5103
5104
5105
5106
5107
5108
5109
5110
5111
5112
5113
5114
5115
5116
5117
5118
5119
5120
5121
5122
5123
5124
5125
5126
5127
5128
5129
5130
5131
5132
5133
5134
5135
5136
5137
5138
5139
5140
5141
5142
5143
5144
5145
5146
5147
5148
5149
5150
5151
5152
5153
5154
5155
5156
5157
5158
5159
5160
5161
5162
5163
5164
5165
5166
5167
5168
5169
5170
5171
5172
5173
5174
5175
5176
5177
5178
5179
5180
5181
5182
5183
5184
5185
5186
5187
5188
5189
5190
5191
5192
5193
5194
5195
5196
5197
5198
5199
5200
5201
5202
5203
5204
5205
5206
5207
5208
5209
5210
5211
5212
5213
5214
5215
5216
5217
5218
5219
5220
5221
5222
5223
5224
5225
5226
5227
5228
5229
5230
5231
5232
5233
5234
5235
5236
5237
5238
5239
5240
5241
5242
5243
5244
5245
5246
5247
5248
5249
5250
5251
5252
5253
5254
5255
5256
5257
5258
5259
5260
5261
5262
5263
5264
5265
5266
5267
5268
5269
5270
5271
5272
5273
5274
5275
5276
5277
5278
5279
5280
5281
5282
5283
5284
5285
5286
5287
5288
5289
5290
5291
5292
5293
5294
5295
5296
5297
5298
5299
5300
5301
5302
5303
5304
5305
5306
5307
5308
5309
5310
5311
5312
5313
5314
5315
5316
5317
5318
5319
5320
5321
5322
5323
5324
5325
5326
5327
5328
5329
5330
5331
5332
5333
5334
5335
5336
5337
5338
5339
5340
5341
5342
5343
5344
5345
5346
5347
5348
5349
5350
5351
5352
5353
5354
5355
5356
5357
5358
5359
5360
5361
5362
5363
5364
5365
5366
5367
5368
5369
5370
5371
5372
5373
5374
5375
5376
5377
5378
5379
5380
5381
5382
5383
5384
5385
5386
5387
5388
5389
5390
5391
5392
5393
5394
5395
5396
5397
5398
5399
5400
5401
5402
5403
5404
5405
5406
5407
5408
5409
5410
5411
5412
5413
5414
5415
5416
5417
5418
5419
5420
5421
5422
5423
5424
5425
5426
5427
5428
5429
5430
5431
5432
5433
5434
5435
5436
5437
5438
5439
5440
5441
5442
5443
5444
5445
5446
5447
5448
5449
5450
5451
5452
5453
5454
5455
5456
5457
5458
5459
5460
5461
5462
5463
5464
5465
5466
5467
5468
5469
5470
5471
5472
5473
5474
5475
5476
5477
5478
5479
5480
5481
5482
5483
5484
5485
5486
5487
5488
5489
5490
5491
5492
5493
5494
5495
5496
5497
5498
5499
5500
5501
5502
5503
5504
5505
5506
5507
5508
5509
5510
5511
5512
5513
5514
5515
5516
5517
5518
5519
5520
5521
5522
5523
5524
5525
5526
5527
5528
5529
5530
5531
5532
5533
5534
5535
5536
5537
5538
5539
5540
5541
5542
5543
5544
5545
5546
5547
5548
5549
5550
5551
5552
5553
5554
5555
5556
5557
5558
5559
5560
5561
5562
5563
5564
5565
5566
5567
5568
5569
5570
5571
5572
5573
5574
5575
5576
5577
5578
5579
5580
5581
5582
5583
5584
5585
5586
5587
5588
5589
5590
5591
5592
5593
5594
5595
5596
5597
5598
5599
5600
5601
5602
5603
5604
5605
5606
5607
5608
5609
5610
5611
5612
5613
5614
5615
5616
5617
5618
5619
5620
5621
5622
5623
5624
5625
5626
5627
5628
5629
5630
5631
5632
5633
5634
5635
5636
5637
5638
5639
5640
5641
5642
5643
5644
5645
5646
5647
5648
5649
5650
5651
5652
5653
5654
5655
5656
5657
5658
5659
5660
5661
5662
5663
5664
5665
5666
5667
5668
5669
5670
5671
5672
5673
5674
5675
5676
5677
5678
5679
5680
5681
5682
5683
5684
5685
5686
5687
5688
5689
5690
5691
5692
5693
5694
5695
5696
5697
5698
5699
5700
5701
5702
5703
5704
5705
5706
5707
5708
5709
5710
5711
5712
5713
5714
5715
5716
5717
5718
5719
5720
5721
5722
5723
5724
5725
5726
5727
5728
5729
5730
5731
5732
5733
5734
5735
5736
5737
5738
5739
5740
5741
5742
5743
5744
5745
5746
5747
5748
5749
5750
5751
5752
5753
5754
5755
5756
5757
5758
5759
5760
5761
5762
5763
5764
5765
5766
5767
5768
5769
5770
5771
5772
5773
5774
5775
5776
5777
5778
5779
5780
5781
5782
5783
5784
5785
5786
5787
5788
5789
5790
5791
5792
5793
5794
5795
5796
5797
5798
5799
5800
5801
5802
5803
5804
5805
5806
5807
5808
5809
5810
5811
5812
5813
5814
5815
5816
5817
5818
5819
5820
5821
5822
5823
5824
5825
5826
5827
5828
5829
5830
5831
5832
5833
5834
5835
5836
5837
5838
5839
5840
5841
5842
5843
5844
5845
5846
5847
5848
5849
5850
5851
5852
5853
5854
5855
5856
5857
5858
5859
5860
5861
5862
5863
5864
5865
5866
5867
5868
5869
5870
5871
5872
5873
5874
5875
5876
5877
5878
5879
5880
5881
5882
5883
5884
5885
5886
5887
5888
5889
5890
5891
5892
5893
5894
5895
5896
5897
5898
5899
5900
5901
5902
5903
5904
5905
5906
5907
5908
5909
5910
5911
5912
5913
5914
5915
5916
5917
5918
5919
5920
5921
5922
5923
5924
5925
5926
5927
5928
5929
5930
5931
5932
5933
5934
5935
5936
5937
5938
5939
5940
5941
5942
5943
5944
5945
5946
5947
5948
5949
5950
5951
5952
5953
5954
5955
5956
5957
5958
5959
5960
5961
5962
5963
5964
5965
5966
5967
5968
5969
5970
5971
5972
5973
5974
5975
5976
5977
5978
5979
5980
5981
5982
5983
5984
5985
5986
5987
5988
5989
5990
5991
5992
5993
5994
5995
5996
5997
5998
5999
6000
6001
6002
6003
6004
6005
6006
6007
6008
6009
6010
6011
6012
6013
6014
6015
6016
6017
6018
6019
6020
6021
6022
6023
6024
6025
6026
6027
6028
6029
6030
6031
6032
6033
6034
6035
6036
6037
6038
6039
6040
6041
6042
6043
6044
6045
6046
6047
6048
6049
6050
6051
6052
6053
6054
6055
6056
6057
6058
6059
6060
6061
6062
6063
6064
6065
6066
6067
6068
6069
6070
6071
6072
6073
6074
6075
6076
6077
6078
6079
6080
6081
6082
6083
6084
6085
6086
6087
6088
6089
6090
6091
6092
6093
6094
6095
6096
6097
6098
6099
6100
6101
6102
6103
6104
6105
6106
6107
6108
6109
6110
6111
6112
6113
6114
6115
6116
6117
6118
6119
6120
6121
6122
6123
6124
6125
6126
6127
6128
6129
6130
6131
6132
6133
6134
6135
6136
6137
6138
6139
6140
6141
6142
6143
6144
6145
6146
6147
6148
6149
6150
6151
6152
6153
6154
6155
6156
6157
6158
6159
6160
6161
6162
6163
6164
6165
6166
6167
6168
6169
6170
6171
6172
6173
6174
6175
6176
6177
6178
6179
6180
6181
6182
6183
6184
6185
6186
6187
6188
6189
6190
6191
6192
6193
6194
6195
6196
6197
6198
6199
6200
6201
6202
6203
6204
6205
6206
6207
6208
6209
6210
6211
6212
6213
6214
6215
6216
6217
6218
6219
6220
6221
6222
6223
6224
6225
6226
6227
6228
6229
6230
6231
6232
6233
6234
6235
6236
6237
6238
6239
6240
6241
6242
6243
6244
6245
6246
6247
6248
6249
6250
6251
6252
6253
6254
6255
6256
6257
6258
6259
6260
6261
6262
6263
6264
6265
6266
6267
6268
6269
6270
6271
6272
6273
6274
6275
6276
6277
6278
6279
6280
6281
6282
6283
6284
6285
6286
6287
6288
6289
6290
6291
6292
6293
6294
6295
6296
6297
6298
6299
6300
6301
6302
6303
6304
6305
6306
6307
6308
6309
6310
6311
6312
6313
6314
6315
6316
6317
6318
6319
6320
6321
6322
6323
6324
6325
6326
6327
6328
6329
6330
6331
6332
6333
6334
6335
6336
6337
6338
6339
6340
6341
6342
6343
6344
6345
6346
6347
6348
6349
6350
6351
6352
6353
6354
6355
6356
6357
6358
6359
6360
6361
6362
6363
6364
6365
6366
6367
6368
6369
6370
6371
6372
6373
6374
6375
6376
6377
6378
6379
6380
6381
6382
6383
6384
6385
6386
6387
6388
6389
6390
6391
6392
6393
6394
6395
6396
6397
6398
6399
6400
6401
6402
6403
6404
6405
6406
6407
6408
6409
6410
6411
6412
6413
6414
6415
6416
6417
6418
6419
6420
6421
6422
6423
6424
6425
6426
6427
6428
6429
6430
6431
6432
6433
6434
6435
6436
6437
6438
6439
6440
6441
6442
6443
6444
6445
6446
6447
6448
6449
6450
6451
6452
6453
6454
6455
6456
6457
6458
6459
6460
6461
6462
6463
6464
6465
6466
6467
6468
6469
6470
6471
6472
6473
6474
6475
6476
6477
6478
6479
6480
6481
6482
6483
6484
6485
6486
6487
6488
6489
6490
6491
6492
6493
6494
6495
6496
6497
6498
6499
6500
6501
6502
6503
6504
6505
6506
6507
6508
6509
6510
6511
6512
6513
6514
6515
6516
6517
6518
6519
6520
6521
6522
6523
6524
6525
6526
6527
6528
6529
6530
6531
6532
6533
6534
6535
6536
6537
6538
6539
6540
6541
6542
6543
6544
6545
6546
6547
6548
6549
6550
6551
6552
6553
6554
6555
6556
6557
6558
6559
6560
6561
6562
6563
6564
6565
6566
6567
6568
6569
6570
6571
6572
6573
6574
6575
6576
6577
6578
6579
6580
6581
6582
6583
6584
6585
6586
6587
6588
6589
6590
6591
6592
6593
6594
6595
6596
6597
6598
6599
6600
6601
6602
6603
6604
6605
6606
6607
6608
6609
6610
6611
6612
6613
6614
6615
6616
6617
6618
6619
6620
6621
6622
6623
6624
6625
6626
6627
6628
6629
6630
6631
6632
6633
6634
6635
6636
6637
6638
6639
6640
6641
6642
6643
6644
6645
6646
6647
6648
6649
6650
6651
6652
6653
6654
6655
6656
6657
6658
6659
6660
6661
6662
6663
6664
6665
6666
6667
6668
6669
6670
6671
6672
6673
6674
6675
6676
6677
6678
6679
6680
6681
6682
6683
6684
6685
6686
6687
6688
6689
6690
6691
6692
6693
6694
6695
6696
6697
6698
6699
6700
6701
6702
6703
6704
6705
6706
6707
6708
6709
6710
6711
6712
6713
6714
6715
6716
6717
6718
6719
6720
6721
6722
6723
6724
6725
6726
6727
6728
6729
6730
6731
6732
6733
6734
6735
6736
6737
6738
6739
6740
6741
6742
6743
6744
6745
6746
6747
6748
6749
6750
6751
6752
6753
6754
6755
6756
6757
6758
6759
6760
6761
6762
6763
6764
6765
6766
6767
6768
6769
6770
6771
6772
6773
6774
6775
6776
6777
6778
6779
6780
6781
6782
6783
6784
6785
6786
6787
6788
6789
6790
6791
6792
6793
6794
6795
6796
6797
6798
6799
6800
6801
6802
6803
6804
6805
6806
6807
6808
6809
6810
6811
6812
6813
6814
6815
6816
6817
6818
6819
6820
6821
6822
6823
6824
6825
6826
6827
6828
6829
6830
6831
6832
6833
6834
6835
6836
6837
6838
6839
6840
6841
6842
6843
6844
6845
6846
6847
6848
6849
6850
6851
6852
6853
6854
6855
6856
6857
6858
6859
6860
6861
6862
6863
6864
6865
6866
6867
6868
6869
6870
6871
6872
6873
6874
6875
6876
6877
6878
6879
6880
6881
6882
6883
6884
6885
6886
6887
6888
6889
6890
6891
6892
6893
6894
6895
6896
6897
6898
6899
6900
6901
6902
6903
6904
6905
6906
6907
6908
6909
6910
6911
6912
6913
6914
6915
6916
6917
6918
6919
6920
6921
6922
6923
6924
6925
6926
6927
6928
6929
6930
6931
6932
6933
6934
6935
6936
6937
6938
6939
6940
6941
6942
6943
6944
6945
6946
6947
6948
6949
6950
6951
6952
6953
6954
6955
6956
6957
6958
6959
6960
6961
6962
6963
6964
6965
6966
6967
6968
6969
6970
6971
6972
6973
6974
6975
6976
6977
6978
6979
6980
6981
6982
6983
6984
6985
6986
6987
6988
6989
6990
6991
6992
6993
6994
6995
6996
6997
6998
6999
7000
7001
7002
7003
7004
7005
7006
7007
7008
7009
7010
7011
7012
7013
7014
7015
7016
7017
7018
7019
7020
7021
7022
7023
7024
7025
7026
7027
7028
7029
7030
7031
7032
7033
7034
7035
7036
7037
7038
7039
7040
7041
7042
7043
7044
7045
7046
7047
7048
7049
7050
7051
7052
7053
7054
7055
7056
7057
7058
7059
7060
7061
7062
7063
7064
7065
7066
7067
7068
7069
7070
7071
7072
7073
7074
7075
7076
7077
7078
7079
7080
7081
7082
7083
7084
7085
7086
7087
7088
7089
7090
7091
7092
7093
7094
7095
7096
7097
7098
7099
7100
7101
7102
7103
7104
7105
7106
7107
7108
7109
7110
7111
7112
7113
7114
7115
7116
7117
7118
7119
7120
7121
7122
7123
7124
7125
7126
7127
7128
7129
7130
7131
7132
7133
7134
7135
7136
7137
7138
7139
7140
7141
7142
7143
7144
7145
7146
7147
7148
7149
7150
7151
7152
7153
7154
7155
7156
7157
7158
7159
7160
7161
7162
7163
7164
7165
7166
7167
7168
7169
7170
7171
7172
7173
7174
7175
7176
7177
7178
7179
7180
7181
7182
7183
7184
7185
7186
7187
7188
7189
7190
7191
7192
7193
7194
7195
7196
7197
7198
7199
7200
7201
7202
7203
7204
7205
7206
7207
7208
7209
7210
7211
7212
7213
7214
7215
7216
7217
7218
7219
7220
7221
7222
7223
7224
7225
7226
7227
7228
7229
7230
7231
7232
7233
7234
7235
7236
7237
7238
7239
7240
7241
7242
7243
7244
7245
7246
7247
7248
7249
7250
7251
7252
7253
7254
7255
7256
7257
7258
7259
7260
7261
7262
7263
7264
7265
7266
7267
7268
7269
7270
7271
7272
7273
7274
7275
7276
7277
7278
7279
7280
7281
7282
7283
7284
7285
7286
7287
7288
7289
7290
7291
7292
7293
7294
7295
7296
7297
7298
7299
7301
7302
7303
7304
7305
7306
7307
7308
7309
7310
7311
7312
7313
7314
7315
7316
7317
7318
7319
7320
7321
7322
7323
7324
7325
7326
7327
7328
7329
7330
7331
7332
7333
7334
7335
7336
7337
7338
7339
7340
7341
7342
7343
7344
7345
7346
7347
7348
7350
7351
7352
7353
7354
7355
7356
7357
7358
7359
7360
7361
7362
7363
7364
7365
7366
7367
7368
7369
7370
7371
7372
7373
7374
7375
7376
7377
7378
7379
7380
7381
7382
7383
7384
7385
7386
7387
7388
7389
7390
7391
7392
7393
7394
7395
7396
7397
7399
7400
7401
7402
7403
7404
7405
7406
7407
7408
7409
7410
7411
7412
7413
7414
7415
7416
7417
7418
7419
7420
7421
7422
7423
7424
7425
7426
7427
7428
7429
7430
7431
7432
7433
7434
7435
7436
7437
7438
7439
7440
7441
7442
7443
7444
7445
7446
7448
7449
7450
7451
7452
7453
7454
7455
7456
7457
7458
7459
7460
7461
7462
7463
7464
7465
7466
7467
7468
7469
7470
7471
7472
7473
7474
7475
7476
7477
7478
7479
7480
7481
7482
7483
7484
7485
7486
7487
7488
7489
7490
7491
7492
7493
7494
7495
7497
7498
7499
7500
7501
7502
7503
7504
7505
7506
7507
7508
7509
7510
7511
7512
7513
7514
7515
7516
7517
7518
7519
7520
7521
7522
7523
7524
7525
7526
7527
7528
7529
7530
7531
7532
7533
7534
7535
7536
7537
7538
7539
7540
7541
7542
7543
7544
7546
7547
7548
7549
7550
7551
7552
7553
7554
7555
7556
7557
7558
7559
7560
7561
7562
7563
7564
7565
7566
7567
7568
7569
7570
7571
7572
7573
7574
7575
7576
7577
7578
7579
7580
7581
7582
7583
7584
7585
7586
7587
7588
7589
7590
7591
7592
7593
7595
7596
7597
7598
7599
7600
7601
7602
7603
7604
7605
7606
7607
7608
7609
7610
7611
7612
7613
7614
7615
7616
7617
7618
7619
7620
7621
7622
7623
7624
7625
7626
7627
7628
7629
7630
7631
7632
7633
7634
7635
7636
7637
7638
7639
7640
7641
7642
7644
7645
7646
7647
7648
7649
7650
7651
7652
7653
7654
7655
7656
7657
7658
7659
7660
7661
7662
7663
7664
7665
7666
7667
7668
7669
7670
7671
7672
7673
7674
7675
7676
7677
7678
7679
7680
7681
7682
7683
7684
7685
7686
7687
7688
7689
7690
7691
7692
7693
7694
7695
7696
7697
7698
7699
7700
7701
7702
7703
7704
7705
7706
7707
7708
7709
7710
7711
7712
7713
7714
7715
7716
7717
7718
7719
7720
7721
7722
7723
7724
7725
7726
7727
7728
7729
7730
7731
7732
7733
7734
7735
7736
7737
7738
7739
7740
7741
7742
7743
7744
7745
7746
7747
7748
7749
7750
7751
7752
7753
7754
7755
7756
7757
7758
7759
7760
7761
7762
7763
7764
7765
7766
7767
7768
7769
7770
7771
7772
7773
7774
7775
7776
7777
7778
7779
7780
7781
7782
7783
7784
7785
7786
7787
7788
7789
7790
7791
7792
7793
7794
7795
7796
7797
7798
7799
7800
7801
7802
7803
7804
7805
7806
7807
7808
7809
7810
7811
7812
7813
7814
7815
7816
7817
7818
7819
7820
7821
7822
7823
7824
7825
7826
7827
7828
7829
7830
7831
7832
7833
7834
7835
7836
7837
7838
7839
7840
7841
7842
7843
7844
7845
7846
7847
7848
7849
7850
7851
7852
7853
7854
7855
7856
7857
7858
7859
7860
7861
7862
7863
7864
7865
7866
7867
7868
7869
7870
7871
7872
7873
7874
7875
7876
7877
7878
7879
7880
7881
7882
7883
7884
7885
7886
7887
7888
7889
7890
7891
7892
7893
7894
7895
7896
7897
7898
7899
7900
7901
7902
7903
7904
7905
7906
7907
7908
7909
7910
7911
7912
7913
7914
7915
7916
7917
7918
7919
7920
7921
7922
7923
7924
7925
7926
7927
7928
7929
7930
7931
7932
7933
7934
7935
7936
7937
7938
7939
7940
7941
7942
7943
7944
7945
7946
7947
7948
7949
7950
7951
7952
7953
7954
7955
7956
7957
7958
7959
7960
7961
7962
7963
7964
7965
7966
7967
7968
7969
7970
7971
7972
7973
7974
7975
7976
7977
7978
7979
7980
7981
7982
7983
7984
7985
7986
7987
7988
7989
7990
7991
7992
7993
7994
7995
7996
7997
7998
7999
8000
8001
8002
8003
8004
8005
8006
8007
8008
8009
8010
8011
8012
8013
8014
8015
8016
8017
8018
8019
8020
8021
8022
8023
8024
8025
8026
8027
8028
8029
8030
8031
8032
8033
8034
8035
8036
8037
8038
8039
8040
8041
8042
8043
8044
8045
8046
8047
8048
8049
8050
8051
8052
8053
8054
8055
8056
8057
8058
8059
8060
8061
8062
8063
8064
8065
8066
8067
8068
8069
8070
8071
8072
8073
8074
8075
8076
8077
8078
8079
8080
8081
8082
8083
8084
8085
8086
8087
8088
8089
8090
8091
8092
8093
8094
8095
8096
8097
8098
8099
8100
8101
8102
8103
8104
8105
8106
8107
8108
8109
8110
8111
8112
8113
8114
8115
8116
8117
8118
8119
8120
8121
8122
8123
8124
8125
8126
8127
8128
8129
8130
8131
8132
8133
8134
8135
8136
8137
8138
8139
8140
8141
8142
8143
8144
8145
8146
8147
8148
8149
8150
8151
8152
8153
8154
8155
8156
8157
8158
8159
8160
8161
8162
8163
8164
8165
8166
8167
8168
8169
8170
8171
8172
8173
8174
8175
8176
8177
8178
8179
8180
8181
8182
8183
8184
8185
8186
8187
8188
8189
8190
8191
8192
8193
8194
8195
8196
8197
8198
8199
8200
8201
8202
8203
8204
8205
8206
8207
8208
8209
8210
8211
8212
8213
8214
8215
8216
8217
8218
8219
8220
8221
8222
8223
8224
8225
8226
8227
8228
8229
8230
8231
8232
8233
8234
8235
8236
8237
8238
8239
8240
8241
8242
8243
8244
8245
8246
8247
8248
8249
8250
8251
8252
8253
8254
8255
8256
8257
8258
8259
8260
8261
8262
8263
8264
8265
8266
8267
8268
8269
8270
8271
8272
8273
8274
8275
8276
8277
8278
8279
8280
8281
8282
8283
8284
8285
8286
8287
8288
8289
8290
8291
8292
8293
8294
8295
8296
8297
8298
8299
8300
8301
8302
8303
8304
8305
8306
8307
8308
8309
8310
8311
8312
8313
8314
8315
8316
8317
8318
8319
8320
8321
8322
8323
8324
8325
8326
8327
8328
8329
8330
8331
8332
8333
8334
8335
8336
8337
8338
8339
8340
8341
8342
8343
8344
8345
8346
8347
8348
8349
8350
8351
8352
8353
8354
8355
8356
8357
8358
8359
8360
8361
8362
8363
8364
8365
8366
8367
8368
8369
8370
8371
8372
8373
8374
8375
8376
8377
8378
8379
8380
8381
8382
8383
8384
8385
8386
8387
8388
8389
8390
8391
8392
8393
8394
8395
8396
8397
8398
8399
8400
8401
8402
8403
8404
8405
8406
8407
8408
8409
8410
8411
8412
8413
8414
8415
8416
8417
8418
8419
8420
8421
8422
8423
8424
8425
8426
8427
8428
8429
8430
8431
8432
8433
8434
8435
8436
8437
8438
8439
8440
8441
8442
8443
8444
8445
8446
8447
8448
8449
8450
8451
8452
8453
8454
8455
8456
8457
8458
8459
8460
8461
8462
8463
8464
8465
8466
8467
8468
8469
8470
8471
8472
8473
8474
8475
8476
8477
8478
8479
8480
8481
8482
8483
8484
8485
8486
8487
8488
8489
8490
8491
8492
8493
8494
8495
8496
8497
8498
8499
8500
8501
8502
8503
8504
8505
8506
8507
8508
8509
8510
8511
8512
8513
8514
8515
8516
8517
8518
8519
8520
8521
8522
8523
8524
8525
8526
8527
8528
8529
8530
8531
8532
8533
8534
8535
8536
8537
8538
8539
8540
8541
8542
8543
8544
8545
8546
8547
8548
8549
8550
8551
8552
8553
8554
8555
8556
8557
8558
8559
8560
8561
8562
8563
8564
8565
8566
8567
8568
8569
8570
8571
8572
8573
8574
8575
8576
8577
8578
8579
8580
8581
8582
8583
8584
8585
8586
8587
8588
8589
8590
8591
8592
8593
8594
8595
8596
8597
8598
8599
8600
8601
8602
8603
8604
8605
8606
8607
8608
8609
8610
8611
8612
8613
8614
8615
8616
8617
8618
8619
8620
8621
8622
8623
8624
8625
8626
8627
8628
8629
8630
8631
8632
8633
8634
8635
8636
8637
8638
8639
8640
8641
8642
8643
8644
8645
8646
8647
8648
8649
8650
8651
8652
8653
8654
8655
8656
8657
8658
8659
8660
8661
8662
8663
8664
8665
8666
8667
8668
8669
8670
8671
8672
8673
8674
8675
8676
8677
8678
8679
8680
8681
8682
8683
8684
8685
8686
8687
8688
8689
8690
8691
8692
8693
8694
8695
8696
8697
8698
8699
8700
8701
8702
8703
8704
8705
8706
8707
8708
8709
8710
8711
8712
8713
8714
8715
8716
8717
8718
8719
8720
8721
8722
8723
8724
8725
8726
8727
8728
8729
8730
8731
8732
8733
8734
8735
8736
8737
8738
8739
8740
8741
8742
8743
8744
8745
8746
8747
8748
8749
8750
8751
8752
8753
8754
8755
8756
8757
8758
8759
8760
8761
8762
8763
8764
8765
8766
8767
8768
8769
8770
8771
8772
8773
8774
8775
8776
8777
8778
8779
8780
8781
8782
8783
8784
8785
8786
8787
8788
8789
8790
8791
8792
8793
8794
8795
8796
8797
8798
8799
8800
8801
8802
8803
8804
8805
8806
8807
8808
8809
8810
8811
8812
8813
8814
8815
8816
8817
8818
8819
8820
8821
8822
8823
8824
8825
8826
8827
8828
8829
8830
8831
8832
8833
8834
8835
8836
8837
8838
8839
8840
8841
8842
8843
8844
8845
8846
8847
8848
8849
8850
8851
8852
8853
8854
8855
8856
8857
8858
8859
8860
8861
8862
8863
8864
8865
8866
8867
8868
8869
8870
8871
8872
8873
8874
8875
8876
8877
8878
8879
8880
8881
8882
8883
8884
8885
8886
8887
8888
8889
8890
8891
8892
8893
8894
8895
8896
8897
8898
8899
8900
8901
8902
8903
8904
8905
8906
8907
8908
8909
8910
8911
8912
8913
8914
8915
8916
8917
8918
8919
8920
8921
8922
8923
8924
8925
8926
8927
8928
8929
8930
8931
8932
8933
8934
8935
8936
8937
8938
8939
8940
8941
8942
8943
8944
8945
8946
8947
8948
8949
8950
8951
8952
8953
8954
8955
8956
8957
8958
8959
8960
8961
8962
8963
8964
8965
8966
8967
8968
8969
8970
8971
8972
8973
8974
8975
8976
8977
8978
8979
8980
8981
8982
8983
8984
8985
8986
8987
8988
8989
8990
8991
8992
8993
8994
8995
8996
8997
8998
8999
9000
9001
9002
9003
9004
9005
9006
9007
9008
9009
9010
9011
9012
9013
9014
9015
9016
9017
9018
9019
9020
9021
9022
9023
9024
9025
9026
9027
9028
9029
9030
9031
9032
9033
9034
9035
9036
9037
9038
9039
9040
9041
9042
9043
9044
9045
9046
9047
9048
9049
9050
9051
9052
9053
9054
9055
9056
9057
9058
9059
9060
9061
9062
9063
9064
9065
9066
9067
9068
9069
9070
9071
9072
9073
9074
9075
9076
9077
9078
9079
9080
9081
9082
9083
9084
9085
9086
9087
9088
9089
9090
9091
9092
9093
9094
9095
9096
9097
9098
9099
9100
9101
9102
9103
9104
9105
9106
9107
9108
9109
9110
9111
9112
9113
9114
9115
9116
9117
9118
9119
9120
9121
9122
9123
9124
9125
9126
9127
9128
9129
9130
9131
9132
9133
9134
9135
9136
9137
9138
9139
9140
9141
9142
9143
9144
9145
9146
9147
9148
9149
9150
9151
9152
9153
9154
9155
9156
9157
9158
9159
9160
9161
9162
9163
9164
9165
9166
9167
9168
9169
9170
9171
9172
9173
9174
9175
9176
9177
9178
9179
9180
9181
9182
9183
9184
9185
9186
9187
9188
9189
9190
9191
9192
9193
9194
9195
9196
9197
9198
9199
9200
9201
9202
9203
9204
9205
9206
9207
9208
9209
9210
9211
9212
9213
9214
9215
9216
9217
9218
9219
9220
9221
9222
9223
9224
9225
9226
9227
9228
9229
9230
9231
9232
9233
9234
9235
9236
9237
9238
9239
9240
9241
9242
9243
9244
9245
9246
9247
9248
9249
9250
9251
9252
9253
9254
9255
9256
9257
9258
9259
9260
9261
9262
9263
9264
9265
9266
9267
9268
9269
9270
9271
9272
9273
9274
9275
9276
9277
9278
9279
9280
9281
9282
9283
9284
9285
9286
9287
9288
9289
9290
9291
9292
9293
9294
9295
9296
9297
9298
9299
9300
9301
9302
9303
9304
9305
9306
9307
9308
9309
9310
9311
9312
9313
9314
9315
9316
9317
9318
9319
9320
9321
9322
9323
9324
9325
9326
9327
9328
9329
9330
9331
9332
9333
9334
9335
9336
9337
9338
9339
9340
9341
9342
9343
9344
9345
9346
9347
9348
9349
9350
9351
9352
9353
9354
9355
9356
9357
9358
9359
9360
9361
9362
9363
9364
9365
9366
9367
9368
9369
9370
9371
9372
9373
9374
9375
9376
9377
9378
9379
9380
9381
9382
9383
9384
9385
9386
9387
9388
9389
9390
9391
9392
9393
9394
9395
9396
9397
9398
9399
9400
9401
9402
9403
9404
9405
9406
9407
9408
9409
9410
9411
9412
9413
9414
9415
9416
9417
9418
9419
9420
9421
9422
9423
9424
9425
9426
9427
9428
9429
9430
9431
9432
9433
9434
9435
9436
9437
9438
9439
9440
9441
9442
9443
9444
9445
9446
9447
9448
9449
9450
9451
9452
9453
9454
9455
9456
9457
9458
9459
9460
9461
9462
9463
9464
9465
9466
9467
9468
9469
9470
9471
9472
9473
9474
9475
9476
9477
9478
9479
9480
9481
9482
9483
9484
9485
9486
9487
9488
9489
9490
9491
9492
9493
9494
9495
9496
9497
9498
9499
9500
9501
9502
9503
9504
9505
9506
9507
9508
9509
9510
9511
9512
9513
9514
9515
9516
9517
9518
9519
9520
9521
9522
9523
9524
9525
9526
9527
9528
9529
9530
9531
9532
9533
9534
9535
9536
9537
9538
9539
9540
9541
9542
9543
9544
9545
9546
9547
9548
9549
9550
9551
9552
9553
9554
9555
9556
9557
9558
9559
9560
9561
9562
9563
9564
9565
9566
9567
9568
9569
9570
9571
9572
9573
9574
9575
9576
9577
9578
9579
9580
9581
9582
9583
9584
9585
9586
9587
9588
9589
9590
9591
9592
9593
9594
9595
9596
9597
9598
9599
9600
9601
9602
9603
14568
14571
14573
14576
14581
14583
14584
14587
14588
14591
14592
14593
14594
14599
14603
14606
14615
14616
14622
14624
14625
14642
14644
14645
14658
14661
14666
14670
14675
14677
14681
14685
14686
14688
14697
14703
14707
14708
14709
14714
14719
14721
14722
14726
14729
14730
14732
14734
14735
14737
14745
14751
14753
14756
14758
14763
14765
14767
14769
14772
14774
14776
14777
14779
14785
14786
14789
14790
14795
14796
14797
14798
14801
14807
14809
14810
14811
14813
14814
14815
14821
14828
14837
14839
14840
14841
14844
14845
14846
14854
14857
14867
14878
14882
14884
14885
14889
14891
14895
14898
14899
14900
14901
14904
14905
14909
14923
14924
14925
14926
14929
14930
14937
14939
14941
14946
14947
14950
14952
14954
14956
14958
14964
14970
14975
14978
14979
14982
14992
15002
15003
15004
15010
15014
15016
15017
15018
15019
15022
15032
15034
15035
15036
15038
15039
15040
15042
15043
15049
15050
15061
15066
15068
15069
15073
15074
15077
15078
15079
15082
15083
15089
15090
15095
15097
15098
15102
15103
15104
15105
15107
15109
15112
15113
15114
15115
15116
15122
15123
15131
15135
15141
15144
15149
15150
15156
15157
15166
15167
15172
15173
15177
15181
15182
15185
15188
15191
15198
15203
15207
15208
15209
15212
15222
15224
15225
15228
15232
15235
15237
15238
15243
15247
15253
15255
15259
15261
15262
15265
15274
15276
15282
15289
15297
15304
15305
15312
15314
15320
15321
15322
15325
15327
15329
15330
15343
15344
15353
15360
15363
15364
15365
15366
15378
15380
15385
15391
15396
15399
15403
15407
15415
15424
15426
15430
15435
15436
15437
15441
15445
15451
15454
15461
15464
15465
15467
15471
15479
15481
15482
15483
15486
15489
15493
15499
15502
15508
15509
15510
15514
15517
15521
15523
15524
15529
15532
15533
15538
15545
15546
15551
15579
15580
15583
15589
15595
15600
15609
15610
15611
15616
15619
15624
15633
15634
15639
15643
15644
15647
15652
15654
15656
15658
15659
15662
15664
15666
15673
15674
15676
15678
15684
15685
15687
15688
15689
15690
15695
15696
15698
15701
15705
15706
15712
15724
15725
15729
15730
15731
15735
15736
15737
15741
15743
15744
15745
15748
15750
15760
15761
15765
15769
15770
15771
15776
15778
15780
15782
15783
15788
15791
15794
15801
15808
15810
15811
15814
15820
15829
15832
15835
15840
15841
15846
15850
15853
15854
15855
15862
15867
15870
15872
15873
15874
15880
15884
15886
15887
15897
15898
15899
15900
15902
15903
15912
15917
15918
15921
15926
15927
15932
15934
15936
15937
15938
15943
15944
15945
15946
15949
15950
15951
15954
15957
15961
15967
15971
15972
15978
15979
15981
15982
15983
15985
15990
16001
16004
16007
16011
16014
16017
16018
16024
16027
16028
16030
16032
16037
16039
16043
16045
16048
16049
16055
16056
16061
16063
16070
16072
16073
16076
16082
16083
16084
16085
16088
16099
16101
16103
16109
16111
16113
16114
16115
16124
16128
16134
16135
16137
16142
16150
16151
16153
16161
16162
16165
16166
16176
16177
16189
16197
16201
16210
16212
16216
16224
16225
16228
16231
16233
16234
16235
16236
16240
16251
16253
16263
16265
16273
16279
16280
16286
16301
16304
16312
16313
16316
16318
16324
16328
16331
16336
16339
16340
16345
16346
16348
16351
16356
16357
16358
16361
16365
16366
16369
16373
16377
16390
16391
16392
16397
16399
16402
16404
16412
16423
16424
16425
16427
16430
16440
16445
16451
16453
16454
16455
16459
16460
16461
16463
16465
16466
16467
16476
16484
16487
16488
16491
16494
16495
16501
16503
16507
16514
16516
16518
16522
16523
16524
16532
16535
16537
16538
16539
16543
16544
16552
16558
16566
16574
16581
16582
16584
16589
16604
16610
16614
16617
16620
16621
16623
16625
16631
16632
16633
16634
16635
16638
16640
16643
16644
16648
16654
16656
16662
16670
16671
16672
16681
16685
16689
16691
16694
16707
16719
16720
16721
16726
16731
16735
16739
16749
16750
16752
16760
16762
16768
16771
16776
16782
16783
16784
16787
16788
16792
16797
16798
16800
16802
16805
16811
16817
16829
16830
16833
16840
16843
16848
16849
16857
16859
16860
16864
16867
16872
16878
16881
16883
16884
16885
16886
16887
16889
16890
16896
16903
16908
16914
16918
16924
16926
16946
16950
16951
16952
16954
16955
16957
16958
16959
16965
16966
16969
16980
16981
16983
16984
16988
16998
17004
17018
17020
17021
17027
17028
17029
17035
17036
17043
17044
17045
17051
17053
17060
17061
17072
17073
17076
17078
17083
17086
17089
17096
17097
17098
17104
17106
17107
17108
17113
17115
17116
17117
17123
17126
17136
17139
17140
17148
17153
17160
17165
17166
17167
17168
17183
17187
17190
17200
17202
17207
17210
17212
17213
17214
17216
17223
17227
17228
17229
17234
17236
17246
17248
17255
17260
17263
17264
17267
17274
17280
17281
17284
17285
17286
17294
17297
17299
17300
17305
17307
17308
17309
17319
17323
17324
17326
17327
17328
17333
17335
17342
17349
17353
17357
17359
17363
17364
17365
17372
17376
17378
17379
17380
17381
17384
17385
17390
17392
17394
17402
17407
17408
17411
17416
17419
17420
17425
17431
17435
17436
17438
17451
17456
17460
17461
17465
17466
17470
17471
17472
17475
17488
17489
17495
17496
17504
17505
17506
17518
17520
17523
17527
17529
17531
17532
17533
17538
17540
17543
17545
17549
17552
17553
17555
17557
17558
17562
17570
17571
17574
17579
17582
17587
17590
17593
17603
17613
17616
17617
17620
17627
17630
17632
17633
17640
17644
17651
17661
17667
17669
17671
17673
17675
17680
17684
17691
17695
17699
17703
17707
17708
17712
17713
17716
17722
17723
17726
17727
17730
17733
17734
17735
17736
17737
17738
17739
17740
17741
17748
17756
17759
17764
17780
17781
17786
17788
17793
17798
17799
17801
17803
17805
17823
17825
17827
17828
17830
17833
17834
17835
17838
17840
17841
17853
17862
17867
17871
17873
17877
17885
17889
17891
17894
17898
17901
17902
17906
17907
17912
17916
17918
17919
17922
17923
17932
17939
17944
17945
17947
17952
17958
17959
17970
17980
17985
17987
17990
17991
17992
17999
18005
18006
18018
18021
18022
18024
18026
18029
18036
18038
18041
18046
18049
18052
18054
18060
18061
18062
18063
18064
18065
18069
18071
18078
18079
18082
18085
18086
18089
18091
18093
18097
18104
18105
18106
18108
18109
18110
18117
18119
18124
18126
18132
18133
18136
18138
18142
18148
18151
18154
18162
18170
18179
18189
18190
18192
18194
18196
18197
18199
18200
18201
18212
18213
18227
18228
18230
18231
18233
18235
18237
18239
18240
18242
18243
18249
18250
18251
18253
18258
18261
18262
18264
18267
18268
18272
18276
18277
18280
18287
18290
18294
18298
18300
18301
18302
18303
18315
18316
18322
18324
18326
18330
18331
18332
18333
18338
18339
18344
18346
18354
18358
18362
18365
18366
18369
18379
18381
18385
18390
18391
18402
18406
18414
18418
18426
18427
18429
18431
18434
18435
18438
18443
18445
18448
18455
18460
18461
18462
18464
18469
18473
18476
18477
18480
18489
18491
18494
18501
18505
18508
18509
18510
18511
18513
18514
18517
18518
18522
18526
18528
18529
18538
18539
18542
18547
18548
18555
18556
18559
18568
18569
18578
18583
18585
18592
18598
18604
18605
18608
18617
18618
18625
18628
18631
18632
18638
18642
18643
18644
18647
18649
18657
18658
18661
18664
18665
18678
18679
18680
18683
18688
18693
18698
18699
18701
18711
18714
18725
18729
18730
18732
18733
18734
18740
18741
18744
18745
18746
18748
18751
18752
18753
18754
18758
18762
18763
18766
18767
18770
18772
18773
18775
18777
18782
18784
18785
18786
18788
18789
18792
18793
18794
18795
18797
18803
18808
18812
18813
18814
18817
18819
18820
18821
18826
18831
18834
18837
18841
18843
18851
18853
18868
18872
18874
18881
18883
18885
18888
18890
18892
18897
18899
18903
18909
18911
18914
18917
18926
18931
18932
18939
18942
18959
18966
18967
18970
18971
18972
18975
18981
18990
18991
18993
18994
18996
18998
19005
19006
19007
19008
19010
19014
19015
19016
19020
19031
19035
19040
19042
19046
19048
19050
19053
19059
19066
19068
19070
19072
19077
19085
19086
19089
19095
19098
19105
19107
19108
19116
19123
19127
19128
19145
19155
19160
19166
19170
19173
19174
19175
19176
19177
19178
19181
19183
19187
19189
19198
19202
19207
19211
19225
19228
19232
19233
19234
19236
19239
19240
19243
19244
19246
19247
19250
19256
19257
19263
19264
19265
19266
19275
19282
19289
19297
19298
19300
19301
19305
19319
19320
19325
19329
19330
19334
19338
19339
19340
19342
19343
19344
19352
19354
19357
19360
19368
19375
19377
19381
19382
19384
19395
19398
19399
19401
19404
19405
19409
19415
19419
19420
19422
19425
19428
19429
19432
19433
19436
19437
19445
19446
19450
19451
19452
19453
19459
19462
19464
19469
19471
19477
19478
19479
19480
19489
19495
19498
19501
19508
19510
19518
19524
19525
19526
19527
19533
19535
19545
19549
19550
19552
19553
19561
19565
19566
19569
19573
19574
19579
19580
19588
19589
19596
19597
19602
19603
19606
19607
19608
19609
19610
19611
19616
19618
19621
19623
19626
19632
19633
19636
19646
19648
19653
19655
19656
19658
19660
19661
19667
19669
19670
19680
19683
19686
19687
19691
19692
19695
19716
19717
19737
19740
19741
19755
19756
19766
19773
19780
19781
19783
19784
19787
19792
19793
19796
19797
19798
19804
19805
19824
19825
19830
19831
19835
19847
19851
19852
19854
19855
19871
19878
19883
19886
19887
19890
19893
19895
19896
19897
19898
19900
19904
19906
19917
19918
19925
19926
19930
19934
19940
19943
19947
19952
19953
19955
19960
19962
19964
19965
19967
19990
19994
19996
20014
20015
20021
20023
20024
20025
20035
20037
20039
20043
20047
20050
20052
20053
20058
20067
20069
20071
20081
20092
20093
20095
20096
20103
20106
20108
20113
20114
20122
20130
20131
20132
20134
20135
20143
20147
20149
20151
20162
20163
20171
20180
20187
20192
20193
20199
20201
20206
20215
20218
20221
20225
20228
20229
20230
20235
20237
20239
20243
20244
20245
20247
20252
20253
20255
20258
20267
20273
20275
20278
20282
20285
20288
20290
20292
20299
20302
20304
20308
20312
20314
20315
20319
20324
20325
20331
20335
20336
20341
20343
20348
20350
20352
20354
20355
20363
20364
20367
20368
20374
20375
20377
20380
20392
20394
20398
20403
20404
20406
20413
20414
20415
20417
20422
20425
20426
20438
20440
20442
20443
20444
20449
20451
20452
20458
20459
20462
20465
20466
20472
20473
20475
20480
20481
20483
20485
20489
20494
20497
20500
20501
20503
20504
20507
20509
20511
20515
20516
20521
20529
20531
20533
20535
20537
20540
20543
20545
20547
20552
20553
20559
20560
20562
20566
20578
20579
20580
20586
20589
20590
20591
20598
20601
20607
20609
20616
20617
20618
20624
20628
20633
20634
20637
20643
20644
20652
20654
20656
20659
20661
20667
20670
20677
20678
20683
20697
20704
20711
20717
20719
20721
20729
20740
20744
20747
20760
20767
20770
20773
20782
20783
20789
20794
20795
20804
20805
20806
20807
20810
20812
20818
20825
20836
20845
20851
20852
20856
20858
20860
20863
20868
20876
20888
20895
20899
20900
20904
20908
20912
20914
20929
20934
20937
20943
20961
20966
20973
20974
20981
20986
20989
20991
20996
21001
21003
21004
21007
21010
21015
21017
21023
21029
21030
21031
21034
21036
21040
21051
21055
21066
21067
21068
21070
21072
21073
21074
21077
21080
21081
21083
21092
21095
21103
21109
21112
21113
21124
21128
21130
21133
21145
21149
21150
21151
21154
21155
21156
21159
21167
21169
21170
21174
21176
21188
21191
21196
21197
21202
21205
21207
21208
21213
21217
21218
21221
21227
21230
21232
21233
21242
21244
21249
21258
21259
21260
21263
21266
21272
21274
21279
21280
21283
21286
21287
21291
21292
21295
21308
21316
21318
21327
21330
21339
21345
21346
21351
21355
21357
21365
21370
21376
21378
21381
21383
21384
21385
21390
21399
21401
21402
21404
21407
21408
21410
21411
21415
21416
21417
21418
21427
21432
21433
21434
21436
21440
21445
21471
21473
21478
21479
21482
21485
21491
21493
21494
21500
21512
21519
21523
21526
21528
21531
21544
21548
21550
21552
21554
21560
21564
21565
21569
21573
21575
21578
21580
21581
21584
21588
21589
21590
21591
21604
21613
21614
21627
21633
21640
21641
21649
21650
21659
21665
21666
21671
21676
21678
21679
21681
21684
21688
21691
21695
21696
21702
21709
21710
21711
21715
21719
21720
21721
21723
21724
21726
21736
21738
21739
21742
21754
21757
21759
21763
21764
21767
21768
21773
21775
21778
21780
21783
21794
21798
21801
21803
21804
21811
21813
21814
21817
21819
21820
21827
21828
21830
21834
21836
21839
21843
21847
21850
21851
21854
21856
21873
21875
21878
21879
21883
21884
21889
21890
21893
21895
21901
21902
21918
21921
21923
21925
21931
21937
21940
21941
21944
21950
21951
21952
21954
21964
21965
21967
21968
21969
21971
21973
21976
21981
21984
21985
21986
21991
21995
22001
22012
22015
22019
22025
22026
22031
22032
22037
22039
22041
22042
22045
22046
22047
22049
22053
22058
22060
22064
22068
22072
22074
22075
22077
22087
22090
22091
22092
22095
22096
22098
22109
22114
22119
22120
22124
22129
22131
22135
22140
22149
22152
22155
22165
22170
22172
22180
22181
22193
22203
22207
22212
22216
22218
22219
22220
22223
22229
22231
22234
22237
22238
22239
22241
22243
22252
22253
22254
22257
22260
22270
22277
22279
22281
22286
22287
22289
22297
22298
22305
22318
22322
22329
22344
22352
22357
22360
22361
22364
22369
22370
22384
22389
22396
22402
22403
22407
22409
22411
22413
22423
22429
22433
22442
22444
22445
22447
22448
22450
22453
22454
22456
22458
22479
22481
22484
22487
22488
22501
22504
22506
22513
22514
22524
22525
22526
22527
22528
22548
22565
22569
22581
22584
22591
22601
22607
22612
22617
22647
22655
22657
22658
22659
22673
22678
22680
22682
22688
22695
22698
22699
22700
22704
22709
22710
22712
22714
22716
22723
22729
22735
22737
22744
22753
22757
22763
22766
22768
22769
22778
22780
22781
22783
22792
22793
22797
22805
22812
22813
22819
22823
22824
22836
22841
22842
22846
22850
22851
22861
22863
22869
22872
22873
22876
22885
22886
22893
22903
22920
22924
22928
22931
22937
22950
22951
22967
22969
22976
22979
22980
22981
22982
22983
22985
22989
23005
23008
23012
23021
23022
23023
23030
23031
23033
23039
23041
23045
23049
23063
23070
23074
23077
23081
23083
23089
23096
23099
23113
23120
23121
23123
23125
23130
23133
23149
23153
23164
23170
23172
23176
23178
23187
23188
23192
23195
23196
23203
23204
23205
23206
23209
23214
23215
23222
23223
23226
23234
23243
23248
23251
23252
23257
23259
23269
23274
23275
23281
23283
23284
23286
23289
23292
23294
23295
23304
23308
23310
23314
23316
23319
23320
23323
23331
23335
23336
23345
23349
23351
23371
23374
23377
23382
23400
23403
23412
23415
23418
23431
23434
23436
23444
23449
23453
23456
23459
23461
23463
23465
23468
23473
23474
23479
23485
23492
23494
23498
23499
23503
23507
23510
23517
23527
23531
23538
23539
23542
23549
23550
23554
23560
23561
23563
23572
23578
23580
23592
23604
23609
23610
23611
23612
23621
23623
23626
23631
23632
23633
23634
23644
23648
23649
23656
23662
23666
23669
23674
23678
23684
23685
23687
23690
23691
23693
23694
23701
23702
23706
23710
23723
23730
23749
23759
23761
23762
23764
23765
23776
23778
23780
23783
23793
23799
23803
23806
23808
23812
23817
23819
23822
23832
23833
23834
23837
23845
23849
23856
23858
23865
23879
23880
23881
23885
23888
23901
23903
23908
23909
23914
23920
23921
23930
23931
23936
23959
23960
23963
23964
23967
23974
23975
23979
23984
23986
23988
24003
24006
24007
24015
24039
24050
24055
24062
24064
24069
24070
24077
24080
24087
24091
24093
24098
24100
24108
24109
24113
24118
24135
24137
24149
24153
24155
24170
24172
24174
24175
24185
24189
24195
24196
24204
24207
24211
24213
24215
24217
24218
24230
24236
24237
24239
24258
24269
24271
24272
24275
24283
24285
24288
24304
24315
24324
24328
24331
24334
24336
24343
24365
24371
24377
24384
24387
24390
24395
24403
24404
24406
24411
24417
24422
24423
24433
24434
24448
24451
24457
24460
24461
24477
24478
24479
24490
24492
24495
24497
24501
24504
24506
24509
24512
24515
24519
24524
24525
24551
24553
24563
24571
24575
24576
24577
24580
24583
24587
24596
24599
24603
24609
24618
24636
24640
24642
24655
24659
24674
24678
24685
24688
24691
24694
24697
24699
24704
24707
24717
24719
24726
24729
24733
24735
24740
24741
24746
24751
24753
24755
24761
24769
24773
24784
24790
24792
24796
24798
24813
24835
24839
24842
24857
24860
24861
24866
24877
24879
24895
24903
24910
24911
24917
24919
24928
24930
24946
24947
24951
24954
24961
24963
24974
24976
24984
24985
24994
25015
25021
25032
25035
25038
25040
25045
25048
25051
25067
25075
25080
25092
25094
25095
25102
25116
25118
25122
25133
25135
25146
25154
25159
25160
25163
25165
25168
25170
25171
25185
25188
25190
25200
25208
25211
25212
25221
25225
25226
25238
25239
25258
25259
25263
25274
25278
25283
25287
25292
25294
25298
25302
25307
25313
25315
25323
25327
25328
25329
25330
25333
25345
25348
25355
25356
25357
25363
25369
25371
25375
25379
25391
25394
25395
25405
25412
25413
25414
25426
25428
25431
25443
25445
25446
25448
25457
25464
25466
25468
25472
25473
25478
25482
25492
25498
25505
25510
25511
25513
25526
25530
25568
25571
25575
25576
25577
25585
25596
25598
25616
25618
25638
25640
25656
25658
25670
25672
25675
25676
25682
25683
25699
25716
25721
25732
25736
25737
25744
25752
25754
25755
25757
25760
25782
25787
25790
25799
25812
25816
25818
25822
25828
25829
25840
25851
25852
25855
25859
25871
25877
25884
25895
25897
25901
25904
25910
25912
25926
25932
25946
25954
25967
25972
25974
25988
25992
25994
26002
26006
26008
26009
26017
26019
26026
26027
26028
26033
26034
26038
26039
26040
26043
26050
26052
26053
26055
26056
26062
26069
26095
26099
26100
26102
26114
26116
26122
26127
26131
26150
26156
26157
26165
26166
26168
26171
26178
26180
26181
26182
26183
26186
26187
26191
26192
26194
26198
26210
26230
26232
26235
26239
26244
26245
26248
26253
26265
26273
26282
26289
26295
26296
26307
26308
26311
26318
26323
26327
26332
26342
26352
26365
26371
26372
26385
26389
26393
26401
26409
26410
26414
26418
26423
26430
26434
26437
26440
26441
26446
26448
26450
26467
26473
26476
26495
26499
26504
26509
26522
26524
26542
26543
26555
26564
26573
26581
26582
26590
26594
26601
26606
26614
26619
26621
26623
26625
26628
26633
26637
26645
26650
26658
26659
26661
26664
26667
26671
26678
26682
26684
26685
26687
26689
26697
26699
26700
26703
26714
26718
26727
26731
26748
26752
26755
26762
26769
26782
26789
26803
26810
26815
26818
26823
26825
26828
26838
26853
26856
26857
26861
26867
26871
26872
26874
26878
26884
26891
26896
26899
26907
26910
26915
26918
26931
26936
26943
26945
26954
26961
26971
26974
26975
26977
26978
26993
26997
27001
27004
27017
27021
27024
27028
27030
27037
27039
27040
27048
27052
27062
27065
27068
27074
27075
27091
27099
27100
27107
27111
27112
27116
27117
27122
27128
27130
27137
27139
27140
27143
27148
27151
27157
27162
27165
27169
27176
27181
27182
27183
27185
27196
27207
27209
27216
27217
27223
27231
27236
27238
27242
27248
27257
27258
27259
27262
27264
27266
27278
27281
27283
27291
27296
27298
27309
27313
27320
27323
27331
27333
27334
27335
27341
27346
27352
27364
27365
27366
27376
27402
27405
27408
27409
27414
27416
27421
27432
27437
27439
27446
27450
27468
27479
27486
27489
27490
27496
27503
27505
27512
27515
27529
27553
27554
27556
27560
27566
27574
27578
27587
27597
27600
27607
27612
27620
27622
27624
27629
27633
27644
27646
27648
27652
27655
27656
27675
27680
27684
27688
27694
27704
27709
27710
27715
27716
27722
27735
27736
27741
27744
27748
27751
27771
27774
27780
27784
27786
27787
27788
27796
27799
27801
27807
27826
27833
27836
27837
27838
27848
27857
27860
27861
27863
27866
27870
27875
27877
27899
27900
27907
27915
27924
27946
27952
27955
27962
27968
27971
27980
27981
27988
27990
27992
27996
28004
28005
28024
28028
28029
28033
28039
28042
28046
28047
28054
28055
28056
28057
28075
28078
28083
28087
28091
28094
28100
28102
28104
28108
28114
28117
28118
28134
28139
28154
28167
28170
28171
28172
28183
28185
28209
28214
28220
28228
28229
28231
28232
28233
28235
28242
28252
28264
28272
28283
28288
28290
28293
28301
28302
28308
28310
28312
28314
28317
28318
28321
28330
28343
28348
28353
28359
28361
28365
28372
28378
28380
28405
28409
28410
28411
28417
28436
28443
28444
28449
28460
28461
28476
28489
28492
28494
28509
28511
28524
28525
28531
28538
28546
28549
28552
28555
28561
28564
28568
28576
28579
28580
28585
28588
28589
28594
28603
28604
28612
28620
28622
28623
28637
28638
28640
28641
28654
28656
28658
28663
28664
28670
28671
28675
28691
28694
28696
28699
28703
28708
28710
28718
28722
28728
28749
28757
28758
28759
28762
28769
28779
28781
28784
28786
28788
28803
28812
28817
28819
28834
28847
28848
28854
28858
28860
28866
28868
28869
28873
28879
28889
28891
28892
28900
28918
28940
28947
28951
28956
28962
28964
28968
28969
28970
28972
28981
29002
29003
29017
29018
29027
29040
29041
29045
29050
29051
29054
29059
29060
29062
29066
29076
29080
29094
29107
29108
29118
29132
29151
29154
29163
29168
29170
29176
29179
29183
29191
29192
29193
29195
29199
29201
29203
29208
29218
29222
29231
29234
29235
29236
29244
29245
29254
29265
29267
29269
29272
29277
29278
29286
29302
29308
29315
29319
29325
29327
29331
29339
29349
29352
29353
29354
29357
29364
29368
29371
29375
29379
29382
29386
29392
29398
29407
29408
29411
29412
29425
29431
29442
29451
29453
29457
29463
29493
29509
29510
29513
29518
29521
29524
29530
29542
29544
29555
29566
29568
29580
29586
29592
29593
29594
29598
29599
29602
29609
29613
29623
29626
29637
29639
29645
29662
29668
29670
29671
29674
29678
29689
29690
29693
29696
29703
29712
29727
29728
29738
29744
29746
29749
29755
29757
29758
29761
29762
29780
29785
29786
29796
29805
29811
29821
29823
29827
29837
29838
29843
29845
29860
29861
29872
29875
29878
29881
29904
29910
29917
29920
29921
29925
29928
29937
29938
29941
29952
29957
29962
29963
29964
29969
29970
29975
29980
29986
29990
29992
29994
29995
30000
30010
30011
30013
30014
30022
30027
30035
30044
30054
30067
30071
30074
30076
30079
30083
30097
30105
30113
30121
30130
30138
30150
30156
30163
30167
30171
30174
30177
30185
30190
30191
30194
30203
30209
30218
30224
30233
30238
30251
30253
30255
30258
30271
30272
30279
30283
30287
30293
30294
30295
30296
30299
30308
30311
30335
30336
30337
30338
30345
30348
30355
30358
30363
30364
30366
30367
30371
30372
30373
30382
30395
30397
30403
30405
30408
30410
30415
30427
30430
30431
30433
30435
30436
30437
30446
30462
30465
30470
30473
30479
30482
30489
30490
30492
30499
30505
30506
30510
30512
30519
30528
30529
30531
30540
30543
30564
30569
30571
30582
30592
30597
30598
30607
30618
30621
30625
30635
30636
30638
30641
30652
30667
30672
30673
30677
30679
30684
30687
30691
30693
30702
30707
30711
30723
30727
30733
30741
30749
30756
30762
30769
30777
30780
30783
30798
30810
30813
30816
30824
30828
30833
30837
30839
30845
30847
30849
30863
30864
30880
30883
30898
30912
30913
30916
30934
30936
30940
30950
30960
30962
30965
30974
30978
30986
30989
30993
30995
31011
31012
31019
31022
31025
31027
31028
31030
31041
31044
31047
31054
31056
31058
31063
31064
31065
31071
31077
31079
31081
31086
31092
31097
31098
31110
31129
31141
31143
31144
31146
31161
31166
31178
31182
31187
31189
31190
31194
31197
31216
31218
31238
31242
31243
31247
31250
31251
31252
31264
31266
31285
31288
31295
31297
31301
31304
31318
31320
31321
31323
31324
31327
31336
31339
31340
31342
31343
31344
31352
31359
31361
31371
31374
31377
31392
31393
31396
31397
31400
31405
31406
31410
31416
31420
31423
31441
31442
31443
31449
31453
31455
31457
31465
31479
31495
31505
31544
31551
31562
31586
31594
31595
31599
31600
31605
31609
31614
31617
31618
31628
31635
31642
31652
31662
31665
31674
31675
31678
31687
31688
31689
31693
31700
31701
31709
31711
31714
31718
31726
31727
31728
31739
31740
31750
31756
31761
31764
31766
31770
31771
31778
31797
31799
31802
31804
31821
31823
31824
31838
31841
31849
31854
31858
31874
31877
31884
31892
31895
31902
31904
31908
31921
31930
31935
31940
31943
31945
31947
31950
31953
31955
31960
31965
31975
31979
31982
31988
31989
31990
31995
31998
32001
32005
32016
32020
32021
32023
32025
32035
32039
32044
32057
32061
32068
32074
32082
32087
32095
32100
32103
32104
32113
32115
32123
32124
32138
32143
32144
32148
32151
32154
32166
32173
32184
32188
32190
32204
32208
32212
32214
32216
32218
32220
32228
32230
32234
32238
32245
32249
32255
32261
32274
32277
32278
32280
32293
32294
32300
32301
32303
32319
32323
32324
32331
32332
32336
32343
32356
32359
32364
32365
32374
32383
32386
32397
32403
32410
32412
32416
32418
32426
32429
32432
32438
32439
32443
32449
32450
32451
32456
32458
32460
32464
32465
32473
32475
32483
32484
32491
32505
32506
32513
32518
32520
32522
32527
32562
32568
32575
32586
32591
32594
32599
32601
32608
32609
32614
32623
32624
32625
32641
32642
32646
32648
32655
32657
32658
32665
32672
32674
32678
32684
32689
32692
32694
32696
32699
32702
32718
32730
32731
32743
32747
32748
32753
32761
32769
32771
32774
32783
32793
32798
32799
32805
32806
32808
32812
32827
32829
32832
32842
32847
32848
32850
32851
32852
32859
32867
32870
32871
32907
32908
32910
32914
32922
32936
32937
32941
32943
32950
32951
32959
32961
32972
32973
32976
32983
32994
33000
33003
33004
33005
33007
33009
33022
33025
33029
33035
33039
33045
33047
33050
33053
33056
33059
33060
33062
33065
33066
33069
33073
33094
33108
33109
33110
33115
33117
33123
33129
33145
33155
33157
33160
33166
33168
33170
33175
33180
33185
33188
33197
33200
33203
33212
33217
33224
33225
33240
33249
33253
33257
33260
33266
33267
33272
33276
33278
33291
33302
33306
33312
33314
33322
33324
33327
33331
33333
33334
33350
33357
33360
33363
33375
33382
33396
33400
33402
33411
33415
33423
33425
33431
33434
33439
33443
33445
33449
33462
33465
33475
33477
33478
33487
33491
33497
33500
33501
33507
33509
33521
33529
33537
33548
33551
33553
33556
33560
33563
33564
33568
33570
33571
33577
33578
33581
33583
33605
33617
33618
33620
33623
33629
33631
33634
33638
33644
33646
33659
33662
33664
33666
33670
33675
33681
33693
33694
33696
33714
33717
33722
33728
33729
33730
33732
33733
33736
33738
33740
33744
33758
33759
33771
33781
33785
33789
33799
33800
33811
33818
33831
33841
33847
33849
33850
33875
33881
33882
33891
33892
33899
33900
33902
33907
33916
33926
33930
33941
33942
33945
33947
33950
33953
33954
33963
33968
33986
33987
33989
33991
33998
34002
34011
34017
34033
34040
34041
34047
34048
34053
34054
34055
34069
34073
34074
34090
34094
34096
34098
34100
34102
34109
34128
34130
34138
34139
34144
34150
34155
34172
34178
34185
34190
34197
34201
34203
34208
34213
34223
34227
34230
34239
34250
34251
34253
34264
34287
34292
34294
34299
34302
34310
34320
34321
34328
34332
34333
34352
34358
34361
34370
34371
34373
34375
34379
34380
34396
34402
34403
34415
34418
34420
34424
34428
34455
34456
34457
34463
34470
34484
34492
34494
34501
34510
34519
34523
34524
34525
34529
34531
34534
34540
34542
34551
34553
34556
34572
34573
34578
34579
34582
34583
34591
34599
34603
34607
34612
34634
34644
34647
34651
34657
34662
34668
34675
34681
34685
34688
34691
34694
34697
34709
34731
34737
34743
34748
34751
34752
34753
34754
34760
34765
34776
34778
34779
34781
34784
34788
34789
34794
34810
34811
34826
34828
34830
34831
34835
34845
34847
34851
34858
34863
34864
34866
34869
34872
34874
34876
34883
34889
34891
34896
34898
34901
34906
34908
34912
34918
34923
34926
34932
34935
34938
34943
34944
34952
34957
34958
34970
34971
34974
34975
34977
34983
34984
34988
34992
34996
35011
35013
35015
35016
35022
35026
35029
35033
35039
35040
35041
35042
35043
35047
35054
35059
35062
35063
35065
35070
35074
35086
35088
35094
35095
35097
35123
35126
35128
35130
35132
35139
35144
35148
35154
35160
35167
35171
35174
35176
35197
35200
35202
35204
35209
35219
35220
35222
35225
35226
35245
35250
35252
35254
35259
35263
35264
35268
35272
35278
35280
35284
35288
35290
35296
35315
35319
35327
35332
35333
35337
35340
35357
35360
35365
35373
35389
35396
35398
35410
35418
35420
35424
35438
35445
35449
35454
35468
35471
35479
35487
35488
35491
35495
35502
35511
35517
35518
35526
35535
35541
35551
35569
35579
35585
35593
35598
35607
35610
35619
35624
35631
35634
35647
35648
35649
35657
35660
35666
35688
35705
35713
35718
35719
35721
35722
35736
35741
35745
35749
35751
35752
35753
35755
35757
35766
35767
35774
35778
35798
35810
35816
35818
35822
35824
35827
35843
35844
35849
35866
35872
35878
35885
35886
35888
35889
35913
35916
35921
35924
35926
35928
35930
35933
35936
35943
35949
35950
35960
35961
35969
35970
35974
35978
35981
35985
35994
36009
36012
36014
36019
36035
36042
36044
36045
36056
36059
36064
36067
36072
36086
36102
36112
36121
36128
36132
36133
36134
36144
36145
36146
36150
36153
36154
36162
36163
36164
36166
36170
36177
36182
36189
36198
36202
36205
36206
36207
36208
36213
36216
36218
36225
36227
36249
36253
36261
36265
36271
36274
36275
36283
36290
36297
36298
36305
36308
36309
36313
36316
36324
36326
36332
36335
36340
36358
36360
36364
36366
36373
36380
36383
36385
36390
36391
36393
36399
36400
36404
36405
36413
36416
36421
36422
36426
36433
36436
36448
36450
36459
36461
36467
36470
36471
36477
36479
36485
36487
36488
36491
36497
36507
36510
36513
36516
36527
36537
36545
36551
36558
36566
36568
36569
36570
36578
36583
36589
36591
36599
36611
36612
36613
36615
36616
36619
36622
36635
36637
36642
36644
36646
36649
36663
36665
36667
36669
36672
36676
36679
36685
36686
36692
36705
36716
36723
36726
36730
36740
36744
36748
36751
36757
36772
36779
36780
36790
36793
36796
36798
36801
36803
36804
36809
36810
36815
36824
36825
36832
36841
36846
36847
36849
36858
36859
36871
36872
36876
36878
36880
36881
36882
36885
36886
36891
36899
36900
36908
36911
36914
36915
36916
36919
36921
36922
36924
36931
36934
36939
36940
36945
36948
36954
36955
36961
36963
36970
36975
36976
36989
36990
37002
37004
37011
37017
37019
37022
37026
37028
37029
37031
37034
37036
37044
37046
37052
37061
37064
37068
37072
37073
37084
37085
37089
37092
37096
37100
37101
37107
37114
37116
37130
37136
37138
37140
37146
37153
37160
37162
37165
37166
37167
37168
37175
37183
37186
37190
37193
37194
37211
37214
37217
37218
37219
37229
37239
37251
37254
37262
37265
37274
37276
37278
37280
37294
37296
37297
37303
37306
37308
37315
37321
37328
37337
37342
37348
37351
37352
37358
37363
37365
37367
37373
37381
37395
37409
37410
37415
37417
37425
37433
37444
37451
37456
37463
37465
37467
37472
37479
37486
37487
37496
37503
37505
37510
37519
37522
37523
37526
37538
37542
37543
37548
37559
37560
37568
37586
37593
37597
37598
37602
37624
37631
37633
37638
37640
37641
37654
37661
37664
37669
37671
37674
37694
37696
37698
37704
37705
37714
37716
37721
37727
37733
37735
37745
37747
37754
37759
37766
37780
37782
37791
37795
37801
37802
37811
37815
37817
37825
37828
37831
37833
37846
37848
37854
37863
37869
37872
37879
37883
37893
37901
37909
37916
37918
37922
37927
37929
37932
37934
37935
37937
37938
37941
37942
37944
37947
37949
37956
37958
37959
37965
37977
37978
37981
37988
37993
38005
38020
38026
38028
38048
38049
38051
38052
38065
38067
38068
38070
38088
38101
38108
38111
38115
38116
38122
38123
38129
38133
38148
38160
38164
38166
38169
38174
38175
38182
38184
38186
38194
38199
38206
38213
38217
38220
38223
38234
38235
38237
38241
38245
38246
38249
38251
38257
38261
38263
38268
38281
38292
38296
38309
38310
38312
38316
38319
38322
38326
38334
38337
38338
38342
38344
38348
38349
38360
38363
38371
38373
38376
38382
38384
38387
38389
38394
38402
38415
38428
38432
38437
38440
38443
38445
38448
38455
38457
38460
38472
38485
38488
38496
38498
38500
38502
38503
38520
38526
38528
38535
38540
38546
38547
38557
38559
38563
38573
38576
38577
38580
38589
38593
38602
38603
38609
38614
38615
38619
38633
38636
38638
38641
38644
38664
38675
38676
38692
38693
38696
38700
38706
38707
38711
38721
38726
38728
38732
38736
38743
38747
38751
38755
38760
38778
38785
38801
38807
38823
38830
38831
38834
38836
38837
38841
38858
38863
38868
38878
38880
38882
38889
38898
38900
38905
38910
38917
38925
38928
38940
38948
38949
38952
38955
38963
38964
38973
38986
38996
38999
39004
39007
39013
39014
39034
39035
39040
39044
39052
39060
39062
39074
39086
39089
39090
39095
39098
39109
39112
39113
39119
39122
39135
39136
39138
39146
39147
39163
39173
39182
39195
39201
39203
39204
39211
39214
39215
39221
39226
39231
39232
39233
39239
39247
39272
39273
39275
39276
39284
39291
39306
39313
39325
39327
39328
39338
39344
39350
39356
39357
39396
39406
39411
39413
39418
39427
39429
39431
39432
39435
39442
39446
39452
39454
39456
39466
39476
39477
39480
39481
39506
39514
39518
39534
39536
39539
39540
39541
39553
39557
39559
39564
39585
39591
39596
39601
39602
39604
39605
39607
39609
39610
39618
39620
39621
39623
39639
39640
39643
39654
39665
39674
39684
39691
39693
39697
39705
39707
39708
39709
39724
39730
39732
39736
39747
39749
39752
39761
39763
39770
39782
39784
39785
39787
39789
39795
39800
39801
39813
39820
39823
39829
39832
39835
39838
39840
39842
39849
39853
39859
39878
39879
39883
39890
39891
39895
39904
39915
39916
39921
39932
39935
39951
39958
39959
39962
39972
39975
39987
39993
40002
40006
40007
40011
40013
40017
40018
40023
40025
40036
40037
40040
40047
40059
40061
40064
40068
40077
40080
40082
40094
40096
40098
40103
40106
40107
40108
40110
40115
40117
40127
40135
40138
40141
40142
40151
40152
40164
40172
40187
40201
40203
40210
40212
40213
40215
40219
40221
40226
40232
40241
40247
40249
40255
40256
40258
40262
40269
40272
40278
40281
40282
40284
40288
40292
40294
40306
40313
40322
40325
40333
40341
40346
40349
40357
40363
40367
40376
40377
40381
40393
40405
40410
40411
40417
40425
40426
40428
40430
40433
40438
40439
40449
40458
40465
40470
40478
40488
40499
40503
40510
40511
40514
40516
40524
40525
40531
40533
40538
40543
40545
40547
40549
40557
40565
40571
40574
40576
40580
40586
40600
40604
40611
40622
40624
40627
40630
40643
40650
40653
40661
40673
40675
40681
40682
40692
40693
40695
40702
40703
40705
40706
40709
40718
40728
40734
40745
40750
40755
40761
40764
40773
40774
40779
40782
40791
40794
40810
40813
40825
40828
40834
40835
40836
40837
40839
40841
40842
40843
40846
40853
40856
40858
40859
40867
40873
40876
40877
40881
40890
40896
40908
40912
40919
40921
40923
40925
40926
40931
40935
40936
40944
40954
40957
40959
40961
40969
40973
40988
40994
40997
41001
41002
41006
41011
41014
41022
41023
41024
41026
41033
41039
41046
41054
41056
41058
41059
41060
41069
41082
41091
41092
41093
41106
41110
41113
)


// ************************************************************************* //
