/*--------------------------------*- C++ -*----------------------------------*\
| =========                 |                                                 |
| \\      /  F ield         | OpenFOAM: The Open Source CFD Toolbox           |
|  \\    /   O peration     | Version:  3.0.1                                 |
|   \\  /    A nd           | Web:      www.OpenFOAM.org                      |
|    \\/     M anipulation  |                                                 |
\*---------------------------------------------------------------------------*/
FoamFile
{
    version     2.0;
    format      ascii;
    class       labelList;
    note        "nPoints: 15676 nCells: 10440 nFaces: 39157 nInternalFaces: 17837";
    location    "constant/polyMesh";
    object      neighbour;
}
// * * * * * * * * * * * * * * * * * * * * * * * * * * * * * * * * * * * * * //


17837
(
1
49
2401
2
50
2402
3
51
2403
4
52
2404
5
53
2405
6
54
2406
7
55
2407
8
56
2408
9
57
2409
10
58
2410
11
59
2411
12
60
2412
13
61
2413
14
62
2414
15
63
2415
16
64
2416
17
65
2417
18
66
2418
19
67
2419
20
68
2420
21
69
2421
22
70
2422
23
71
2423
24
72
2424
25
73
2425
26
74
2426
27
75
2427
28
76
2428
29
77
2429
30
78
2430
31
79
2431
32
80
2432
33
81
2433
34
82
2434
35
83
2435
36
84
2436
37
85
2437
38
86
2438
39
87
2439
40
88
2440
41
89
2441
42
90
2442
43
91
2443
44
92
2444
45
93
2445
46
94
2446
47
95
2447
48
96
2448
97
2449
50
98
51
99
52
100
53
101
54
102
55
103
56
104
57
105
58
106
59
107
60
108
61
109
62
110
63
111
64
112
65
113
66
114
67
115
68
116
69
117
70
118
71
119
72
120
73
121
74
122
75
123
76
124
77
125
78
126
79
127
80
128
81
129
82
130
83
131
84
132
85
133
86
134
87
135
88
136
89
137
90
138
91
139
92
140
93
141
94
142
95
143
96
144
97
145
146
7521
99
147
100
148
101
149
102
150
103
151
104
152
105
153
106
154
107
155
108
156
109
157
110
158
111
159
112
160
113
161
114
162
115
163
116
164
117
165
118
166
119
167
120
168
121
169
122
170
123
171
124
172
125
173
126
174
127
175
128
176
129
177
130
178
131
179
132
180
133
181
134
182
135
183
136
184
137
185
138
186
139
187
140
188
141
189
142
190
143
191
144
192
145
193
146
194
195
9944
148
196
149
197
150
198
151
199
152
200
153
201
154
202
155
203
156
204
157
205
158
206
159
207
160
208
161
209
162
210
163
211
164
212
165
213
166
214
167
215
168
216
169
217
170
218
171
219
172
220
173
221
174
222
175
223
176
224
177
225
178
226
179
227
180
228
181
229
182
230
183
231
184
232
185
233
186
234
187
235
188
236
189
237
190
238
191
239
192
240
193
241
194
242
195
243
244
8391
197
245
198
246
199
247
200
248
201
249
202
250
203
251
204
252
205
253
206
254
207
255
208
256
209
257
210
258
211
259
212
260
213
261
214
262
215
263
216
264
217
265
218
266
219
267
220
268
221
269
222
270
223
271
224
272
225
273
226
274
227
275
228
276
229
277
230
278
231
279
232
280
233
281
234
282
235
283
236
284
237
285
238
286
239
287
240
288
241
289
242
290
243
291
244
292
293
8929
246
294
247
295
248
296
249
297
250
298
251
299
252
300
253
301
254
302
255
303
256
304
257
305
258
306
259
307
260
308
261
309
262
310
263
311
264
312
265
313
266
314
267
315
268
316
269
317
270
318
271
319
272
320
273
321
274
322
275
323
276
324
277
325
278
326
279
327
280
328
281
329
282
330
283
331
284
332
285
333
286
334
287
335
288
336
289
337
290
338
291
339
292
340
293
341
342
9620
295
343
296
344
297
345
298
346
299
347
300
348
301
349
302
350
303
351
304
352
305
353
306
354
307
355
308
356
309
357
310
358
311
359
312
360
313
361
314
362
315
363
316
364
317
365
318
366
319
367
320
368
321
369
322
370
323
371
324
372
325
373
326
374
327
375
328
376
329
377
330
378
331
379
332
380
333
381
334
382
335
383
336
384
337
385
338
386
339
387
340
388
341
389
342
390
391
9904
344
392
345
393
346
394
347
395
348
396
349
397
350
398
351
399
352
400
353
401
354
402
355
403
356
404
357
405
358
406
359
407
360
408
361
409
362
410
363
411
364
412
365
413
366
414
367
415
368
416
369
417
370
418
371
419
372
420
373
421
374
422
375
423
376
424
377
425
378
426
379
427
380
428
381
429
382
430
383
431
384
432
385
433
386
434
387
435
388
436
389
437
390
438
391
439
440
9276
393
441
394
442
395
443
396
444
397
445
398
446
399
447
400
448
401
449
402
450
403
451
404
452
405
453
406
454
407
455
408
456
409
457
410
458
411
459
412
460
413
461
414
462
415
463
416
464
417
465
418
466
419
467
420
468
421
469
422
470
423
471
424
472
425
473
426
474
427
475
428
476
429
477
430
478
431
479
432
480
433
481
434
482
435
483
436
484
437
485
438
486
439
487
440
488
489
7634
442
490
443
491
444
492
445
493
446
494
447
495
448
496
449
497
450
498
451
499
452
500
453
501
454
502
455
503
456
504
457
505
458
506
459
507
460
508
461
509
462
510
463
511
464
512
465
513
466
514
467
515
468
516
469
517
470
518
471
519
472
520
473
521
474
522
475
523
476
524
477
525
478
526
479
527
480
528
481
529
482
530
483
531
484
532
485
533
486
534
487
535
488
536
489
537
538
8536
491
539
492
540
493
541
494
542
495
543
496
544
497
545
498
546
499
547
500
548
501
549
502
550
503
551
504
552
505
553
506
554
507
555
508
556
509
557
510
558
511
559
512
560
513
561
514
562
515
563
516
564
517
565
518
566
519
567
520
568
521
569
522
570
523
571
524
572
525
573
526
574
527
575
528
576
529
577
530
578
531
579
532
580
533
581
534
582
535
583
536
584
537
585
538
586
587
8740
540
588
541
589
542
590
543
591
544
592
545
593
546
594
547
595
548
596
549
597
550
598
551
599
552
600
553
601
554
602
555
603
556
604
557
605
558
606
559
607
560
608
561
609
562
610
563
611
564
612
565
613
566
614
567
615
568
616
569
617
570
618
571
619
572
620
573
621
574
622
575
623
576
624
577
625
578
626
579
627
580
628
581
629
582
630
583
631
584
632
585
633
586
634
587
635
636
9382
589
637
590
638
591
639
592
640
593
641
594
642
595
643
596
644
597
645
598
646
599
647
600
648
601
649
602
650
603
651
604
652
605
653
606
654
607
655
608
656
609
657
610
658
611
659
612
660
613
661
614
662
615
663
616
664
617
665
618
666
619
667
620
668
621
669
622
670
623
671
624
672
625
673
626
674
627
675
628
676
629
677
630
678
631
679
632
680
633
681
634
682
635
683
636
684
685
9964
638
686
639
687
640
688
641
689
642
690
643
691
644
692
645
693
646
694
647
695
648
696
649
697
650
698
651
699
652
700
653
701
654
702
655
703
656
704
657
705
658
706
659
707
660
708
661
709
662
710
663
711
664
712
665
713
666
714
667
715
668
716
669
717
670
718
671
719
672
720
673
721
674
722
675
723
676
724
677
725
678
726
679
727
680
728
681
729
682
730
683
731
684
732
685
733
734
7279
687
735
688
736
689
737
690
738
691
739
692
740
693
741
694
742
695
743
696
744
697
745
698
746
699
747
700
748
701
749
702
750
703
751
704
752
705
753
706
754
707
755
708
756
709
757
710
758
711
759
712
760
713
761
714
762
715
763
716
764
717
765
718
766
719
767
720
768
721
769
722
770
723
771
724
772
725
773
726
774
727
775
728
776
729
777
730
778
731
779
732
780
733
781
734
782
783
8549
736
784
737
785
738
786
739
787
740
788
741
789
742
790
743
791
744
792
745
793
746
794
747
795
748
796
749
797
750
798
751
799
752
800
753
801
754
802
755
803
756
804
757
805
758
806
759
807
760
808
761
809
762
810
763
811
764
812
765
813
766
814
767
815
768
816
769
817
770
818
771
819
772
820
773
821
774
822
775
823
776
824
777
825
778
826
779
827
780
828
781
829
782
830
783
831
832
8867
785
833
786
834
787
835
788
836
789
837
790
838
791
839
792
840
793
841
794
842
795
843
796
844
797
845
798
846
799
847
800
848
801
849
802
850
803
851
804
852
805
853
806
854
807
855
808
856
809
857
810
858
811
859
812
860
813
861
814
862
815
863
816
864
817
865
818
866
819
867
820
868
821
869
822
870
823
871
824
872
825
873
826
874
827
875
828
876
829
877
830
878
831
879
832
880
881
9134
834
882
835
883
836
884
837
885
838
886
839
887
840
888
841
889
842
890
843
891
844
892
845
893
846
894
847
895
848
896
849
897
850
898
851
899
852
900
853
901
854
902
855
903
856
904
857
905
858
906
859
907
860
908
861
909
862
910
863
911
864
912
865
913
866
914
867
915
868
916
869
917
870
918
871
919
872
920
873
921
874
922
875
923
876
924
877
925
878
926
879
927
880
928
881
929
930
7363
883
931
884
932
885
933
886
934
887
935
888
936
889
937
890
938
891
939
892
940
893
941
894
942
895
943
896
944
897
945
898
946
899
947
900
948
901
949
902
950
903
951
904
952
905
953
906
954
907
955
908
956
909
957
910
958
911
959
912
960
913
961
914
962
915
963
916
964
917
965
918
966
919
967
920
968
921
969
922
970
923
971
924
972
925
973
926
974
927
975
928
976
929
977
930
978
979
7642
932
980
933
981
934
982
935
983
936
984
937
985
938
986
939
987
940
988
941
989
942
990
943
991
944
992
945
993
946
994
947
995
948
996
949
997
950
998
951
999
952
1000
953
1001
954
1002
955
1003
956
1004
957
1005
958
1006
959
1007
960
1008
961
1009
962
1010
963
1011
964
1012
965
1013
966
1014
967
1015
968
1016
969
1017
970
1018
971
1019
972
1020
973
1021
974
1022
975
1023
976
1024
977
1025
978
1026
979
1027
1028
9899
981
1029
982
1030
983
1031
984
1032
985
1033
986
1034
987
1035
988
1036
989
1037
990
1038
991
1039
992
1040
993
1041
994
1042
995
1043
996
1044
997
1045
998
1046
999
1047
1000
1048
1001
1049
1002
1050
1003
1051
1004
1052
1005
1053
1006
1054
1007
1055
1008
1056
1009
1057
1010
1058
1011
1059
1012
1060
1013
1061
1014
1062
1015
1063
1016
1064
1017
1065
1018
1066
1019
1067
1020
1068
1021
1069
1022
1070
1023
1071
1024
1072
1025
1073
1026
1074
1027
1075
1028
1076
1077
7537
1030
1078
1031
1079
1032
1080
1033
1081
1034
1082
1035
1083
1036
1084
1037
1085
1038
1086
1039
1087
1040
1088
1041
1089
1042
1090
1043
1091
1044
1092
1045
1093
1046
1094
1047
1095
1048
1096
1049
1097
1050
1098
1051
1099
1052
1100
1053
1101
1054
1102
1055
1103
1056
1104
1057
1105
1058
1106
1059
1107
1060
1108
1061
1109
1062
1110
1063
1111
1064
1112
1065
1113
1066
1114
1067
1115
1068
1116
1069
1117
1070
1118
1071
1119
1072
1120
1073
1121
1074
1122
1075
1123
1076
1124
1077
1125
1126
9851
1079
1127
1080
1128
1081
1129
1082
1130
1083
1131
1084
1132
1085
1133
1086
1134
1087
1135
1088
1136
1089
1137
1090
1138
1091
1139
1092
1140
1093
1141
1094
1142
1095
1143
1096
1144
1097
1145
1098
1146
1099
1147
1100
1148
1101
1149
1102
1150
1103
1151
1104
1152
1105
1153
1106
1154
1107
1155
1108
1156
1109
1157
1110
1158
1111
1159
1112
1160
1113
1161
1114
1162
1115
1163
1116
1164
1117
1165
1118
1166
1119
1167
1120
1168
1121
1169
1122
1170
1123
1171
1124
1172
1125
1173
1126
1174
1175
7223
1128
1176
1129
1177
1130
1178
1131
1179
1132
1180
1133
1181
1134
1182
1135
1183
1136
1184
1137
1185
1138
1186
1139
1187
1140
1188
1141
1189
1142
1190
1143
1191
1144
1192
1145
1193
1146
1194
1147
1195
1148
1196
1149
1197
1150
1198
1151
1199
1152
1200
1153
1201
1154
1202
1155
1203
1156
1204
1157
1205
1158
1206
1159
1207
1160
1208
1161
1209
1162
1210
1163
1211
1164
1212
1165
1213
1166
1214
1167
1215
1168
1216
1169
1217
1170
1218
1171
1219
1172
1220
1173
1221
1174
1222
1175
1223
1224
10009
1177
1225
1178
1226
1179
1227
1180
1228
1181
1229
1182
1230
1183
1231
1184
1232
1185
1233
1186
1234
1187
1235
1188
1236
1189
1237
1190
1238
1191
1239
1192
1240
1193
1241
1194
1242
1195
1243
1196
1244
1197
1245
1198
1246
1199
1247
1200
1248
1201
1249
1202
1250
1203
1251
1204
1252
1205
1253
1206
1254
1207
1255
1208
1256
1209
1257
1210
1258
1211
1259
1212
1260
1213
1261
1214
1262
1215
1263
1216
1264
1217
1265
1218
1266
1219
1267
1220
1268
1221
1269
1222
1270
1223
1271
1224
1272
1273
9773
1226
1274
1227
1275
1228
1276
1229
1277
1230
1278
1231
1279
1232
1280
1233
1281
1234
1282
1235
1283
1236
1284
1237
1285
1238
1286
1239
1287
1240
1288
1241
1289
1242
1290
1243
1291
1244
1292
1245
1293
1246
1294
1247
1295
1248
1296
1249
1297
1250
1298
1251
1299
1252
1300
1253
1301
1254
1302
1255
1303
1256
1304
1257
1305
1258
1306
1259
1307
1260
1308
1261
1309
1262
1310
1263
1311
1264
1312
1265
1313
1266
1314
1267
1315
1268
1316
1269
1317
1270
1318
1271
1319
1272
1320
1273
1321
1322
8246
1275
1323
1276
1324
1277
1325
1278
1326
1279
1327
1280
1328
1281
1329
1282
1330
1283
1331
1284
1332
1285
1333
1286
1334
1287
1335
1288
1336
1289
1337
1290
1338
1291
1339
1292
1340
1293
1341
1294
1342
1295
1343
1296
1344
1297
1345
1298
1346
1299
1347
1300
1348
1301
1349
1302
1350
1303
1351
1304
1352
1305
1353
1306
1354
1307
1355
1308
1356
1309
1357
1310
1358
1311
1359
1312
1360
1313
1361
1314
1362
1315
1363
1316
1364
1317
1365
1318
1366
1319
1367
1320
1368
1321
1369
1322
1370
1371
8904
1324
1372
1325
1373
1326
1374
1327
1375
1328
1376
1329
1377
1330
1378
1331
1379
1332
1380
1333
1381
1334
1382
1335
1383
1336
1384
1337
1385
1338
1386
1339
1387
1340
1388
1341
1389
1342
1390
1343
1391
1344
1392
1345
1393
1346
1394
1347
1395
1348
1396
1349
1397
1350
1398
1351
1399
1352
1400
1353
1401
1354
1402
1355
1403
1356
1404
1357
1405
1358
1406
1359
1407
1360
1408
1361
1409
1362
1410
1363
1411
1364
1412
1365
1413
1366
1414
1367
1415
1368
1416
1369
1417
1370
1418
1371
1419
1420
7338
1373
1421
1374
1422
1375
1423
1376
1424
1377
1425
1378
1426
1379
1427
1380
1428
1381
1429
1382
1430
1383
1431
1384
1432
1385
1433
1386
1434
1387
1435
1388
1436
1389
1437
1390
1438
1391
1439
1392
1440
1393
1441
1394
1442
1395
1443
1396
1444
1397
1445
1398
1446
1399
1447
1400
1448
1401
1449
1402
1450
1403
1451
1404
1452
1405
1453
1406
1454
1407
1455
1408
1456
1409
1457
1410
1458
1411
1459
1412
1460
1413
1461
1414
1462
1415
1463
1416
1464
1417
1465
1418
1466
1419
1467
1420
1468
1469
9374
1422
1470
1423
1471
1424
1472
1425
1473
1426
1474
1427
1475
1428
1476
1429
1477
1430
1478
1431
1479
1432
1480
1433
1481
1434
1482
1435
1483
1436
1484
1437
1485
1438
1486
1439
1487
1440
1488
1441
1489
1442
1490
1443
1491
1444
1492
1445
1493
1446
1494
1447
1495
1448
1496
1449
1497
1450
1498
1451
1499
1452
1500
1453
1501
1454
1502
1455
1503
1456
1504
1457
1505
1458
1506
1459
1507
1460
1508
1461
1509
1462
1510
1463
1511
1464
1512
1465
1513
1466
1514
1467
1515
1468
1516
1469
1517
1518
7217
1471
1519
1472
1520
1473
1521
1474
1522
1475
1523
1476
1524
1477
1525
1478
1526
1479
1527
1480
1528
1481
1529
1482
1530
1483
1531
1484
1532
1485
1533
1486
1534
1487
1535
1488
1536
1489
1537
1490
1538
1491
1539
1492
1540
1493
1541
1494
1542
1495
1543
1496
1544
1497
1545
1498
1546
1499
1547
1500
1548
1501
1549
1502
1550
1503
1551
1504
1552
1505
1553
1506
1554
1507
1555
1508
1556
1509
1557
1510
1558
1511
1559
1512
1560
1513
1561
1514
1562
1515
1563
1516
1564
1517
1565
1518
1566
1567
9742
1520
1568
1521
1569
1522
1570
1523
1571
1524
1572
1525
1573
1526
1574
1527
1575
1528
1576
1529
1577
1530
1578
1531
1579
1532
1580
1533
1581
1534
1582
1535
1583
1536
1584
1537
1585
1538
1586
1539
1587
1540
1588
1541
1589
1542
1590
1543
1591
1544
1592
1545
1593
1546
1594
1547
1595
1548
1596
1549
1597
1550
1598
1551
1599
1552
1600
1553
1601
1554
1602
1555
1603
1556
1604
1557
1605
1558
1606
1559
1607
1560
1608
1561
1609
1562
1610
1563
1611
1564
1612
1565
1613
1566
1614
1567
1615
1616
8179
1569
1617
1570
1618
1571
1619
1572
1620
1573
1621
1574
1622
1575
1623
1576
1624
1577
1625
1578
1626
1579
1627
1580
1628
1581
1629
1582
1630
1583
1631
1584
1632
1585
1633
1586
1634
1587
1635
1588
1636
1589
1637
1590
1638
1591
1639
1592
1640
1593
1641
1594
1642
1595
1643
1596
1644
1597
1645
1598
1646
1599
1647
1600
1648
1601
1649
1602
1650
1603
1651
1604
1652
1605
1653
1606
1654
1607
1655
1608
1656
1609
1657
1610
1658
1611
1659
1612
1660
1613
1661
1614
1662
1615
1663
1616
1664
1665
8834
1618
1666
1619
1667
1620
1668
1621
1669
1622
1670
1623
1671
1624
1672
1625
1673
1626
1674
1627
1675
1628
1676
1629
1677
1630
1678
1631
1679
1632
1680
1633
1681
1634
1682
1635
1683
1636
1684
1637
1685
1638
1686
1639
1687
1640
1688
1641
1689
1642
1690
1643
1691
1644
1692
1645
1693
1646
1694
1647
1695
1648
1696
1649
1697
1650
1698
1651
1699
1652
1700
1653
1701
1654
1702
1655
1703
1656
1704
1657
1705
1658
1706
1659
1707
1660
1708
1661
1709
1662
1710
1663
1711
1664
1712
1665
1713
1714
7311
1667
1715
1668
1716
1669
1717
1670
1718
1671
1719
1672
1720
1673
1721
1674
1722
1675
1723
1676
1724
1677
1725
1678
1726
1679
1727
1680
1728
1681
1729
1682
1730
1683
1731
1684
1732
1685
1733
1686
1734
1687
1735
1688
1736
1689
1737
1690
1738
1691
1739
1692
1740
1693
1741
1694
1742
1695
1743
1696
1744
1697
1745
1698
1746
1699
1747
1700
1748
1701
1749
1702
1750
1703
1751
1704
1752
1705
1753
1706
1754
1707
1755
1708
1756
1709
1757
1710
1758
1711
1759
1712
1760
1713
1761
1714
1762
1763
8584
1716
1764
1717
1765
1718
1766
1719
1767
1720
1768
1721
1769
1722
1770
1723
1771
1724
1772
1725
1773
1726
1774
1727
1775
1728
1776
1729
1777
1730
1778
1731
1779
1732
1780
1733
1781
1734
1782
1735
1783
1736
1784
1737
1785
1738
1786
1739
1787
1740
1788
1741
1789
1742
1790
1743
1791
1744
1792
1745
1793
1746
1794
1747
1795
1748
1796
1749
1797
1750
1798
1751
1799
1752
1800
1753
1801
1754
1802
1755
1803
1756
1804
1757
1805
1758
1806
1759
1807
1760
1808
1761
1809
1762
1810
1763
1811
1812
7289
1765
1813
1766
1814
1767
1815
1768
1816
1769
1817
1770
1818
1771
1819
1772
1820
1773
1821
1774
1822
1775
1823
1776
1824
1777
1825
1778
1826
1779
1827
1780
1828
1781
1829
1782
1830
1783
1831
1784
1832
1785
1833
1786
1834
1787
1835
1788
1836
1789
1837
1790
1838
1791
1839
1792
1840
1793
1841
1794
1842
1795
1843
1796
1844
1797
1845
1798
1846
1799
1847
1800
1848
1801
1849
1802
1850
1803
1851
1804
1852
1805
1853
1806
1854
1807
1855
1808
1856
1809
1857
1810
1858
1811
1859
1812
1860
1861
9969
1814
1862
1815
1863
1816
1864
1817
1865
1818
1866
1819
1867
1820
1868
1821
1869
1822
1870
1823
1871
1824
1872
1825
1873
1826
1874
1827
1875
1828
1876
1829
1877
1830
1878
1831
1879
1832
1880
1833
1881
1834
1882
1835
1883
1836
1884
1837
1885
1838
1886
1839
1887
1840
1888
1841
1889
1842
1890
1843
1891
1844
1892
1845
1893
1846
1894
1847
1895
1848
1896
1849
1897
1850
1898
1851
1899
1852
1900
1853
1901
1854
1902
1855
1903
1856
1904
1857
1905
1858
1906
1859
1907
1860
1908
1861
1909
1910
9385
1863
1911
1864
1912
1865
1913
1866
1914
1867
1915
1868
1916
1869
1917
1870
1918
1871
1919
1872
1920
1873
1921
1874
1922
1875
1923
1876
1924
1877
1925
1878
1926
1879
1927
1880
1928
1881
1929
1882
1930
1883
1931
1884
1932
1885
1933
1886
1934
1887
1935
1888
1936
1889
1937
1890
1938
1891
1939
1892
1940
1893
1941
1894
1942
1895
1943
1896
1944
1897
1945
1898
1946
1899
1947
1900
1948
1901
1949
1902
1950
1903
1951
1904
1952
1905
1953
1906
1954
1907
1955
1908
1956
1909
1957
1910
1958
1959
8744
1912
1960
1913
1961
1914
1962
1915
1963
1916
1964
1917
1965
1918
1966
1919
1967
1920
1968
1921
1969
1922
1970
1923
1971
1924
1972
1925
1973
1926
1974
1927
1975
1928
1976
1929
1977
1930
1978
1931
1979
1932
1980
1933
1981
1934
1982
1935
1983
1936
1984
1937
1985
1938
1986
1939
1987
1940
1988
1941
1989
1942
1990
1943
1991
1944
1992
1945
1993
1946
1994
1947
1995
1948
1996
1949
1997
1950
1998
1951
1999
1952
2000
1953
2001
1954
2002
1955
2003
1956
2004
1957
2005
1958
2006
1959
2007
2008
8553
1961
2009
1962
2010
1963
2011
1964
2012
1965
2013
1966
2014
1967
2015
1968
2016
1969
2017
1970
2018
1971
2019
1972
2020
1973
2021
1974
2022
1975
2023
1976
2024
1977
2025
1978
2026
1979
2027
1980
2028
1981
2029
1982
2030
1983
2031
1984
2032
1985
2033
1986
2034
1987
2035
1988
2036
1989
2037
1990
2038
1991
2039
1992
2040
1993
2041
1994
2042
1995
2043
1996
2044
1997
2045
1998
2046
1999
2047
2000
2048
2001
2049
2002
2050
2003
2051
2004
2052
2005
2053
2006
2054
2007
2055
2008
2056
2057
7643
2010
2058
2011
2059
2012
2060
2013
2061
2014
2062
2015
2063
2016
2064
2017
2065
2018
2066
2019
2067
2020
2068
2021
2069
2022
2070
2023
2071
2024
2072
2025
2073
2026
2074
2027
2075
2028
2076
2029
2077
2030
2078
2031
2079
2032
2080
2033
2081
2034
2082
2035
2083
2036
2084
2037
2085
2038
2086
2039
2087
2040
2088
2041
2089
2042
2090
2043
2091
2044
2092
2045
2093
2046
2094
2047
2095
2048
2096
2049
2097
2050
2098
2051
2099
2052
2100
2053
2101
2054
2102
2055
2103
2056
2104
2057
2105
2106
9280
2059
2107
2060
2108
2061
2109
2062
2110
2063
2111
2064
2112
2065
2113
2066
2114
2067
2115
2068
2116
2069
2117
2070
2118
2071
2119
2072
2120
2073
2121
2074
2122
2075
2123
2076
2124
2077
2125
2078
2126
2079
2127
2080
2128
2081
2129
2082
2130
2083
2131
2084
2132
2085
2133
2086
2134
2087
2135
2088
2136
2089
2137
2090
2138
2091
2139
2092
2140
2093
2141
2094
2142
2095
2143
2096
2144
2097
2145
2098
2146
2099
2147
2100
2148
2101
2149
2102
2150
2103
2151
2104
2152
2105
2153
2106
2154
2155
9909
2108
2156
2109
2157
2110
2158
2111
2159
2112
2160
2113
2161
2114
2162
2115
2163
2116
2164
2117
2165
2118
2166
2119
2167
2120
2168
2121
2169
2122
2170
2123
2171
2124
2172
2125
2173
2126
2174
2127
2175
2128
2176
2129
2177
2130
2178
2131
2179
2132
2180
2133
2181
2134
2182
2135
2183
2136
2184
2137
2185
2138
2186
2139
2187
2140
2188
2141
2189
2142
2190
2143
2191
2144
2192
2145
2193
2146
2194
2147
2195
2148
2196
2149
2197
2150
2198
2151
2199
2152
2200
2153
2201
2154
2202
2155
2203
2204
9624
2157
2205
2158
2206
2159
2207
2160
2208
2161
2209
2162
2210
2163
2211
2164
2212
2165
2213
2166
2214
2167
2215
2168
2216
2169
2217
2170
2218
2171
2219
2172
2220
2173
2221
2174
2222
2175
2223
2176
2224
2177
2225
2178
2226
2179
2227
2180
2228
2181
2229
2182
2230
2183
2231
2184
2232
2185
2233
2186
2234
2187
2235
2188
2236
2189
2237
2190
2238
2191
2239
2192
2240
2193
2241
2194
2242
2195
2243
2196
2244
2197
2245
2198
2246
2199
2247
2200
2248
2201
2249
2202
2250
2203
2251
2204
2252
2253
8932
2206
2254
2207
2255
2208
2256
2209
2257
2210
2258
2211
2259
2212
2260
2213
2261
2214
2262
2215
2263
2216
2264
2217
2265
2218
2266
2219
2267
2220
2268
2221
2269
2222
2270
2223
2271
2224
2272
2225
2273
2226
2274
2227
2275
2228
2276
2229
2277
2230
2278
2231
2279
2232
2280
2233
2281
2234
2282
2235
2283
2236
2284
2237
2285
2238
2286
2239
2287
2240
2288
2241
2289
2242
2290
2243
2291
2244
2292
2245
2293
2246
2294
2247
2295
2248
2296
2249
2297
2250
2298
2251
2299
2252
2300
2253
2301
2302
8396
2255
2303
2256
2304
2257
2305
2258
2306
2259
2307
2260
2308
2261
2309
2262
2310
2263
2311
2264
2312
2265
2313
2266
2314
2267
2315
2268
2316
2269
2317
2270
2318
2271
2319
2272
2320
2273
2321
2274
2322
2275
2323
2276
2324
2277
2325
2278
2326
2279
2327
2280
2328
2281
2329
2282
2330
2283
2331
2284
2332
2285
2333
2286
2334
2287
2335
2288
2336
2289
2337
2290
2338
2291
2339
2292
2340
2293
2341
2294
2342
2295
2343
2296
2344
2297
2345
2298
2346
2299
2347
2300
2348
2301
2349
2302
2350
2351
9948
2304
2352
2305
2353
2306
2354
2307
2355
2308
2356
2309
2357
2310
2358
2311
2359
2312
2360
2313
2361
2314
2362
2315
2363
2316
2364
2317
2365
2318
2366
2319
2367
2320
2368
2321
2369
2322
2370
2323
2371
2324
2372
2325
2373
2326
2374
2327
2375
2328
2376
2329
2377
2330
2378
2331
2379
2332
2380
2333
2381
2334
2382
2335
2383
2336
2384
2337
2385
2338
2386
2339
2387
2340
2388
2341
2389
2342
2390
2343
2391
2344
2392
2345
2393
2346
2394
2347
2395
2348
2396
2349
2397
2350
2398
2351
2399
2400
7525
2353
4745
2354
4746
2355
4747
2356
4748
2357
4749
2358
4750
2359
4751
2360
4752
2361
4753
2362
4754
2363
4755
2364
4756
2365
4757
2366
4758
2367
4759
2368
4760
2369
4761
2370
4762
2371
4763
2372
4764
2373
4765
2374
4766
2375
4767
2376
4768
2377
4769
2378
4770
2379
4771
2380
4772
2381
4773
2382
4774
2383
4775
2384
4776
2385
4777
2386
4778
2387
4779
2388
4780
2389
4781
2390
4782
2391
4783
2392
4784
2393
4785
2394
4786
2395
4787
2396
4788
2397
4789
2398
4790
2399
4791
2400
4792
4793
7715
2402
2450
2403
2451
2404
2452
2405
2453
2406
2454
2407
2455
2408
2456
2409
2457
2410
2458
2411
2459
2412
2460
2413
2461
2414
2462
2415
2463
2416
2464
2417
2465
2418
2466
2419
2467
2420
2468
2421
2469
2422
2470
2423
2471
2424
2472
2425
2473
2426
2474
2427
2475
2428
2476
2429
2477
2430
2478
2431
2479
2432
2480
2433
2481
2434
2482
2435
2483
2436
2484
2437
2485
2438
2486
2439
2487
2440
2488
2441
2489
2442
2490
2443
2491
2444
2492
2445
2493
2446
2494
2447
2495
2448
2496
2449
2497
2451
2498
2452
2499
2453
2500
2454
2501
2455
2502
2456
2503
2457
2504
2458
2505
2459
2506
2460
2507
2461
2508
2462
2509
2463
2510
2464
2511
2465
2512
2466
2513
2467
2514
2468
2515
2469
2516
2470
2517
2471
2518
2472
2519
2473
2520
2474
2521
2475
2522
2476
2523
2477
2524
2478
2525
2479
2526
2480
2527
2481
2528
2482
2529
2483
2530
2484
2531
2485
2532
2486
2533
2487
2534
2488
2535
2489
2536
2490
2537
2491
2538
2492
2539
2493
2540
2494
2541
2495
2542
2496
2543
2497
2544
2545
2499
2546
2500
2547
2501
2548
2502
2549
2503
2550
2504
2551
2505
2552
2506
2553
2507
2554
2508
2555
2509
2556
2510
2557
2511
2558
2512
2559
2513
2560
2514
2561
2515
2562
2516
2563
2517
2564
2518
2565
2519
2566
2520
2567
2521
2568
2522
2569
2523
2570
2524
2571
2525
2572
2526
2573
2527
2574
2528
2575
2529
2576
2530
2577
2531
2578
2532
2579
2533
2580
2534
2581
2535
2582
2536
2583
2537
2584
2538
2585
2539
2586
2540
2587
2541
2588
2542
2589
2543
2590
2544
2591
2545
2592
2593
2547
2594
2548
2595
2549
2596
2550
2597
2551
2598
2552
2599
2553
2600
2554
2601
2555
2602
2556
2603
2557
2604
2558
2605
2559
2606
2560
2607
2561
2608
2562
2609
2563
2610
2564
2611
2565
2612
2566
2613
2567
2614
2568
2615
2569
2616
2570
2617
2571
2618
2572
2619
2573
2620
2574
2621
2575
2622
2576
2623
2577
2624
2578
2625
2579
2626
2580
2627
2581
2628
2582
2629
2583
2630
2584
2631
2585
2632
2586
2633
2587
2634
2588
2635
2589
2636
2590
2637
2591
2638
2592
2639
2593
2640
2641
2595
2642
2596
2643
2597
2644
2598
2645
2599
2646
2600
2647
2601
2648
2602
2649
2603
2650
2604
2651
2605
2652
2606
2653
2607
2654
2608
2655
2609
2656
2610
2657
2611
2658
2612
2659
2613
2660
2614
2661
2615
2662
2616
2663
2617
2664
2618
2665
2619
2666
2620
2667
2621
2668
2622
2669
2623
2670
2624
2671
2625
2672
2626
2673
2627
2674
2628
2675
2629
2676
2630
2677
2631
2678
2632
2679
2633
2680
2634
2681
2635
2682
2636
2683
2637
2684
2638
2685
2639
2686
2640
2687
2641
2688
2689
2643
2690
2644
2691
2645
2692
2646
2693
2647
2694
2648
2695
2649
2696
2650
2697
2651
2698
2652
2699
2653
2700
2654
2701
2655
2702
2656
2703
2657
2704
2658
2705
2659
2706
2660
2707
2661
2708
2662
2709
2663
2710
2664
2711
2665
2712
2666
2713
2667
2714
2668
2715
2669
2716
2670
2717
2671
2718
2672
2719
2673
2720
2674
2721
2675
2722
2676
2723
2677
2724
2678
2725
2679
2726
2680
2727
2681
2728
2682
2729
2683
2730
2684
2731
2685
2732
2686
2733
2687
2734
2688
2735
2689
2736
2737
2691
2738
2692
2739
2693
2740
2694
2741
2695
2742
2696
2743
2697
2744
2698
2745
2699
2746
2700
2747
2701
2748
2702
2749
2703
2750
2704
2751
2705
2752
2706
2753
2707
2754
2708
2755
2709
2756
2710
2757
2711
2758
2712
2759
2713
2760
2714
2761
2715
2762
2716
2763
2717
2764
2718
2765
2719
2766
2720
2767
2721
2768
2722
2769
2723
2770
2724
2771
2725
2772
2726
2773
2727
2774
2728
2775
2729
2776
2730
2777
2731
2778
2732
2779
2733
2780
2734
2781
2735
2782
2736
2783
2737
2784
2785
2739
2786
2740
2787
2741
2788
2742
2789
2743
2790
2744
2791
2745
2792
2746
2793
2747
2794
2748
2795
2749
2796
2750
2797
2751
2798
2752
2799
2753
2800
2754
2801
2755
2802
2756
2803
2757
2804
2758
2805
2759
2806
2760
2807
2761
2808
2762
2809
2763
2810
2764
2811
2765
2812
2766
2813
2767
2814
2768
2815
2769
2816
2770
2817
2771
2818
2772
2819
2773
2820
2774
2821
2775
2822
2776
2823
2777
2824
2778
2825
2779
2826
2780
2827
2781
2828
2782
2829
2783
2830
2784
2831
2785
2832
2833
2787
2834
2788
2835
2789
2836
2790
2837
2791
2838
2792
2839
2793
2840
2794
2841
2795
2842
2796
2843
2797
2844
2798
2845
2799
2846
2800
2847
2801
2848
2802
2849
2803
2850
2804
2851
2805
2852
2806
2853
2807
2854
2808
2855
2809
2856
2810
2857
2811
2858
2812
2859
2813
2860
2814
2861
2815
2862
2816
2863
2817
2864
2818
2865
2819
2866
2820
2867
2821
2868
2822
2869
2823
2870
2824
2871
2825
2872
2826
2873
2827
2874
2828
2875
2829
2876
2830
2877
2831
2878
2832
2879
2833
2880
2881
2835
2883
2836
2884
2837
2885
2838
2886
2839
2887
2840
2888
2841
2889
2842
2890
2843
2891
2844
2892
2845
2893
2846
2894
2847
2895
2848
2896
2849
2897
2850
2898
2851
2899
2852
2900
2853
2901
2854
2902
2855
2903
2856
2904
2857
2905
2858
2906
2859
2907
2860
2908
2861
2909
2862
2910
2863
2911
2864
2912
2865
2913
2866
2914
2867
2915
2868
2916
2869
2917
2870
2918
2871
2919
2872
2920
2873
2921
2874
2922
2875
2923
2876
2924
2877
2925
2878
2926
2879
2927
2880
2928
2881
2929
2882
2930
2931
2884
2932
2885
2933
2886
2934
2887
2935
2888
2936
2889
2937
2890
2938
2891
2939
2892
2940
2893
2941
2894
2942
2895
2943
2896
2944
2897
2945
2898
2946
2899
2947
2900
2948
2901
2949
2902
2950
2903
2951
2904
2952
2905
2953
2906
2954
2907
2955
2908
2956
2909
2957
2910
2958
2911
2959
2912
2960
2913
2961
2914
2962
2915
2963
2916
2964
2917
2965
2918
2966
2919
2967
2920
2968
2921
2969
2922
2970
2923
2971
2924
2972
2925
2973
2926
2974
2927
2975
2928
2976
2929
2977
2930
2978
2931
2979
2980
2933
2981
2934
2982
2935
2983
2936
2984
2937
2985
2938
2986
2939
2987
2940
2988
2941
2989
2942
2990
2943
2991
2944
2992
2945
2993
2946
2994
2947
2995
2948
2996
2949
2997
2950
2998
2951
2999
2952
3000
2953
3001
2954
3002
2955
3003
2956
3004
2957
3005
2958
3006
2959
3007
2960
3008
2961
3009
2962
3010
2963
3011
2964
3012
2965
3013
2966
3014
2967
3015
2968
3016
2969
3017
2970
3018
2971
3019
2972
3020
2973
3021
2974
3022
2975
3023
2976
3024
2977
3025
2978
3026
2979
3027
2980
3028
3029
9885
2982
3030
2983
3031
2984
3032
2985
3033
2986
3034
2987
3035
2988
3036
2989
3037
2990
3038
2991
3039
2992
3040
2993
3041
2994
3042
2995
3043
2996
3044
2997
3045
2998
3046
2999
3047
3000
3048
3001
3049
3002
3050
3003
3051
3004
3052
3005
3053
3006
3054
3007
3055
3008
3056
3009
3057
3010
3058
3011
3059
3012
3060
3013
3061
3014
3062
3015
3063
3016
3064
3017
3065
3018
3066
3019
3067
3020
3068
3021
3069
3022
3070
3023
3071
3024
3072
3025
3073
3026
3074
3027
3075
3028
3076
3029
3077
3078
8077
3031
3079
3032
3080
3033
3081
3034
3082
3035
3083
3036
3084
3037
3085
3038
3086
3039
3087
3040
3088
3041
3089
3042
3090
3043
3091
3044
3092
3045
3093
3046
3094
3047
3095
3048
3096
3049
3097
3050
3098
3051
3099
3052
3100
3053
3101
3054
3102
3055
3103
3056
3104
3057
3105
3058
3106
3059
3107
3060
3108
3061
3109
3062
3110
3063
3111
3064
3112
3065
3113
3066
3114
3067
3115
3068
3116
3069
3117
3070
3118
3071
3119
3072
3120
3073
3121
3074
3122
3075
3123
3076
3124
3077
3125
3078
3126
3127
9739
3080
3128
3081
3129
3082
3130
3083
3131
3084
3132
3085
3133
3086
3134
3087
3135
3088
3136
3089
3137
3090
3138
3091
3139
3092
3140
3093
3141
3094
3142
3095
3143
3096
3144
3097
3145
3098
3146
3099
3147
3100
3148
3101
3149
3102
3150
3103
3151
3104
3152
3105
3153
3106
3154
3107
3155
3108
3156
3109
3157
3110
3158
3111
3159
3112
3160
3113
3161
3114
3162
3115
3163
3116
3164
3117
3165
3118
3166
3119
3167
3120
3168
3121
3169
3122
3170
3123
3171
3124
3172
3125
3173
3126
3174
3127
3175
3176
8677
3129
3177
3130
3178
3131
3179
3132
3180
3133
3181
3134
3182
3135
3183
3136
3184
3137
3185
3138
3186
3139
3187
3140
3188
3141
3189
3142
3190
3143
3191
3144
3192
3145
3193
3146
3194
3147
3195
3148
3196
3149
3197
3150
3198
3151
3199
3152
3200
3153
3201
3154
3202
3155
3203
3156
3204
3157
3205
3158
3206
3159
3207
3160
3208
3161
3209
3162
3210
3163
3211
3164
3212
3165
3213
3166
3214
3167
3215
3168
3216
3169
3217
3170
3218
3171
3219
3172
3220
3173
3221
3174
3222
3175
3223
3176
3224
3225
8563
3178
3226
3179
3227
3180
3228
3181
3229
3182
3230
3183
3231
3184
3232
3185
3233
3186
3234
3187
3235
3188
3236
3189
3237
3190
3238
3191
3239
3192
3240
3193
3241
3194
3242
3195
3243
3196
3244
3197
3245
3198
3246
3199
3247
3200
3248
3201
3249
3202
3250
3203
3251
3204
3252
3205
3253
3206
3254
3207
3255
3208
3256
3209
3257
3210
3258
3211
3259
3212
3260
3213
3261
3214
3262
3215
3263
3216
3264
3217
3265
3218
3266
3219
3267
3220
3268
3221
3269
3222
3270
3223
3271
3224
3272
3225
3273
3274
7546
3227
3275
3228
3276
3229
3277
3230
3278
3231
3279
3232
3280
3233
3281
3234
3282
3235
3283
3236
3284
3237
3285
3238
3286
3239
3287
3240
3288
3241
3289
3242
3290
3243
3291
3244
3292
3245
3293
3246
3294
3247
3295
3248
3296
3249
3297
3250
3298
3251
3299
3252
3300
3253
3301
3254
3302
3255
3303
3256
3304
3257
3305
3258
3306
3259
3307
3260
3308
3261
3309
3262
3310
3263
3311
3264
3312
3265
3313
3266
3314
3267
3315
3268
3316
3269
3317
3270
3318
3271
3319
3272
3320
3273
3321
3274
3322
3323
8913
3276
3324
3277
3325
3278
3326
3279
3327
3280
3328
3281
3329
3282
3330
3283
3331
3284
3332
3285
3333
3286
3334
3287
3335
3288
3336
3289
3337
3290
3338
3291
3339
3292
3340
3293
3341
3294
3342
3295
3343
3296
3344
3297
3345
3298
3346
3299
3347
3300
3348
3301
3349
3302
3350
3303
3351
3304
3352
3305
3353
3306
3354
3307
3355
3308
3356
3309
3357
3310
3358
3311
3359
3312
3360
3313
3361
3314
3362
3315
3363
3316
3364
3317
3365
3318
3366
3319
3367
3320
3368
3321
3369
3322
3370
3323
3371
3372
8767
3325
3373
3326
3374
3327
3375
3328
3376
3329
3377
3330
3378
3331
3379
3332
3380
3333
3381
3334
3382
3335
3383
3336
3384
3337
3385
3338
3386
3339
3387
3340
3388
3341
3389
3342
3390
3343
3391
3344
3392
3345
3393
3346
3394
3347
3395
3348
3396
3349
3397
3350
3398
3351
3399
3352
3400
3353
3401
3354
3402
3355
3403
3356
3404
3357
3405
3358
3406
3359
3407
3360
3408
3361
3409
3362
3410
3363
3411
3364
3412
3365
3413
3366
3414
3367
3415
3368
3416
3369
3417
3370
3418
3371
3419
3372
3420
3421
9759
3374
3422
3375
3423
3376
3424
3377
3425
3378
3426
3379
3427
3380
3428
3381
3429
3382
3430
3383
3431
3384
3432
3385
3433
3386
3434
3387
3435
3388
3436
3389
3437
3390
3438
3391
3439
3392
3440
3393
3441
3394
3442
3395
3443
3396
3444
3397
3445
3398
3446
3399
3447
3400
3448
3401
3449
3402
3450
3403
3451
3404
3452
3405
3453
3406
3454
3407
3455
3408
3456
3409
3457
3410
3458
3411
3459
3412
3460
3413
3461
3414
3462
3415
3463
3416
3464
3417
3465
3418
3466
3419
3467
3420
3468
3421
3469
3470
7805
3423
3471
3424
3472
3425
3473
3426
3474
3427
3475
3428
3476
3429
3477
3430
3478
3431
3479
3432
3480
3433
3481
3434
3482
3435
3483
3436
3484
3437
3485
3438
3486
3439
3487
3440
3488
3441
3489
3442
3490
3443
3491
3444
3492
3445
3493
3446
3494
3447
3495
3448
3496
3449
3497
3450
3498
3451
3499
3452
3500
3453
3501
3454
3502
3455
3503
3456
3504
3457
3505
3458
3506
3459
3507
3460
3508
3461
3509
3462
3510
3463
3511
3464
3512
3465
3513
3466
3514
3467
3515
3468
3516
3469
3517
3470
3518
3519
9140
3472
3520
3473
3521
3474
3522
3475
3523
3476
3524
3477
3525
3478
3526
3479
3527
3480
3528
3481
3529
3482
3530
3483
3531
3484
3532
3485
3533
3486
3534
3487
3535
3488
3536
3489
3537
3490
3538
3491
3539
3492
3540
3493
3541
3494
3542
3495
3543
3496
3544
3497
3545
3498
3546
3499
3547
3500
3548
3501
3549
3502
3550
3503
3551
3504
3552
3505
3553
3506
3554
3507
3555
3508
3556
3509
3557
3510
3558
3511
3559
3512
3560
3513
3561
3514
3562
3515
3563
3516
3564
3517
3565
3518
3566
3519
3567
3568
9535
3521
3569
3522
3570
3523
3571
3524
3572
3525
3573
3526
3574
3527
3575
3528
3576
3529
3577
3530
3578
3531
3579
3532
3580
3533
3581
3534
3582
3535
3583
3536
3584
3537
3585
3538
3586
3539
3587
3540
3588
3541
3589
3542
3590
3543
3591
3544
3592
3545
3593
3546
3594
3547
3595
3548
3596
3549
3597
3550
3598
3551
3599
3552
3600
3553
3601
3554
3602
3555
3603
3556
3604
3557
3605
3558
3606
3559
3607
3560
3608
3561
3609
3562
3610
3563
3611
3564
3612
3565
3613
3566
3614
3567
3615
3568
3616
3617
8150
3570
3618
3571
3619
3572
3620
3573
3621
3574
3622
3575
3623
3576
3624
3577
3625
3578
3626
3579
3627
3580
3628
3581
3629
3582
3630
3583
3631
3584
3632
3585
3633
3586
3634
3587
3635
3588
3636
3589
3637
3590
3638
3591
3639
3592
3640
3593
3641
3594
3642
3595
3643
3596
3644
3597
3645
3598
3646
3599
3647
3600
3648
3601
3649
3602
3650
3603
3651
3604
3652
3605
3653
3606
3654
3607
3655
3608
3656
3609
3657
3610
3658
3611
3659
3612
3660
3613
3661
3614
3662
3615
3663
3616
3664
3617
3665
3666
7327
3619
3667
3620
3668
3621
3669
3622
3670
3623
3671
3624
3672
3625
3673
3626
3674
3627
3675
3628
3676
3629
3677
3630
3678
3631
3679
3632
3680
3633
3681
3634
3682
3635
3683
3636
3684
3637
3685
3638
3686
3639
3687
3640
3688
3641
3689
3642
3690
3643
3691
3644
3692
3645
3693
3646
3694
3647
3695
3648
3696
3649
3697
3650
3698
3651
3699
3652
3700
3653
3701
3654
3702
3655
3703
3656
3704
3657
3705
3658
3706
3659
3707
3660
3708
3661
3709
3662
3710
3663
3711
3664
3712
3665
3713
3666
3714
3715
8622
3668
3716
3669
3717
3670
3718
3671
3719
3672
3720
3673
3721
3674
3722
3675
3723
3676
3724
3677
3725
3678
3726
3679
3727
3680
3728
3681
3729
3682
3730
3683
3731
3684
3732
3685
3733
3686
3734
3687
3735
3688
3736
3689
3737
3690
3738
3691
3739
3692
3740
3693
3741
3694
3742
3695
3743
3696
3744
3697
3745
3698
3746
3699
3747
3700
3748
3701
3749
3702
3750
3703
3751
3704
3752
3705
3753
3706
3754
3707
3755
3708
3756
3709
3757
3710
3758
3711
3759
3712
3760
3713
3761
3714
3762
3715
3763
3764
7350
3717
3765
3718
3766
3719
3767
3720
3768
3721
3769
3722
3770
3723
3771
3724
3772
3725
3773
3726
3774
3727
3775
3728
3776
3729
3777
3730
3778
3731
3779
3732
3780
3733
3781
3734
3782
3735
3783
3736
3784
3737
3785
3738
3786
3739
3787
3740
3788
3741
3789
3742
3790
3743
3791
3744
3792
3745
3793
3746
3794
3747
3795
3748
3796
3749
3797
3750
3798
3751
3799
3752
3800
3753
3801
3754
3802
3755
3803
3756
3804
3757
3805
3758
3806
3759
3807
3760
3808
3761
3809
3762
3810
3763
3811
3764
3812
3813
9572
3766
3814
3767
3815
3768
3816
3769
3817
3770
3818
3771
3819
3772
3820
3773
3821
3774
3822
3775
3823
3776
3824
3777
3825
3778
3826
3779
3827
3780
3828
3781
3829
3782
3830
3783
3831
3784
3832
3785
3833
3786
3834
3787
3835
3788
3836
3789
3837
3790
3838
3791
3839
3792
3840
3793
3841
3794
3842
3795
3843
3796
3844
3797
3845
3798
3846
3799
3847
3800
3848
3801
3849
3802
3850
3803
3851
3804
3852
3805
3853
3806
3854
3807
3855
3808
3856
3809
3857
3810
3858
3811
3859
3812
3860
3813
3861
3862
8354
3815
3863
3816
3864
3817
3865
3818
3866
3819
3867
3820
3868
3821
3869
3822
3870
3823
3871
3824
3872
3825
3873
3826
3874
3827
3875
3828
3876
3829
3877
3830
3878
3831
3879
3832
3880
3833
3881
3834
3882
3835
3883
3836
3884
3837
3885
3838
3886
3839
3887
3840
3888
3841
3889
3842
3890
3843
3891
3844
3892
3845
3893
3846
3894
3847
3895
3848
3896
3849
3897
3850
3898
3851
3899
3852
3900
3853
3901
3854
3902
3855
3903
3856
3904
3857
3905
3858
3906
3859
3907
3860
3908
3861
3909
3862
3910
3911
8997
3864
3912
3865
3913
3866
3914
3867
3915
3868
3916
3869
3917
3870
3918
3871
3919
3872
3920
3873
3921
3874
3922
3875
3923
3876
3924
3877
3925
3878
3926
3879
3927
3880
3928
3881
3929
3882
3930
3883
3931
3884
3932
3885
3933
3886
3934
3887
3935
3888
3936
3889
3937
3890
3938
3891
3939
3892
3940
3893
3941
3894
3942
3895
3943
3896
3944
3897
3945
3898
3946
3899
3947
3900
3948
3901
3949
3902
3950
3903
3951
3904
3952
3905
3953
3906
3954
3907
3955
3908
3956
3909
3957
3910
3958
3911
3959
3960
8777
3913
3961
3914
3962
3915
3963
3916
3964
3917
3965
3918
3966
3919
3967
3920
3968
3921
3969
3922
3970
3923
3971
3924
3972
3925
3973
3926
3974
3927
3975
3928
3976
3929
3977
3930
3978
3931
3979
3932
3980
3933
3981
3934
3982
3935
3983
3936
3984
3937
3985
3938
3986
3939
3987
3940
3988
3941
3989
3942
3990
3943
3991
3944
3992
3945
3993
3946
3994
3947
3995
3948
3996
3949
3997
3950
3998
3951
3999
3952
4000
3953
4001
3954
4002
3955
4003
3956
4004
3957
4005
3958
4006
3959
4007
3960
4008
4009
8924
3962
4010
3963
4011
3964
4012
3965
4013
3966
4014
3967
4015
3968
4016
3969
4017
3970
4018
3971
4019
3972
4020
3973
4021
3974
4022
3975
4023
3976
4024
3977
4025
3978
4026
3979
4027
3980
4028
3981
4029
3982
4030
3983
4031
3984
4032
3985
4033
3986
4034
3987
4035
3988
4036
3989
4037
3990
4038
3991
4039
3992
4040
3993
4041
3994
4042
3995
4043
3996
4044
3997
4045
3998
4046
3999
4047
4000
4048
4001
4049
4002
4050
4003
4051
4004
4052
4005
4053
4006
4054
4007
4055
4008
4056
4009
4057
4058
7559
4011
4059
4012
4060
4013
4061
4014
4062
4015
4063
4016
4064
4017
4065
4018
4066
4019
4067
4020
4068
4021
4069
4022
4070
4023
4071
4024
4072
4025
4073
4026
4074
4027
4075
4028
4076
4029
4077
4030
4078
4031
4079
4032
4080
4033
4081
4034
4082
4035
4083
4036
4084
4037
4085
4038
4086
4039
4087
4040
4088
4041
4089
4042
4090
4043
4091
4044
4092
4045
4093
4046
4094
4047
4095
4048
4096
4049
4097
4050
4098
4051
4099
4052
4100
4053
4101
4054
4102
4055
4103
4056
4104
4057
4105
4058
4106
4107
8578
4060
4108
4061
4109
4062
4110
4063
4111
4064
4112
4065
4113
4066
4114
4067
4115
4068
4116
4069
4117
4070
4118
4071
4119
4072
4120
4073
4121
4074
4122
4075
4123
4076
4124
4077
4125
4078
4126
4079
4127
4080
4128
4081
4129
4082
4130
4083
4131
4084
4132
4085
4133
4086
4134
4087
4135
4088
4136
4089
4137
4090
4138
4091
4139
4092
4140
4093
4141
4094
4142
4095
4143
4096
4144
4097
4145
4098
4146
4099
4147
4100
4148
4101
4149
4102
4150
4103
4151
4104
4152
4105
4153
4106
4154
4107
4155
4156
8691
4109
4157
4110
4158
4111
4159
4112
4160
4113
4161
4114
4162
4115
4163
4116
4164
4117
4165
4118
4166
4119
4167
4120
4168
4121
4169
4122
4170
4123
4171
4124
4172
4125
4173
4126
4174
4127
4175
4128
4176
4129
4177
4130
4178
4131
4179
4132
4180
4133
4181
4134
4182
4135
4183
4136
4184
4137
4185
4138
4186
4139
4187
4140
4188
4141
4189
4142
4190
4143
4191
4144
4192
4145
4193
4146
4194
4147
4195
4148
4196
4149
4197
4150
4198
4151
4199
4152
4200
4153
4201
4154
4202
4155
4203
4156
4204
4205
9778
4158
4206
4159
4207
4160
4208
4161
4209
4162
4210
4163
4211
4164
4212
4165
4213
4166
4214
4167
4215
4168
4216
4169
4217
4170
4218
4171
4219
4172
4220
4173
4221
4174
4222
4175
4223
4176
4224
4177
4225
4178
4226
4179
4227
4180
4228
4181
4229
4182
4230
4183
4231
4184
4232
4185
4233
4186
4234
4187
4235
4188
4236
4189
4237
4190
4238
4191
4239
4192
4240
4193
4241
4194
4242
4195
4243
4196
4244
4197
4245
4198
4246
4199
4247
4200
4248
4201
4249
4202
4250
4203
4251
4204
4252
4205
4253
4254
8251
4207
4255
4208
4256
4209
4257
4210
4258
4211
4259
4212
4260
4213
4261
4214
4262
4215
4263
4216
4264
4217
4265
4218
4266
4219
4267
4220
4268
4221
4269
4222
4270
4223
4271
4224
4272
4225
4273
4226
4274
4227
4275
4228
4276
4229
4277
4230
4278
4231
4279
4232
4280
4233
4281
4234
4282
4235
4283
4236
4284
4237
4285
4238
4286
4239
4287
4240
4288
4241
4289
4242
4290
4243
4291
4244
4292
4245
4293
4246
4294
4247
4295
4248
4296
4249
4297
4250
4298
4251
4299
4252
4300
4253
4301
4254
4302
4303
9887
4256
4304
4257
4305
4258
4306
4259
4307
4260
4308
4261
4309
4262
4310
4263
4311
4264
4312
4265
4313
4266
4314
4267
4315
4268
4316
4269
4317
4270
4318
4271
4319
4272
4320
4273
4321
4274
4322
4275
4323
4276
4324
4277
4325
4278
4326
4279
4327
4280
4328
4281
4329
4282
4330
4283
4331
4284
4332
4285
4333
4286
4334
4287
4335
4288
4336
4289
4337
4290
4338
4291
4339
4292
4340
4293
4341
4294
4342
4295
4343
4296
4344
4297
4345
4298
4346
4299
4347
4300
4348
4301
4349
4302
4350
4303
4351
4352
7616
4305
4353
4306
4354
4307
4355
4308
4356
4309
4357
4310
4358
4311
4359
4312
4360
4313
4361
4314
4362
4315
4363
4316
4364
4317
4365
4318
4366
4319
4367
4320
4368
4321
4369
4322
4370
4323
4371
4324
4372
4325
4373
4326
4374
4327
4375
4328
4376
4329
4377
4330
4378
4331
4379
4332
4380
4333
4381
4334
4382
4335
4383
4336
4384
4337
4385
4338
4386
4339
4387
4340
4388
4341
4389
4342
4390
4343
4391
4344
4392
4345
4393
4346
4394
4347
4395
4348
4396
4349
4397
4350
4398
4351
4399
4352
4400
4401
9446
4354
4402
4355
4403
4356
4404
4357
4405
4358
4406
4359
4407
4360
4408
4361
4409
4362
4410
4363
4411
4364
4412
4365
4413
4366
4414
4367
4415
4368
4416
4369
4417
4370
4418
4371
4419
4372
4420
4373
4421
4374
4422
4375
4423
4376
4424
4377
4425
4378
4426
4379
4427
4380
4428
4381
4429
4382
4430
4383
4431
4384
4432
4385
4433
4386
4434
4387
4435
4388
4436
4389
4437
4390
4438
4391
4439
4392
4440
4393
4441
4394
4442
4395
4443
4396
4444
4397
4445
4398
4446
4399
4447
4400
4448
4401
4449
4450
8613
4403
4451
4404
4452
4405
4453
4406
4454
4407
4455
4408
4456
4409
4457
4410
4458
4411
4459
4412
4460
4413
4461
4414
4462
4415
4463
4416
4464
4417
4465
4418
4466
4419
4467
4420
4468
4421
4469
4422
4470
4423
4471
4424
4472
4425
4473
4426
4474
4427
4475
4428
4476
4429
4477
4430
4478
4431
4479
4432
4480
4433
4481
4434
4482
4435
4483
4436
4484
4437
4485
4438
4486
4439
4487
4440
4488
4441
4489
4442
4490
4443
4491
4444
4492
4445
4493
4446
4494
4447
4495
4448
4496
4449
4497
4450
4498
4499
8946
4452
4500
4453
4501
4454
4502
4455
4503
4456
4504
4457
4505
4458
4506
4459
4507
4460
4508
4461
4509
4462
4510
4463
4511
4464
4512
4465
4513
4466
4514
4467
4515
4468
4516
4469
4517
4470
4518
4471
4519
4472
4520
4473
4521
4474
4522
4475
4523
4476
4524
4477
4525
4478
4526
4479
4527
4480
4528
4481
4529
4482
4530
4483
4531
4484
4532
4485
4533
4486
4534
4487
4535
4488
4536
4489
4537
4490
4538
4491
4539
4492
4540
4493
4541
4494
4542
4495
4543
4496
4544
4497
4545
4498
4546
4499
4547
4548
8064
4501
4549
4502
4550
4503
4551
4504
4552
4505
4553
4506
4554
4507
4555
4508
4556
4509
4557
4510
4558
4511
4559
4512
4560
4513
4561
4514
4562
4515
4563
4516
4564
4517
4565
4518
4566
4519
4567
4520
4568
4521
4569
4522
4570
4523
4571
4524
4572
4525
4573
4526
4574
4527
4575
4528
4576
4529
4577
4530
4578
4531
4579
4532
4580
4533
4581
4534
4582
4535
4583
4536
4584
4537
4585
4538
4586
4539
4587
4540
4588
4541
4589
4542
4590
4543
4591
4544
4592
4545
4593
4546
4594
4547
4595
4548
4596
4597
9737
4550
4598
4551
4599
4552
4600
4553
4601
4554
4602
4555
4603
4556
4604
4557
4605
4558
4606
4559
4607
4560
4608
4561
4609
4562
4610
4563
4611
4564
4612
4565
4613
4566
4614
4567
4615
4568
4616
4569
4617
4570
4618
4571
4619
4572
4620
4573
4621
4574
4622
4575
4623
4576
4624
4577
4625
4578
4626
4579
4627
4580
4628
4581
4629
4582
4630
4583
4631
4584
4632
4585
4633
4586
4634
4587
4635
4588
4636
4589
4637
4590
4638
4591
4639
4592
4640
4593
4641
4594
4642
4595
4643
4596
4644
4597
4645
4646
7955
4599
4647
4600
4648
4601
4649
4602
4650
4603
4651
4604
4652
4605
4653
4606
4654
4607
4655
4608
4656
4609
4657
4610
4658
4611
4659
4612
4660
4613
4661
4614
4662
4615
4663
4616
4664
4617
4665
4618
4666
4619
4667
4620
4668
4621
4669
4622
4670
4623
4671
4624
4672
4625
4673
4626
4674
4627
4675
4628
4676
4629
4677
4630
4678
4631
4679
4632
4680
4633
4681
4634
4682
4635
4683
4636
4684
4637
4685
4638
4686
4639
4687
4640
4688
4641
4689
4642
4690
4643
4691
4644
4692
4645
4693
4646
4694
4695
9198
4648
4696
4649
4697
4650
4698
4651
4699
4652
4700
4653
4701
4654
4702
4655
4703
4656
4704
4657
4705
4658
4706
4659
4707
4660
4708
4661
4709
4662
4710
4663
4711
4664
4712
4665
4713
4666
4714
4667
4715
4668
4716
4669
4717
4670
4718
4671
4719
4672
4720
4673
4721
4674
4722
4675
4723
4676
4724
4677
4725
4678
4726
4679
4727
4680
4728
4681
4729
4682
4730
4683
4731
4684
4732
4685
4733
4686
4734
4687
4735
4688
4736
4689
4737
4690
4738
4691
4739
4692
4740
4693
4741
4694
4742
4695
4743
4744
8393
4697
4745
4698
4746
4699
4747
4700
4748
4701
4749
4702
4750
4703
4751
4704
4752
4705
4753
4706
4754
4707
4755
4708
4756
4709
4757
4710
4758
4711
4759
4712
4760
4713
4761
4714
4762
4715
4763
4716
4764
4717
4765
4718
4766
4719
4767
4720
4768
4721
4769
4722
4770
4723
4771
4724
4772
4725
4773
4726
4774
4727
4775
4728
4776
4729
4777
4730
4778
4731
4779
4732
4780
4733
4781
4734
4782
4735
4783
4736
4784
4737
4785
4738
4786
4739
4787
4740
4788
4741
4789
4742
4790
4743
4791
4744
4792
4793
7938
4746
4747
4748
4749
4750
4751
4752
4753
4754
4755
4756
4757
4758
4759
4760
4761
4762
4763
4764
4765
4766
4767
4768
4769
4770
4771
4772
4773
4774
4775
4776
4777
4778
4779
4780
4781
4782
4783
4784
4785
4786
4787
4788
4789
4790
4791
4792
4793
9468
4799
5345
6332
4800
5391
7101
4797
5700
6588
5290
7010
4801
5478
5848
5785
6120
6231
6398
5560
6034
4805
5743
4807
5499
6264
4916
5133
6195
5949
6873
4810
5769
6536
4988
6226
4811
5605
5764
4881
5682
5858
5723
5808
5436
6378
4935
5015
6728
4877
5954
4991
5139
4885
5277
6026
5006
5632
4839
5880
7094
4834
5089
6175
4943
5058
6543
4842
5028
6954
4993
5211
5520
4918
4948
4998
4837
4914
6660
4838
5077
5900
4828
5797
5937
5011
5030
5226
5031
5772
5876
5709
6046
4895
5536
6269
5227
6430
4860
5430
6978
4952
4997
5726
4969
5369
6224
4899
6994
4848
4956
6918
4851
5487
5982
5099
6650
5814
6110
4988
7084
5118
5783
5822
5091
5131
6464
5888
6016
4864
5066
5204
4851
4892
6300
4854
5577
6417
4905
5386
7095
5002
5097
5295
5665
5755
4941
5045
6483
4930
5631
6548
4998
4867
6643
6702
5004
5090
5452
5187
6580
4884
6287
6897
4980
5138
6679
5148
5739
5814
4948
5300
6554
5016
5116
7043
5059
5791
4984
5718
6925
4910
5053
7079
4865
5191
5644
5191
5346
5159
5839
4924
5067
6483
5639
6129
4911
5367
6965
4913
6303
4896
5769
6268
4933
5243
5280
4880
5496
6734
4967
5252
5495
5128
5335
6138
4947
6345
6814
4890
5030
5176
6545
5043
5216
5816
5239
5516
5614
5474
6799
5178
6238
4891
5461
6441
4940
5307
6299
5809
6558
5414
6429
5364
5390
5031
5198
5471
5039
5062
5149
5104
5118
5855
5045
6208
5419
5836
5437
5748
4993
5710
5765
5151
5344
6067
6439
5200
6908
4964
5057
6752
5181
5491
5009
6704
4928
5302
5851
4960
5210
6159
4929
5715
5735
5079
5084
6870
5415
5048
6484
5088
5541
6098
4957
6420
6682
4959
5504
6605
5129
6611
6658
5037
6831
5543
5665
4961
5192
5308
5185
6782
5007
4963
5238
5861
5297
5553
4938
5481
5801
6329
6343
5076
5242
5489
4928
5394
5461
5311
5329
4934
5169
5559
4926
5023
5995
5157
7103
4978
5040
6714
4936
5424
5309
5853
5938
5264
5392
7126
5771
6664
4981
5168
5679
5162
5272
6102
5890
6841
5060
6141
5340
5690
5053
6114
5027
5094
5230
5252
5663
5133
5946
6137
5248
5804
4946
5176
4994
5314
6402
5874
6157
4975
5070
6946
4986
5001
6125
5067
6906
5290
6128
5733
5048
6504
6804
5154
5270
6295
5102
5442
5051
6166
4994
5037
6342
5035
5192
6452
5021
5180
6518
5107
5123
5573
6675
5025
5786
6257
5660
6893
5438
6900
5511
6421
5155
5374
5686
5554
6306
6015
7059
5422
5475
6006
4989
5664
6718
5259
5261
4973
5537
6275
6368
5000
5449
6045
5026
5289
6335
5049
5119
6709
5474
5707
5010
5064
5816
5024
6987
4990
5003
7103
4996
5150
5907
5342
5347
4995
5445
6100
5834
6697
5166
6366
5184
6036
6365
5142
5985
5383
5862
5523
5670
6445
5295
6861
5007
5179
6089
7009
5043
6711
5259
6692
5315
5695
5095
5156
5888
6290
6057
5166
6321
5263
5917
6018
6620
5181
5124
5341
5749
5656
7017
6003
7013
5412
6337
6240
6622
5121
5661
5094
5722
5850
5235
5692
5083
5647
6862
5086
5676
5216
5504
6338
6977
5127
5231
5621
5174
5389
6746
5285
5332
5716
5506
6164
5793
6422
5349
5375
5918
5186
5653
6326
5050
5740
6082
5074
5445
6917
5267
5835
5071
5327
6261
5137
5194
6076
6438
5674
6230
6271
6834
5815
6955
5467
5936
5145
6676
6766
5829
5903
5393
5426
6720
5105
5203
5222
5108
5360
6140
5241
5336
5046
5338
6550
5899
5288
6078
6496
5134
5243
5207
6672
5131
5347
5604
5355
5675
5046
5849
6277
5631
6085
5056
5655
6084
5957
5199
6765
5484
7070
5563
6858
5065
5625
6277
5137
5078
5129
5714
5271
5479
6007
5565
6164
5190
6742
5482
5608
5279
6861
5494
5622
5274
5382
5444
5064
5117
5221
5265
6902
5111
5135
6314
5081
6045
6163
5122
6161
6537
5260
5777
6356
5273
6868
5399
6271
6384
6563
5135
5226
6637
5334
6910
5268
5448
5458
5563
5628
5774
7119
5250
6389
5765
6486
5101
5469
6815
5330
6148
5085
6538
6773
5898
5127
5719
5126
6109
5105
5970
5152
5490
6582
6245
6417
5619
6749
5848
6461
5717
6855
5121
6243
6924
5172
5319
5363
6596
5485
5286
6684
7057
7013
7073
5167
5849
6607
5167
5381
5557
6424
7003
5318
5456
5106
5486
5728
5542
6632
5601
5314
6132
5280
6934
6028
6629
5228
5602
6845
5183
5187
5350
5134
5571
5215
5246
5650
5292
5945
7048
5326
5834
5951
5165
5249
6254
5322
6589
5125
5994
6896
5655
7131
5266
6007
6665
6951
6773
6806
5613
5989
5504
5974
5494
5617
6467
6698
5391
5337
5515
6557
6001
5176
5868
6835
6795
5291
5275
5144
6226
7009
5626
5518
5701
5841
6362
5147
5370
6457
5244
5291
6965
5795
5296
5362
5736
5496
6821
5250
6679
5380
5679
6848
5493
6171
6202
6273
5317
5890
5566
5826
5932
6036
6011
6852
5322
5352
5798
5336
6469
6042
6472
5449
7017
5259
5495
5180
5561
5196
5773
5212
5369
5870
5175
6168
6509
5285
5825
5531
6024
6274
5193
5240
5277
5422
6012
5980
5768
5276
6149
5503
6305
5197
5631
6972
6851
5670
6748
5824
5568
6696
5241
6452
5306
5600
5933
5558
5767
5413
5480
5733
5389
5524
5698
5482
6080
5363
6944
5223
5610
6668
5262
6033
6572
5236
5692
7127
5554
5602
5833
6388
5294
5376
6065
6689
5348
5820
7004
5678
6722
6208
6267
5445
5980
5565
6879
5470
7037
5225
5498
6872
5253
5627
6725
5313
6455
5230
5722
5591
5255
5283
5409
5223
5427
5340
6094
6209
5315
5492
6237
6444
6667
5511
6178
5396
6892
5281
5290
6381
5286
5540
5923
5738
6031
5859
5234
5471
5819
5333
5596
6079
5254
5464
5861
5256
5630
6842
5402
5893
5342
5915
5529
5278
5686
6849
6610
6797
5684
5954
6689
5464
6287
5566
5817
6485
5232
5780
6715
5581
5833
5251
6571
5477
5551
5770
6697
5629
6306
5258
5950
6729
5629
6035
5702
6789
5288
6204
5368
6166
6426
6956
6576
6592
5313
5682
6534
5247
5501
5854
6054
5339
6912
5276
5361
5701
5620
6414
6060
5788
5949
5809
6808
5264
5461
5398
6644
5579
5687
6005
5684
7006
6552
7083
7124
5552
6627
5278
6791
5476
5325
6033
5715
6106
5312
5317
6129
6156
5393
5776
6578
5298
6151
5636
6865
6128
6880
5282
5592
5524
5804
5829
6361
6717
6496
5704
5930
6477
6272
5822
6530
5304
6890
5836
6055
5378
6296
7025
5775
6794
5429
5618
6132
6506
6261
7019
6956
5305
6829
5483
5756
5904
5727
6043
5758
5457
6910
5662
6174
5851
6053
5383
5968
6619
6646
5441
5866
6987
5892
6964
5443
5458
5680
5328
6479
5575
5978
5353
6427
6325
6669
5648
6406
5712
5967
5594
5763
6777
5845
6590
5916
6891
5623
6096
7115
5379
5503
6191
5994
6367
5677
6465
5356
5489
6915
5492
5784
6540
5323
5379
5609
5449
5651
6112
5750
6907
5527
5987
6609
5430
5667
6192
6224
5346
5918
5343
6083
6129
6164
6728
5965
6818
5659
5736
5666
5939
6513
5805
5806
6711
5382
6540
6203
5527
6628
5427
6135
6173
5401
7007
6836
5644
6350
5520
6308
6148
6562
6313
5543
5614
5883
5585
5639
5389
6923
5365
5990
6123
6547
5624
6087
5411
5919
6866
5409
6168
6399
5447
5926
6535
5407
7002
5475
6432
5606
5699
5731
5779
5871
5818
6301
5724
5877
6768
6111
6576
6399
6469
6532
5522
6886
5490
5611
6126
5481
5497
6594
5617
6052
6750
6428
6930
6595
6747
5414
6152
5512
6499
7126
5925
6682
5585
6149
6820
5625
6361
6362
6543
5472
6649
7063
5513
5764
5971
5596
7034
5407
6629
5395
5664
6551
6387
6903
5953
5406
6322
6556
5940
6888
5976
6044
5398
6368
5746
6176
6210
6614
5952
6177
5417
6426
6751
5799
6386
5486
6402
5542
5762
5867
5532
6829
6898
5538
5880
6327
5687
5881
5621
5760
6835
6008
5816
6170
6718
5724
6281
6460
6925
5911
6674
5418
5861
6808
5542
5843
6843
5489
6092
5431
6398
5709
5937
5720
5811
5910
5510
5919
6349
6059
5546
6022
6344
5510
6072
5634
5794
5880
6391
6699
5601
5530
5944
5728
6198
5612
5705
5953
5589
6019
6215
5654
6079
7016
5446
5580
5885
5894
5499
6185
6329
6561
6005
6330
5597
5973
6694
5509
5680
6283
6097
6838
6269
6494
5811
6041
5841
5914
5453
6990
5645
6397
5680
6083
5462
6027
6343
5458
5533
5790
5478
6951
5529
5610
5590
5958
5598
5905
7098
5583
6355
5473
6465
5781
5867
6019
5549
6565
7108
5916
6512
5466
5702
6435
5554
5593
5669
6620
6316
6975
5485
5682
5879
7060
5893
6263
5933
6427
6917
6247
6893
5699
5828
6821
6250
5534
5851
5731
6756
6434
6482
6665
6447
5564
5577
5616
5998
6424
6757
6907
5491
5960
5646
5767
5938
6497
6162
6032
5588
5647
6992
5663
5569
5787
6677
5684
6338
7084
5703
6260
6443
5984
5993
5792
5812
5889
5638
5586
6502
6574
5711
6084
5670
5922
7036
5785
6236
6710
5742
6502
6736
6235
5658
6310
5547
6873
5615
5754
6491
5882
7114
6183
6507
5569
6133
6809
5951
6257
5545
5887
6017
5648
5576
5863
5908
5588
5744
5677
5846
5689
5768
5685
5985
6050
5751
6051
6556
5562
5644
6104
5709
6441
5939
7052
5537
6030
6151
6399
5544
5574
6383
5555
6807
6799
6159
7027
5552
5725
6800
5957
6484
6090
6581
6449
5897
6815
5641
5983
5616
6541
5605
6981
5599
6491
7008
6811
6865
5796
5899
6831
6365
6859
7106
5688
6143
5642
6501
5694
6410
6561
5760
5912
6258
6796
6048
6157
5603
6535
6095
6639
5601
5970
5630
6014
6706
5716
6437
5637
5667
5791
7011
5599
5855
6021
6659
6170
6592
5586
5637
5827
5810
6655
5726
6526
6134
6898
6118
6207
6098
5612
5713
5886
5735
6444
7078
6661
6731
5749
5776
6431
5610
6101
6878
5708
6459
6719
5802
6107
6942
5734
6785
5928
6480
6573
6860
5725
6751
6221
6341
5678
6360
6695
5757
5643
6190
5633
6339
6734
5689
6299
7059
5645
6155
6190
6694
6130
6015
6976
5686
6680
6970
5737
5847
5638
5837
5759
5830
6064
5797
6998
6316
5988
7008
5972
6363
6047
6074
6205
6311
6245
6657
6408
6090
6109
5858
6568
6472
6930
5849
6276
7079
5875
6983
6146
6949
5632
6099
5956
6167
6821
7009
6062
6517
6801
5673
6811
6960
6141
6135
6052
6081
6265
5715
7120
5685
6735
5895
6022
6380
6895
7032
5778
7004
5950
7099
5864
5977
5850
5888
5793
6318
6618
5878
7080
5739
5965
5703
5675
6150
5694
5748
6024
5805
6039
6100
7000
5859
6247
5693
6396
5838
6064
6040
6823
6991
6430
6573
5842
6101
6191
6166
6426
5934
6320
6604
5679
5903
5980
5860
6400
6289
6774
5988
6455
5828
6958
5782
6338
6872
5955
6184
6749
6439
7035
5838
6641
5804
6067
6586
5697
6663
6493
6458
7068
6882
6375
5729
6341
6507
6812
6942
5914
7011
6255
6051
7091
5924
6351
5920
5907
6542
5786
5852
5952
5981
6687
5794
6598
5819
6859
5787
6870
6331
6640
6625
6855
5800
5838
5852
5953
6223
6350
7060
6232
7071
5801
6715
5790
6734
5889
5917
6850
6112
5931
6285
7026
6919
6858
6446
5747
6420
6789
5856
5922
6894
6516
5945
5996
6279
5773
5839
6106
6440
6073
6543
5823
7040
5803
6179
6495
6442
6762
5840
6878
6983
5796
5959
5753
6824
6969
6382
6570
6210
6927
6182
5770
6572
6732
5783
6391
5789
5881
6631
6837
6974
6214
6568
6936
6998
5884
5817
7085
5930
6460
6001
6582
5906
6033
6723
6920
6009
6897
6155
6297
6077
6116
5857
5967
6181
6652
6628
5887
6972
5941
6273
5969
5869
5927
6871
6984
5813
6401
7058
5884
5904
6212
6957
6163
6906
6659
6738
6988
6995
6021
6474
6975
6699
6152
6178
6623
6929
6411
7065
6799
6846
5981
6905
5798
6651
6442
6233
6397
6702
5812
6188
6820
6856
6594
6199
6541
5946
6195
7077
6013
6241
5890
5916
6721
5933
6194
6805
5925
6980
6262
6206
6588
7091
7016
5892
6661
5902
6716
7018
5876
6186
6635
5987
6118
6602
6051
6032
6237
6197
6780
6209
6844
5902
6498
6125
6662
6117
5868
5921
6932
5865
7043
7065
6225
6293
6500
6722
6628
6405
6639
5926
6503
6589
6371
5997
6083
6337
7073
6781
6945
6216
6386
6763
5963
6117
6781
6080
6506
6105
6061
5924
6011
6097
6032
6975
5867
6530
6982
5992
7021
6147
5873
6967
6972
6073
6252
6087
6617
6718
6823
6200
6589
6076
6794
5906
5889
6145
5991
6160
6218
6120
6215
6085
6247
6048
6098
6887
6037
6179
7070
5908
6222
5967
6855
7105
6123
6524
6054
6111
5898
6108
6874
6978
6986
6967
6028
6467
6486
6888
6724
6326
6938
5972
6217
6057
6263
6423
6018
6920
6093
6037
6273
6176
6333
6754
6079
6685
6541
7042
6361
6437
6315
5947
6259
6393
6214
6491
5964
6131
6408
5921
6001
6694
6681
6350
6534
6145
5944
6072
6084
6403
5929
6953
6076
6522
6257
6713
5937
6206
7093
6029
5973
6883
6002
6194
6669
6317
6778
6824
7055
6068
6302
6793
6115
6519
6838
6523
5943
6441
6202
6372
6047
6066
6248
6244
6249
6475
6142
5965
6260
6348
6086
7110
5971
6884
6230
6103
6065
6175
6621
6605
6770
6613
5960
6162
6124
6199
5969
6158
6650
6660
6047
6180
6309
5979
6187
6614
6842
6253
6657
6806
6157
6305
6958
6515
6623
6645
6959
6605
6973
6025
6495
6590
6031
6823
5984
6170
5996
6737
6328
6386
6000
6958
6007
6967
6592
6753
6182
6300
6488
6071
6994
6046
6392
6340
6885
6082
6532
6603
6780
6111
6576
6405
6671
7066
6450
6003
6662
6136
6229
6015
6211
6440
6300
6695
6059
6642
6173
6044
6070
6456
6113
6228
7033
6034
6434
6558
6745
6074
6091
6126
6625
6023
6986
6268
6652
6060
7125
6061
6500
6144
6664
6723
6745
6077
6476
6623
6710
6959
6477
6978
6712
6082
6192
6056
6250
6688
6877
6131
6049
6142
6156
6525
6456
6055
6466
6459
6284
6345
6401
6123
6885
6163
6715
6258
6283
6583
6849
6289
6112
6712
6090
6390
6324
6442
6411
6225
6964
6316
6535
6228
6496
6724
6263
6281
7026
6477
7129
6596
6528
6995
6228
6252
7071
6479
6468
6634
7015
6203
6137
7034
6165
6204
6313
6375
6177
6680
6364
6078
7015
6185
6600
6802
6185
6252
6165
6241
6631
6666
7087
6158
6127
6186
6487
6146
6708
6246
7116
6472
6583
6096
6180
6219
6844
6833
6309
6852
6146
6674
6298
6377
6814
6871
6177
6294
6371
6155
6221
6444
6755
6771
6145
6498
6422
6656
6342
6364
6119
6954
6140
6486
6840
6222
6597
7021
6492
6189
6574
6960
6249
6374
6661
6233
6248
6846
7049
6381
6184
6670
6181
6309
6996
7064
6349
6790
6377
6818
6193
6829
6197
6213
6412
6154
6992
6585
6195
6202
6307
6703
6214
6262
6150
6254
6547
6469
6289
6351
6655
6675
6227
7002
6643
6915
6651
6526
6757
6358
6538
6506
6827
6833
6740
6314
6404
7001
6783
6862
6337
6370
6619
7005
6479
6881
6220
6732
6511
6481
6233
6629
6274
6449
6575
6553
6196
6599
6761
6206
6317
6566
6860
6385
6370
6532
6201
7048
6299
6584
6291
6210
6246
6344
6363
6411
6379
6480
6466
6446
6462
6608
6428
6930
6977
6728
6239
6418
6683
6968
6533
6813
6738
6331
7007
6385
6433
6356
6979
6292
6744
6792
6996
6320
6633
6816
6984
6941
7064
6290
6453
6436
6645
6432
6717
6460
6642
6318
6330
6830
6288
6511
6492
6659
7028
6258
6262
6407
7000
6251
6340
7062
6291
6584
6256
7067
6274
6478
6701
6419
6336
6888
6686
6307
6346
6784
6935
6943
6510
6840
6396
6706
6755
7131
6730
6378
7051
6268
6803
6279
6328
6450
6334
6988
6275
6352
6598
6544
6392
7050
6569
6457
6468
7001
6315
6607
6617
6390
6769
6423
6413
6510
6945
6767
6473
7058
6409
6980
6376
6591
6655
6413
6354
6601
6308
6323
6916
7036
6295
6776
6905
6970
6947
6301
7018
6380
6933
6321
6531
6524
6484
6522
6546
6389
6691
7122
6370
7109
6622
6487
6322
7077
6319
6527
6485
6869
7044
6616
6637
6668
6555
6352
6654
6749
6461
6394
7105
6347
6635
6577
6762
6376
6912
6357
7094
6825
6877
6422
6586
6489
6743
6804
7047
6400
6995
6393
6443
6415
6883
6833
6647
6604
6463
6554
6415
7010
6499
6885
6406
7004
7112
6866
7031
6700
6549
6566
7032
6924
6940
6593
6707
6482
6865
6908
7037
6502
6767
6839
6374
6731
7115
6503
6463
6778
6394
7075
6470
6593
6822
6409
6536
7114
6785
6641
6685
6481
6768
6790
6478
7028
7031
7089
6670
6698
7024
6894
6613
6804
6424
6757
6527
6714
6615
6412
6560
6676
6825
6710
6564
6922
6658
6447
6646
7125
6963
6429
6528
6425
6724
6640
6726
7099
6973
6412
6531
6691
6467
6713
6688
6760
6843
6416
6959
6657
6779
6571
6752
7122
6570
7076
6889
6452
6601
6463
6828
7081
6514
6602
6686
6523
6494
6578
6686
6678
6759
6740
6474
7031
6490
6546
6939
6522
6853
6753
7000
6726
6788
6982
6616
6454
6471
6542
6567
6991
6761
6501
6578
6807
6487
7097
6518
6950
6568
7040
7104
6971
7130
7119
7068
6704
6999
6582
6625
6516
6744
6545
6552
6693
6939
6875
6957
6912
6595
6505
6929
6488
6585
6904
7027
6548
7085
6695
6699
7012
6606
6759
6738
6697
6798
6807
7039
7107
7116
7016
6703
6961
6720
6992
7047
7086
6739
6802
6777
6529
6909
7123
6601
6636
6845
6931
6579
6891
6560
6947
6863
7074
6704
6990
6690
6565
6802
6891
6966
6523
6671
7052
6527
6608
7090
6569
6643
6892
6811
6896
6611
6560
6673
7060
6557
6935
7074
6750
6709
6765
7115
6849
6687
6937
6783
6562
7096
6839
6895
6666
6711
6828
6654
6985
6579
6719
6899
7091
6652
6812
6610
6725
6921
6877
6648
6654
7123
6760
6882
6600
6928
6583
7061
6700
6684
6580
6754
6960
6839
6777
6933
6735
6743
6950
6701
6771
6635
7048
7007
6603
6673
6813
6707
6599
6669
6980
6828
6870
6810
6941
6603
6653
6830
7039
7082
6680
6889
6782
6787
6733
7045
6633
6764
6729
6691
6762
6836
6684
6822
6867
6879
6650
6700
6702
6925
6800
6670
6993
6826
6663
6805
6812
6636
6740
6951
6758
7111
6817
7110
7038
6788
7118
7080
6883
6932
6924
7006
6648
6827
6962
6856
7033
6858
6892
6759
6950
6692
6716
6747
6817
7056
6900
6776
6961
7035
7043
7101
6708
6878
6775
6826
6667
6817
7027
6733
6689
6782
6787
6926
6842
6789
7014
6931
7113
6714
6787
6798
7011
7041
6871
6875
6848
6763
6721
6756
6910
7083
6876
7117
6779
6806
7120
6783
6862
7113
7081
6949
6864
6882
7090
6854
7075
7093
7012
6841
6731
6800
6887
6834
6869
6876
7100
6786
6764
6874
6927
7012
6898
7066
6790
7069
6797
6801
6794
6852
7107
6819
7109
6836
6944
6942
6784
6923
6769
6944
7036
6803
7061
6772
6758
6922
6917
7020
7050
7069
6962
6938
6867
6819
6911
6796
6866
6810
6893
7098
6773
6819
7014
7017
6952
6926
6899
6784
6813
6788
6884
6887
6850
6970
6809
6994
6795
6853
6881
6895
6921
6911
6872
6908
6857
6857
7008
6875
6902
6879
6903
7034
6943
6832
7096
6973
6900
6886
6889
7041
6937
6906
6948
7030
6913
6945
7050
6897
6914
6976
6861
7042
7087
6856
6905
6873
6909
6868
6948
7046
6952
6899
6946
6923
6935
7112
6890
6939
7019
7102
6914
7053
6890
7104
7053
7118
7022
6920
6968
7039
7069
6927
6981
7127
7029
7032
6916
6949
6953
6934
6965
7102
7117
6929
7019
6947
6946
7029
6940
7049
6997
6956
6997
7024
6962
7080
7067
6955
6986
6989
7053
6961
6964
6979
6998
7024
7021
6984
6971
7055
7054
6989
7025
7059
6988
7058
6985
7118
7123
7029
7018
6999
6997
6996
7051
7078
7022
7026
7070
7013
7089
7099
7081
7122
7049
7023
7047
7097
7044
7100
7041
7040
7054
7072
7071
7065
7074
7062
7105
7092
7086
7078
7072
7083
7064
7066
7128
7068
7110
7121
7076
7107
7117
7077
7092
7098
7113
7124
7089
7101
7116
7104
7084
7108
7095
7095
7121
7097
7114
7121
7119
7108
7103
7111
7106
7111
7127
7131
7126
7129
7130
7129
7130
7133
7261
9601
7304
8625
7138
9986
10002
7137
7303
10413
7147
7265
9196
7309
10259
8117
10067
7148
7833
9667
7141
8589
9764
8141
8557
7177
7256
10422
7192
8329
9748
7235
7684
10295
7189
8964
9433
7223
7429
10009
7907
9958
7245
10174
7504
7904
9876
7194
9207
10031
7181
7594
9673
7257
8708
9269
7216
7900
9214
7328
7664
7752
7325
7983
9790
7213
8166
9517
7266
8678
9416
7162
7190
8803
7343
7435
7568
7209
7369
9072
7176
8456
8961
7328
8305
7347
7392
9970
7478
8075
9830
7277
7318
7427
7239
7455
7503
7264
8348
9413
7202
8322
8496
7312
7358
10425
7248
7411
9901
7318
7335
10254
7228
8178
9541
7190
7968
8068
7373
7902
9251
7207
7290
7321
8016
9979
7587
7687
7357
7579
7792
7343
7810
8379
7470
8335
8709
7450
9632
7205
7290
7620
9629
9937
7253
7704
9345
7400
7641
10316
7188
7368
10346
7703
8645
8998
7198
7533
8193
9689
8632
7238
8049
8697
9981
9982
7260
7590
8621
7383
8033
7252
7309
7713
7440
7812
7890
7350
7530
9572
7712
9170
7241
7628
8410
7251
7413
7591
8773
8523
9947
7282
7355
7630
7416
7864
8058
7473
9685
7353
8002
9794
7295
7624
7315
7438
8486
7328
9932
7306
7640
10281
7212
8212
9323
7221
10050
7701
9225
7345
7651
8401
7222
7249
8095
8086
8519
7434
8547
7261
8269
9263
7682
8472
8693
7423
7841
8130
9871
10430
7379
9119
9300
7246
7831
9797
7403
8177
8737
7236
8485
9918
7316
7336
9164
7734
9264
7308
8700
9142
7231
8689
8716
8335
8357
7469
7520
7824
7234
7818
8960
9199
10191
8094
10101
7464
7796
8020
9064
9069
7249
7700
8109
9178
7296
8520
7352
7653
9150
7950
9290
7613
8184
9657
7313
8811
7680
10369
7323
8197
9756
8358
9682
7966
7490
7906
8985
7414
8048
7274
10379
8017
8487
7288
7710
8494
7515
7701
9085
7572
7871
9210
9800
7260
7330
10405
7513
8439
9357
7355
8944
7607
7895
8083
7319
7708
7720
8451
8539
7273
8100
8513
9598
7404
7551
10361
7271
7547
7951
7333
7550
7873
7839
7845
8736
7481
8720
7349
7538
10158
7356
8985
7422
10259
7414
7972
8460
7280
7693
7939
7832
10129
7466
7792
9269
7934
7953
7981
8455
7292
8551
9043
7423
7967
7361
8784
8907
7725
7782
7894
7339
7611
9553
7380
7807
9071
7505
7746
7324
8564
7949
7980
7842
7430
8511
9818
7948
8788
7341
8758
9002
7302
7609
8342
7734
9129
9184
9518
7300
8124
10108
7381
8009
9118
7314
7556
8310
7368
8820
7565
8506
9398
7399
7405
7307
10083
8229
8385
7450
7916
8323
8754
7764
9890
8745
8823
10360
7369
7501
10408
8004
8028
8590
9532
9615
9706
8605
8729
7317
8119
7671
9770
8405
10244
7879
8038
8409
7348
7860
10381
7452
7605
7340
8225
8599
8365
9749
9245
9554
8899
9026
7402
7673
7877
7491
7935
7377
9191
9375
8382
10398
7333
8870
9268
7473
7937
8363
9431
7461
7595
7966
7474
7870
7378
7482
7479
7922
8641
8097
8098
7641
9395
8194
8427
8002
9037
7385
7528
8542
8187
7537
8065
9851
8029
8963
7367
7793
9324
7791
8511
8608
9633
8221
8503
8231
7431
8299
9229
8441
9243
7660
10186
7376
8508
8804
10138
7765
8308
7543
7844
8094
10101
7688
7837
8216
7487
7638
9502
8196
9202
7384
7740
7897
7488
8104
7446
8148
9361
7399
7961
8419
7508
7884
9391
8315
9332
8230
8118
7378
7385
8966
7389
7567
8868
7406
7658
8585
7619
9894
7390
8139
9282
7628
7772
9632
8196
9561
8973
9218
7767
8073
8406
8121
8545
7972
8122
7419
7610
9474
7854
9399
7725
8114
9164
7418
8945
8963
7391
7611
8997
7838
8030
9403
8366
9055
9275
9892
7678
8777
9878
10330
7576
8583
9783
7625
7988
8943
7614
8407
8806
7608
7834
9143
7432
8290
9695
7409
9099
9149
8588
7530
8725
7603
7849
10208
7623
8973
7727
7736
7576
9259
7878
7939
7814
9287
7501
7868
10158
7474
8169
10068
7781
9480
7420
7472
8978
8638
8717
7424
8044
8126
7619
9802
7544
8345
8533
8046
9307
7441
7512
7854
8239
9479
8597
9779
8443
9422
7596
8383
8916
8660
9858
7590
7440
7790
7710
7842
9685
7592
8068
9529
7474
8567
7540
8056
8332
8186
8802
7446
8843
9083
9378
9882
10100
7449
8706
9114
8384
9742
7602
8610
7724
7803
10188
7570
8531
8806
8526
9145
7624
8634
9831
8653
7788
8033
7483
7707
9550
7481
7561
9492
7756
8255
7539
9221
10071
8432
7458
8401
8963
7456
8719
10177
8716
10149
8822
7629
7686
9760
7624
9340
7783
7866
7973
7472
9223
9799
7940
8557
8220
10310
7699
8397
8484
8116
8971
7529
7554
9500
7493
7631
7514
8095
7728
7971
9564
7798
7809
10044
8003
8912
7805
8110
8327
9475
9511
7509
8880
9063
7496
9299
10151
7974
8188
9454
9631
7561
8110
8187
8489
8857
7489
7770
9879
7612
7861
8465
7497
9614
10090
8604
9412
9435
9530
7741
8312
7698
7499
9109
9577
9850
7757
7888
9617
7545
9110
9553
7526
8971
9449
7498
10059
7642
8233
8162
10265
8100
9368
7602
8150
7541
7952
9631
7598
8996
7506
8411
8885
7511
9064
7683
8448
9454
9600
9978
7767
9120
7524
8070
9383
8134
7518
7944
8529
7995
8040
8864
9386
7874
8498
7598
7640
7636
8185
8445
8046
9041
8650
9652
7575
7877
8299
7750
8168
8627
7763
8936
7528
8316
9050
9673
7517
8000
8015
7787
8539
7718
8542
7536
7563
9656
7785
9396
7737
7729
7982
8205
7788
8253
8519
10151
7557
7747
7836
8878
7761
8436
8900
7944
7787
8539
8245
7617
7801
7856
7547
8958
9709
7534
9093
9124
9162
7584
7961
8241
7838
7865
9774
8721
9696
7915
7920
7580
8537
8638
8717
7555
9388
10059
7912
9747
10258
10264
7760
9034
7899
7958
9492
7800
8394
8951
7567
9262
9332
7785
7997
7772
8266
7586
8050
9886
7992
8802
9312
7560
8236
8334
9423
8275
8637
7715
8195
7578
7974
9507
7918
7977
7789
7837
8379
7659
7829
9046
8005
8298
8063
10263
10293
7802
9004
7815
7932
8253
9414
8723
9914
7661
8304
9538
9344
9681
7604
8858
9670
9383
10219
7653
7829
8372
7577
9365
9597
8167
8937
9050
8879
9371
8388
9824
7622
8256
7926
8475
7601
10434
7627
8921
8968
7597
9042
9751
7637
8415
7662
8537
8694
8808
9018
8070
9801
7714
7811
7690
8027
9371
10133
8717
7837
8632
7733
8733
9594
7701
7716
7944
8147
8713
9033
9028
9553
8084
7897
8022
9438
7742
8698
9421
7813
9237
7855
9314
10177
8129
9001
7842
8340
7646
7816
8958
7883
9168
8495
8789
8427
9455
7685
9448
9751
7735
8023
8635
8645
9252
9809
7623
7755
8445
7649
8586
7984
8344
7727
8607
8960
9036
7734
7738
7648
8978
10418
9402
9790
7636
8840
9557
7672
8816
9408
8644
9270
9946
8156
8941
7753
8452
8006
7689
9410
9444
7646
8897
9709
8198
8272
8573
10090
8675
7670
8528
8334
8918
7751
7875
9115
8996
9110
9029
8219
8291
8071
8324
9054
8138
8326
8887
9153
7769
8350
10063
8830
9223
7967
9887
7862
8643
7700
7995
7718
8383
9338
10127
7708
8597
8685
7844
8387
9419
7776
7876
8213
7836
7970
10046
8464
9214
8195
10127
7775
9170
8994
9436
8513
8715
7891
8172
9896
7827
8803
7886
7993
8203
8106
8279
8718
7763
8123
9022
7991
8064
10260
7691
8481
8530
7693
8594
8151
9922
7850
8290
8937
9375
7732
9211
10005
7914
8047
8784
7695
7892
9042
7976
8087
8238
7695
9751
7702
8532
10034
10020
10298
7709
7831
9053
8956
9192
8369
9861
10069
9031
9466
8587
9941
7697
8301
9649
8531
9702
8491
9083
8295
9444
7714
8132
9289
7961
7896
8837
9038
9183
7874
8911
9720
7985
10416
7726
8839
8092
8406
7814
8464
7874
8473
8031
9640
7789
8216
8836
7743
7925
8194
7784
9519
9169
9179
10267
9988
7802
8024
8950
8820
10045
10222
10415
9102
8658
7759
8822
7787
7789
8673
8758
7749
7822
8185
7951
8254
7869
8361
10257
7911
8038
9655
7919
8718
9311
10258
9406
8972
10027
7986
8180
8469
8572
8810
7751
8171
9316
7741
9048
10178
7898
9711
8128
10195
7748
8807
7821
8265
8218
9944
7771
8857
7860
8014
8813
8733
10349
8107
7989
8184
8225
9339
7969
8213
8472
7793
8261
8770
8473
9087
8235
9948
8114
9641
9443
9708
8666
9069
9135
8118
9757
9493
10111
7843
8228
9762
7941
8491
9064
9327
10111
8795
9503
9517
7840
8844
7815
8651
7795
8944
9601
7828
8538
9439
8728
8976
7859
7866
9813
7850
7799
8338
10332
9281
10046
8067
8125
9512
9541
10241
7806
8176
9429
7786
9367
9478
9002
10045
9204
10188
7913
8639
8682
7780
9566
9707
7936
8440
10142
8945
9698
8083
8984
8426
9918
7867
8422
9507
9585
8863
9163
10276
9127
7820
9400
7943
8404
9523
9628
7822
7856
8675
9513
9524
7920
9929
7810
7848
9409
8872
9809
8811
10174
8655
8928
7975
9111
7857
9204
10012
7903
8037
8336
9638
8593
9263
8382
8619
7862
8286
9926
8407
9997
8610
8583
7846
10232
8280
9705
8883
8541
9544
9779
8016
8054
9701
9301
9573
7947
7971
8374
8602
9331
8866
9039
7984
8300
8380
9286
7873
9616
8031
8034
9776
7880
8512
9192
9174
9606
7917
8088
8319
8082
9103
9589
10113
7905
9880
8158
8402
9290
9798
8296
9100
9984
9463
9582
9438
9933
9097
9411
8586
9001
9957
10058
9471
7897
8114
8126
10039
8181
8508
8524
7908
8763
9163
10047
9695
7909
9061
10180
7933
8754
10275
7914
9889
10345
8059
8037
8347
9218
7921
8127
8092
8148
8980
8098
8375
8306
8194
9239
9966
8025
8568
9028
10326
9972
10003
8657
8174
8877
8721
8833
8727
9043
9827
10051
7990
9226
7885
9224
9443
7926
8634
8953
8518
9781
7941
7882
9455
7905
8724
8019
8956
7946
8200
8736
10161
8325
9643
8069
8214
7984
10032
8750
10335
7927
8903
9884
10370
10387
8226
8580
8705
8333
9546
9266
9893
9603
9850
7930
8612
10384
8485
10349
8053
9149
8073
9281
9720
9955
8563
9302
8135
8585
7975
8776
9497
8048
9857
8101
8610
8320
10099
9456
8695
9868
8728
9108
8101
8860
9486
9494
8119
8459
9359
8254
8722
8368
10287
8995
9209
8907
8003
9067
8198
9489
8424
9059
8578
9342
8479
9190
10193
8414
9054
9173
10428
7960
8930
9799
7954
9573
10131
8250
10023
9616
8119
8486
8292
8710
9059
8112
8302
8457
8638
9646
8042
8124
9062
9101
9127
7943
9370
8478
9964
8347
8622
8017
8034
8219
9525
8078
8349
9674
7966
8264
9083
8203
9322
9652
8843
8186
9578
9974
9334
7998
8619
8020
10021
8501
9969
8146
9798
8679
8199
8335
8549
8623
9495
10340
8267
8692
8228
8811
8848
7987
8280
8866
8913
9086
7988
7996
8627
8922
9473
8094
8533
10394
8123
8276
10171
8238
8317
8722
9580
10247
8452
9807
9977
8518
9510
9834
9931
8361
9310
10339
9457
9953
8493
9364
8924
9125
8152
8760
8889
8337
8854
10201
8584
8636
8594
10068
9251
9857
10024
10092
8426
9938
8265
8408
9256
9592
8412
8635
8052
10422
8197
8946
9630
10208
9602
9731
8007
8831
9400
9362
8569
9137
8919
9200
8121
9564
8058
8321
9393
8596
9771
8043
8302
10261
8467
9545
8584
8646
8030
8057
8084
8154
9610
8113
8846
10353
8324
9963
8170
9012
9709
8336
9014
9768
8099
8577
9816
8562
8861
9417
10307
10382
8149
9647
9445
9771
8032
8131
10196
8096
9923
9376
8165
8311
9784
9335
9354
8851
10030
8244
8488
8850
9267
8207
8931
10198
8081
9597
8560
8834
8575
9479
10115
10327
8357
10292
9847
10144
8530
9040
9862
8074
8294
10196
9980
8701
8076
8434
9423
8617
9481
8085
8176
8681
9346
10233
8156
8370
8892
8282
9074
9399
8160
9460
10128
10204
8255
8390
8528
8915
8163
8917
10362
8851
9583
8258
9141
8876
10019
8328
8560
8748
8145
9616
8105
8175
8704
8908
8155
8791
10026
8151
8959
9540
8248
8410
10363
8162
8425
10179
8674
9312
8133
8449
9487
8949
9820
8418
8865
9754
9121
10331
8461
8669
8779
8116
8762
9534
8343
9509
9872
8497
8502
8373
8393
8153
8438
8734
8385
8400
8437
8430
8582
9559
10001
9452
8353
8245
8341
8257
8436
8356
8746
8439
8468
8161
9079
9744
8144
9348
8422
8657
8853
8120
8310
9101
8862
8274
9608
8657
8904
9374
8106
9795
8768
9891
8142
8453
10224
8208
8752
8757
9134
9669
9829
10342
8447
8128
9320
8307
8504
8896
8459
8643
8170
8448
8845
9000
10308
9030
9122
8159
8906
9947
9449
10022
10057
8215
8234
9000
9897
9697
8738
9033
8950
9004
9571
8506
8507
10089
8130
10114
10133
8154
10194
8145
9536
8182
9222
8167
8780
8313
8494
10392
8284
9034
9411
8956
9608
8710
10206
8175
9605
9874
8190
9394
8863
10018
8442
8577
9044
8263
9587
8188
9961
10318
8264
8446
8397
8673
8723
8856
8835
9444
9133
9951
9534
9994
10073
10242
8544
8757
8769
8790
8988
8287
10251
9995
10277
8581
10031
8394
8330
9181
8331
9351
9442
8221
8503
8173
9620
8257
8519
9137
8455
8838
9492
8192
8888
8856
9922
8546
8929
8364
9292
8298
9688
10234
10439
8189
9624
8748
8939
8377
9867
8703
9232
9819
10048
8221
9671
9680
9815
9996
8962
8450
8629
8570
8932
9427
9456
8415
8514
8528
8504
9841
9007
10226
8882
9329
8858
8536
8612
8716
8785
9358
8211
8227
9994
8259
9506
9626
9066
8240
9209
9244
8268
9908
8389
8597
8683
8348
8440
8771
8954
8223
8426
9406
8318
8513
9833
8469
10236
9051
9648
8399
8936
9022
9532
10374
8239
8558
9009
8281
8977
8553
8645
9314
8355
8449
9071
9583
10416
8814
9321
9609
8756
9056
9561
8377
9717
9706
8463
10262
10140
10273
8341
8622
8244
8566
8951
8466
9516
8275
9510
8307
8993
8632
9248
8471
9993
10228
9230
9698
8295
9040
8419
9738
8356
9228
9332
8298
9558
9859
10181
9788
8853
9006
8403
9414
9549
8454
8789
8353
8411
9132
9304
9358
8654
8663
8260
8576
8739
8436
9305
8670
8368
9353
8900
9011
9643
8649
9051
8376
9020
9664
10243
8500
9234
10103
9058
9529
8589
8421
8410
10268
9008
9198
9103
9644
10035
10262
8271
8759
8792
9027
9195
8822
9276
8351
8418
9807
8741
10417
8472
8321
9307
8294
8398
10134
8306
8371
9875
8442
9165
9207
10055
8319
8349
9046
8850
10119
8371
8390
10400
8611
8322
8421
8341
8347
9965
8554
8808
10049
8297
8857
9280
9090
10321
8690
9246
9921
8395
10215
9441
9803
8964
9274
8780
9700
10288
9801
9470
8462
8862
9769
8476
9252
9248
9932
8955
8882
8444
9201
8881
8941
9407
8541
8510
8534
9285
10089
8505
8810
8458
8695
10022
8746
10243
8462
8966
9347
9655
10186
10282
8668
8600
9777
9625
9611
8499
9528
8414
8671
9175
9497
9574
8450
9140
9141
9149
8496
9910
8417
10106
9877
8757
9487
8760
8799
9789
9891
10162
10221
10340
10433
8581
9023
9098
8494
10302
8381
8599
8498
8911
8776
10010
9942
10012
8743
9313
9956
8596
9468
8837
9736
10001
10105
8386
9377
9473
9166
8725
9395
9735
10125
9527
9665
8861
10043
8515
9347
8429
9381
9810
9867
8503
9960
10029
8540
9586
8962
9543
10132
10260
8403
9884
8711
8731
8734
8527
8785
9781
10164
8813
9823
9950
8477
9791
8378
10257
8547
8982
8558
8642
9557
9188
9590
8839
9208
10230
8588
10364
9390
8529
9011
9498
9619
9189
9509
9249
10013
8629
9552
9466
9793
8819
9490
8423
9579
9997
8601
9160
8806
9272
8832
9504
9352
8407
10098
9192
10229
8798
9019
8406
9497
9574
8903
8431
10275
9186
10220
9611
9659
9169
8728
9087
9185
8595
8703
9467
8974
8699
8453
9159
9267
9021
10109
9058
9114
8896
9161
9841
9447
9292
8699
9919
8710
8987
8604
9662
8465
8555
9942
10033
8530
9379
8509
9401
9108
9958
9604
8435
9302
9448
8474
9388
9086
9474
8535
8934
8874
9212
10153
8596
8711
9950
9522
9200
10025
8909
10290
9520
8529
8713
8545
9914
8742
9072
8654
9104
8520
9090
9032
9973
10145
8581
9363
8909
9803
10227
9963
10204
9010
9950
8816
8535
8841
8569
9484
8600
9555
8561
9719
8690
9518
10082
8893
9868
10057
8635
8994
9810
8694
9431
8687
9063
8668
10135
8981
10060
8556
8592
8642
8730
9381
9410
8538
9648
10050
8526
8875
9337
8487
9647
9231
9337
8980
8974
9271
8516
9593
8492
9125
9550
9401
9342
9519
8611
9527
9521
10363
10314
9885
8761
10146
10199
10258
9015
10072
8626
9739
8925
8564
9121
10185
8743
9554
8852
8753
9146
9599
9671
8999
8662
10229
9579
9886
8701
9655
9558
10025
8576
8642
9470
8676
8522
9730
9973
9776
10327
9981
9986
9329
9467
8659
8661
8759
9167
8991
9095
10150
8952
10086
8555
8765
9392
10070
8855
8752
9678
8821
10165
8605
10006
8609
9063
9538
8545
9487
9155
9157
9374
8844
8933
9688
8989
8846
9180
9808
8726
8727
8563
8644
8677
8871
8872
8880
10295
10117
9481
8920
8625
8682
9619
9099
8652
10168
8756
9682
8688
8618
9591
9898
9107
9257
8616
8815
8624
9042
9592
9171
9187
8578
8691
8700
9562
10392
9331
8815
8838
10077
8774
9362
9355
9875
8869
9130
10097
8801
9694
8628
9485
9085
9177
9446
9297
10309
9147
9112
9821
10374
8640
8797
8884
10020
10113
9971
10035
10156
8898
10294
8633
8779
8804
10320
8680
8910
9198
8892
9025
9195
10062
9160
8969
8620
8918
8930
10207
10439
8955
10352
8618
8631
8615
10149
8859
8957
8917
9240
9843
9817
8772
10129
8641
9530
10003
9188
9450
9494
9082
9390
8986
9905
9159
9850
9424
9088
8704
8829
9506
9536
8967
9467
9501
8650
9013
8852
8914
9129
8646
9021
8693
8983
8825
9428
9055
9425
8656
9359
9235
9081
9029
9078
9516
8767
8897
9759
9096
9323
9066
8969
9375
8959
9037
10385
10424
9887
9107
9362
10148
9046
9468
9020
9787
10234
10383
8792
8842
9311
9651
9003
9778
8749
9069
9848
8784
8992
9712
9782
9848
8823
9387
9507
9823
8914
9823
9194
9816
8965
10036
8764
9645
10199
8905
8755
9630
8973
9059
9518
9017
8870
9605
8685
8958
9478
9983
9965
9971
8686
9169
8722
9126
9360
9779
8797
9842
9809
9927
9054
9554
10152
10423
9184
9052
8898
9737
8887
9416
10057
8975
9863
9217
10400
9995
10015
9704
9298
8895
9284
9942
9008
8943
9760
10014
9738
10423
8783
8935
8954
9161
9458
9614
9665
9203
8809
8869
9671
9112
9036
9253
9894
8824
10274
9543
9835
9305
10027
8990
9535
9308
10266
9572
8908
8943
8840
8828
9191
8920
8948
8874
9243
8778
8882
8896
9335
9569
8747
9426
10026
8807
8805
10383
8987
9366
8759
10093
8855
9215
9913
10200
9500
9932
9245
8871
9233
9277
9295
9230
9531
9998
8834
9217
9931
9117
10197
8825
9978
10040
8824
8829
9648
9078
10328
9241
9854
9775
9639
9921
8775
9272
8770
9906
9821
10425
9913
10427
9027
9780
10062
9138
9196
9846
9897
10080
9453
8873
9206
9326
10435
8845
9631
9785
10148
9279
9713
8988
9156
9150
10127
9722
8849
8793
10017
10435
8907
9501
10373
9994
10236
9405
8874
9197
9458
9318
9373
10060
8908
9152
9260
9128
10371
8935
9998
8794
9462
10431
9596
9684
9049
9782
8798
8934
9262
9805
8868
9220
10424
8827
9762
9792
8881
8938
8970
9977
9056
8866
9705
9484
9652
8827
9024
9258
8826
9145
9775
10096
9123
10017
10175
8966
9175
9294
10036
9350
9389
10072
8977
9944
8916
9687
9956
9824
9206
10094
8835
9167
9599
9111
9218
9051
10052
10065
9661
9676
8993
9948
9072
9413
10215
8905
9092
9193
9409
9867
8847
9962
9084
9785
9604
9429
9454
10391
8860
9891
9278
10433
9177
9238
10412
10038
9356
8904
9936
10016
9459
9426
8957
9001
9446
8891
9636
9119
8919
8865
10190
9672
8989
9255
8884
9680
9874
9482
9927
8935
8947
9315
9425
8890
10058
9560
9835
9566
10285
9844
10189
9927
9760
8940
9912
9019
9108
10281
9113
9547
9999
9953
9115
9800
9702
9715
8961
9916
9906
10070
8977
9289
9145
9186
9546
9148
9384
9012
10378
9174
9402
8937
8944
9291
9508
8934
9324
9907
8923
9352
9999
10154
8985
9686
9791
9711
9043
10239
9138
10135
10156
10358
9883
10397
8922
9422
10004
9017
9088
9789
9359
9966
9156
8993
9316
8938
9343
9663
8952
9557
9881
9690
9490
9434
8990
9828
9504
9110
10316
9672
9148
9498
9742
9893
10245
10164
9115
9154
9210
8971
8957
9514
9838
9068
8984
9725
10181
9879
9592
9154
9249
10080
9044
9531
9144
9607
8970
9139
9333
10293
10182
10294
9191
9131
9453
9664
9118
10238
9132
9863
9104
8999
9640
10327
9345
10126
10248
9011
9303
9111
9953
10306
9341
10248
9275
9227
9796
9413
9924
10218
9297
10246
9872
9315
9805
9395
9840
10310
9970
9098
9338
9493
9710
9725
9045
9456
9880
9578
9773
9740
10393
9686
9020
9089
9203
10000
9638
9076
9582
9971
9980
10143
10253
9026
9532
10147
9739
9322
10365
9842
10253
10171
9127
9847
9080
9916
9319
9609
9757
10093
9034
9899
9341
10329
9094
9193
9674
9917
9133
9642
9663
9348
9666
9119
9767
9256
9351
10040
9047
9754
10368
9394
9530
9568
10076
9629
9440
10095
10361
9142
9778
9563
10091
9464
9752
9067
9082
10133
9253
9151
10073
10086
9106
10301
9917
10066
9282
9469
9499
9117
10114
9440
9683
9328
9392
9599
10398
9079
9158
10299
10128
10160
9204
9814
9869
9117
9418
9100
9774
9207
9130
9623
9099
10109
9172
9173
10148
9265
9437
9479
9787
9260
9109
9896
9975
9432
9767
9829
10346
9270
9349
9559
10287
9179
10351
9483
10053
9101
10247
9157
9265
9251
9422
9347
9364
9450
10052
9746
9922
9732
10067
10247
9147
9367
9397
10256
9271
9451
9695
9258
9330
9357
9325
9354
9170
10173
9477
9230
9939
10174
10332
9309
9726
9543
9895
10238
10409
9255
9187
9309
9226
9622
10023
9214
9153
10100
10343
10271
9498
9710
9205
9573
9659
9678
9992
9826
9407
9618
10034
10042
9399
10021
9437
9471
9289
9490
9183
9225
9297
10055
10224
9690
9618
9668
10342
9743
10225
9190
9563
9242
10238
9968
9333
9452
9316
9504
9461
9590
9684
9757
9654
9317
9923
10200
9306
9213
10227
9488
9246
9639
9372
9398
9783
9477
10176
9870
10232
9264
9461
9972
10084
10091
9930
9795
9596
9216
9269
9475
10201
10207
9268
9476
9863
10214
10246
9569
9521
10209
9238
9306
10040
9523
9662
10323
9570
9920
10078
9373
9382
9878
10061
9247
9273
9472
10102
9283
9715
9756
9804
9821
10408
9434
9936
10118
9265
10038
9369
10010
9414
9925
9238
9336
9254
10195
9356
9686
9385
9389
9311
9903
9302
9349
9581
9639
10123
9250
10249
10023
10038
9313
9687
9296
10320
9380
9315
9968
10205
10153
9834
10399
9500
9831
9858
10379
9344
10105
9285
10089
9837
9442
9271
9697
9753
9505
10124
9714
9439
9584
9708
9324
9291
9309
9912
10107
10418
10028
10150
9718
10202
9433
10112
9366
9503
9327
9710
9748
9856
9283
10240
9512
9463
9716
10305
9849
9869
9336
9853
9306
10245
9354
9438
9832
9483
9578
9621
9687
10136
9565
10339
9617
9824
9646
10384
9342
9387
9383
10223
9312
9851
10169
10354
9643
9654
9334
9339
9360
9391
9427
9943
9658
9728
10185
9657
9692
10250
9581
10126
9320
9594
10064
9335
9594
9731
10267
9326
10175
10017
9493
9706
9762
9501
9672
10329
9661
10263
10376
10189
9464
9883
9417
9542
10159
10137
9576
9694
9436
9361
9595
9675
9802
9448
9621
10143
9447
9402
9606
9934
10203
10008
10391
9637
9415
9818
9744
10261
9817
9515
10184
9625
9983
9445
9786
10354
10371
9604
9378
9725
10106
10172
9460
9929
9423
9789
10189
9388
9928
9458
9618
9721
9729
9663
10033
9745
9754
9845
9519
10192
9461
10171
9615
9420
9481
9457
10018
9822
10076
10397
10385
9679
9418
10116
9432
9433
9736
9637
10223
9641
9849
9769
10112
9453
9681
9866
9690
9677
10027
9431
10367
10197
9612
9747
9625
9892
9870
10277
9428
9601
9805
10107
10085
10139
9483
9488
9522
10368
10112
10065
9758
9880
9734
9544
10187
10122
9855
9846
10251
9463
10065
9975
10319
9820
9484
9585
9489
10172
10160
9596
9609
9884
9486
9502
9761
9660
10308
9523
9515
10388
9987
9544
9570
10122
9603
9763
10109
10306
9525
10192
9567
9839
9524
10359
10146
9635
9731
10120
9502
10169
10332
9615
9772
9913
9650
10206
9904
9733
9766
9812
10037
10053
9898
10308
9790
10092
9909
9761
10139
9719
10209
10300
9763
9691
9679
9996
9733
9563
10037
10165
9627
9777
10007
9926
9632
9946
9649
10168
9626
10075
10210
10240
10271
10125
9766
10124
9591
9723
9666
9770
9699
9765
9825
9590
10239
9775
9580
10154
9660
9723
9925
9966
9603
9593
9859
9987
9617
10104
9669
9777
9558
9874
10028
9644
9613
9728
10214
9765
9908
10082
9658
10005
9811
9597
10184
9822
9995
9642
9967
9634
9708
9996
10167
9642
10000
9985
10224
10044
10350
9808
10003
10030
9855
9890
9985
9685
9988
9649
9840
9952
9955
9894
10105
9872
9799
9943
10269
9668
10334
9761
10094
9635
9675
10334
9924
9623
9973
10297
10240
10252
10314
9825
10159
9835
9952
9676
9842
9691
9843
9637
10219
10056
9699
10351
9876
10322
9906
9907
10170
10047
9653
10210
9667
10297
9873
9727
9759
9818
10030
9915
9819
10103
9682
9771
9755
10318
9903
9923
9989
10079
9813
9859
10084
9743
9900
10315
9755
10090
9830
9677
10194
9854
9772
9833
10007
9756
10071
10241
10161
10317
10194
9939
10187
9992
9696
9721
9707
10004
10431
9788
9718
10155
9904
9784
9960
9702
9713
9715
9752
9828
9746
10004
9909
9975
10357
9786
10110
9989
10155
10202
9738
10407
10348
10095
9830
10055
10128
10150
9798
10333
9892
9881
10073
10343
10401
9840
9734
9752
10000
9741
9877
10154
10311
10056
10144
10367
9900
9964
10060
9970
10145
9764
9917
10268
9810
10370
10372
9740
10179
10063
9860
9961
10256
10299
9969
10072
10325
10235
9804
10420
9870
10326
9857
10375
9961
10129
10436
10328
10085
10302
9769
9962
10035
10225
10417
9974
9899
10056
9937
10170
9814
9865
9976
10427
9787
9868
10316
10008
9916
10058
9816
9875
10282
10401
9905
10312
9871
10267
9841
10290
10193
9827
10120
10337
10218
10272
9865
10095
9839
10075
10339
9888
10015
10256
10402
10265
10015
10303
10041
10149
10403
10097
10115
10013
10077
10175
10173
9940
9864
9940
10087
10007
10312
9998
10168
10278
10289
9853
10300
10076
10099
9979
10031
10279
9888
10052
10119
10412
10389
10006
9936
9957
10419
10348
9949
10024
9928
9978
10063
10380
10279
9911
10301
10012
10377
10269
10337
9990
10251
9958
10181
10086
10319
10406
10045
10049
10164
9929
10213
10016
10347
10177
10208
10347
9959
9972
9955
9919
10081
10098
10250
10338
10070
10303
10121
10131
10053
10180
10034
10271
10287
10325
9938
10304
9949
10069
10176
9977
9926
10059
9933
10077
10285
10161
9937
10093
10088
10103
10250
10243
10046
10014
10246
10066
10141
10249
10390
10176
10002
9967
10069
10283
10310
10376
10205
10019
10082
10404
10088
10262
10331
9980
10092
10215
10009
10124
10061
9993
10228
10419
10099
10022
10067
10018
9993
10084
10205
10381
10137
10190
10162
10216
10259
10167
10098
10002
10218
10237
10225
10135
10032
10039
10074
10220
10159
10214
10413
10270
10054
10160
10147
10028
10042
10048
10402
10255
10409
10237
10180
10231
10364
10384
10107
10049
10276
10158
10083
10068
10166
10157
10291
10330
10064
10178
10085
10114
10078
10244
10079
10286
10404
10134
10292
10411
10096
10399
10402
10113
10139
10382
10198
10344
10147
10184
10278
10125
10370
10306
10233
10273
10228
10270
10138
10336
10140
10336
10157
10191
10201
10301
10365
10235
10340
10290
10146
10172
10272
10132
10182
10420
10315
10212
10196
10165
10192
10338
10405
10211
10163
10379
10144
10198
10289
10330
10183
10292
10304
10391
10226
10166
10421
10413
10222
10366
10403
10187
10371
10178
10186
10378
10373
10397
10229
10329
10255
10213
10349
10211
10264
10427
10286
10375
10321
10221
10438
10296
10396
10280
10294
10414
10234
10395
10226
10307
10381
10223
10232
10395
10426
10244
10245
10357
10317
10433
10404
10323
10257
10361
10261
10309
10353
10434
10305
10385
10362
10266
10337
10354
10280
10265
10394
10269
10363
10419
10353
10396
10282
10438
10281
10328
10326
10286
10285
10378
10295
10409
10300
10344
10406
10319
10389
10362
10298
10324
10323
10352
10359
10417
10356
10309
10392
10325
10407
10424
10393
10350
10322
10324
10341
10421
10315
10335
10333
10364
10333
10338
10355
10375
10342
10396
10346
10410
10388
10388
10373
10414
10357
10383
10359
10368
10366
10390
10366
10386
10365
10403
10411
10415
10376
10377
10386
10387
10398
10408
10429
10382
10393
10426
10405
10406
10410
10425
10439
10400
10438
10423
10432
10430
10418
10420
10437
10422
10437
10431
10436
10430
10437
10434
10436
)


// ************************************************************************* //
