/*--------------------------------*- C++ -*----------------------------------*\
| =========                 |                                                 |
| \\      /  F ield         | OpenFOAM: The Open Source CFD Toolbox           |
|  \\    /   O peration     | Version:  3.0.1                                 |
|   \\  /    A nd           | Web:      www.OpenFOAM.org                      |
|    \\/     M anipulation  |                                                 |
\*---------------------------------------------------------------------------*/
FoamFile
{
    version     2.0;
    format      ascii;
    class       labelList;
    location    "constant/polyMesh";
    object      pointProcAddressing;
}
// * * * * * * * * * * * * * * * * * * * * * * * * * * * * * * * * * * * * * //


15676
(
4
5
6
7
20
26
27
28
29
40
332
333
334
335
336
337
338
339
340
341
342
343
344
345
346
347
348
349
350
351
352
353
354
355
356
357
358
359
360
361
362
363
364
365
366
367
368
369
370
371
372
373
374
375
376
377
378
379
380
381
382
383
384
385
386
387
388
389
390
391
392
393
394
395
396
397
398
399
400
401
402
403
404
405
406
407
408
409
410
411
412
413
414
415
416
417
418
419
420
421
422
423
424
425
426
427
428
429
430
431
432
433
434
435
436
437
438
439
440
441
442
443
444
445
446
447
448
449
450
451
452
453
454
455
456
457
458
459
460
461
462
463
464
465
466
467
468
469
470
471
472
473
474
475
476
484
485
486
487
488
489
490
491
492
493
494
495
496
497
498
499
500
501
502
503
504
505
506
507
508
509
510
511
512
513
514
515
516
517
518
519
520
521
522
523
524
525
526
527
528
529
530
531
532
533
534
535
536
537
538
539
540
541
542
543
544
545
546
547
548
549
550
551
552
553
554
555
556
557
558
559
560
561
562
563
564
565
566
567
568
569
570
571
572
573
574
575
576
577
578
579
580
581
582
583
584
585
586
587
588
589
590
591
592
593
594
595
596
597
598
599
600
601
602
603
604
605
606
607
608
609
610
611
612
613
614
615
616
617
618
619
999
1000
1001
1002
1003
1004
1005
1006
1007
1008
1009
1010
1011
1012
1013
1014
1015
1016
1017
1018
1019
1020
1021
1022
1023
1024
1025
1026
1027
1028
1029
1030
1031
1032
1033
1034
1035
1036
1162
1163
1164
1165
1166
1167
1168
1169
1170
1171
1172
1173
1174
1175
1176
1177
1178
1179
1180
1181
1182
1183
1184
1185
1186
1187
1188
1189
1190
1191
1192
1193
1194
1195
1196
1197
1198
1199
1320
1321
1322
1323
1324
1325
1326
1327
1328
1329
1330
1331
1332
1333
1334
1335
1336
1337
1338
1408
1409
1410
1411
1412
1413
1414
1415
1416
1417
1418
1419
1420
1421
1422
1423
1424
1425
1426
1427
1428
1429
1430
1431
1432
1433
1722
1723
1724
1725
1726
1727
1728
1729
1730
1731
1732
1733
1734
1735
1736
1737
1738
1739
1740
1741
1742
1743
1744
1745
1746
1747
1748
1749
1750
1751
1752
1753
1754
1755
1756
1757
1758
1759
1760
1761
1762
1763
1764
1765
1766
1767
1768
1769
1770
1771
1772
1773
1774
1775
1776
1777
1778
1779
1780
1781
1782
1783
1784
1785
1786
1787
1788
1789
1790
1791
1792
1793
1794
1795
1796
1797
1798
1799
1800
1801
1802
1803
1804
1805
1806
1807
1808
1809
1810
1811
1812
1813
1814
1815
1816
1817
1818
1819
1820
1821
1822
1823
1824
1825
1826
1827
1828
1829
1830
1831
1832
1833
1834
1835
1836
1837
1838
1839
1840
1841
1842
1843
1844
1845
1846
1847
1848
1849
1850
1851
1852
1853
1854
1855
1856
1857
1858
1859
1860
1861
1862
1863
1864
1865
1866
1867
1868
1869
1870
1871
1872
1873
1874
1875
1876
1877
1878
1879
1880
1881
1882
1883
1884
1885
1886
1887
1888
1889
1890
1891
1892
1893
1894
1895
1896
1897
1898
1899
1900
1901
1902
1903
1904
1905
1906
1907
1908
1909
1910
1911
1912
1913
1914
1915
1916
1917
1918
1919
1920
1921
1922
1923
1924
1925
1926
1927
1928
1929
1930
1931
1932
1933
1934
1935
1936
1937
1938
1939
1940
1941
1942
1943
1944
1945
1946
1947
1948
1949
1950
1951
1952
1953
1954
1955
1956
1957
1958
1959
1960
1961
1962
1970
1971
1972
1973
1974
1975
1976
1977
1978
1979
1980
1981
1982
1983
1984
1985
1986
1987
1988
1989
1990
1991
1992
1993
1994
1995
1996
1997
1998
1999
2000
2001
2002
2003
2004
2005
2006
2007
2008
2009
2396
2397
2398
2399
2400
2401
2402
2403
2404
2405
2406
2407
2408
2409
2410
2411
2412
2413
2414
2415
2416
2417
2418
2419
2420
2421
2422
2423
2424
2425
2426
2427
2428
2429
2430
2431
2432
2433
2434
2435
2436
2437
2438
2439
2440
2580
2581
2582
2583
2584
2585
2586
2587
2588
2589
2590
2591
2592
2593
2594
2595
2596
2597
2598
2599
2600
2601
2602
2603
2604
2605
2606
2607
2608
2609
2610
2611
2612
2613
2614
2615
2616
2617
2704
2705
2706
2707
2708
2709
2710
2711
2712
2713
2714
2715
2716
2717
2718
2719
2720
2721
2722
2723
2724
2725
2726
2727
2728
2729
2730
2731
2732
2733
2734
2735
2736
2737
2738
2739
2740
2741
7432
7433
7434
7435
7436
7437
7438
7439
7440
7441
7442
7443
7444
7445
7446
7447
7448
7449
7450
7451
7452
7453
7454
7455
7456
7457
7458
7459
7460
7461
7462
7463
7464
7465
7466
7467
7468
7469
7470
7471
7472
7473
7474
7475
7476
7477
7478
7479
7480
7481
7482
7483
7484
7485
7486
7487
7488
7489
7490
7491
7492
7493
7494
7495
7496
7497
7498
7499
7500
7501
7502
7503
7504
7505
7506
7507
7508
7509
7510
7511
7512
7513
7514
7515
7516
7517
7518
7519
7520
7521
7522
7523
7524
7525
7526
7527
7528
7529
7530
7531
7532
7533
7534
7535
7536
7537
7538
7539
7540
7541
7542
7543
7544
7545
7546
7547
7548
7549
7550
7551
7552
7553
7554
7555
7556
7557
7558
7559
7560
7561
7562
7563
7564
7565
7566
7567
7568
7569
7570
7571
7572
7573
7574
7575
7576
7577
7578
7579
7580
7581
7582
7583
7584
7585
7586
7587
7588
7589
7590
7591
7592
7593
7594
7595
7596
7597
7598
7599
7600
7601
7602
7603
7604
7605
7606
7607
7608
7609
7610
7611
7612
7613
7614
7615
7616
7617
7618
7619
7620
7621
7622
7623
7624
7625
7626
7627
7628
7629
7630
7631
7632
7633
7634
7635
7636
7637
7638
7639
7640
7641
7642
7643
7644
7645
7646
7647
7648
7649
7650
7651
7652
7653
7654
7655
7656
7657
7658
7659
7660
7661
7662
7663
7664
7665
7666
7667
7668
7669
7670
7671
7672
7673
7674
7675
7676
7677
7678
7679
7680
7681
7682
7683
7684
7685
7686
7687
7688
7689
7690
7691
7692
7693
7694
7695
7696
7697
7698
7699
7700
7701
7702
7703
7704
7705
7706
7707
7708
7709
7710
7711
7712
7713
7714
7715
7716
7717
7718
7719
7720
7721
7722
7723
7724
7725
7726
7727
7728
7729
7730
7731
7732
7733
7734
7735
7736
7737
7738
7739
7740
7741
7742
7743
7744
7745
7746
7747
7748
7749
7750
7751
7752
7753
7754
7755
7756
7757
7758
7759
7760
7761
7762
7763
7764
7765
7766
7767
7768
7769
7770
7771
7772
7773
7774
7775
7776
7777
7778
7779
7780
7781
7782
7783
7784
7785
7786
7787
7788
7789
7790
7791
7792
7793
7794
7795
7796
7797
7798
7799
7800
7801
7802
7803
7804
7805
7806
7807
7808
7809
7810
7811
7812
7813
7814
7815
7816
7817
7818
7819
7820
7821
7822
7823
7824
7825
7826
7827
7828
7829
7830
7831
7832
7833
7834
7835
7836
7837
7838
7839
7840
7841
7842
7843
7844
7845
7846
7847
7848
7849
7850
7851
7852
7853
7854
7855
7856
7857
7858
7859
7860
7861
7862
7863
7864
7865
7866
7867
7868
7869
7870
7871
7872
7873
7874
7875
7876
7877
7878
7879
7880
7881
7882
7883
7884
7885
7886
7887
7888
7889
7890
7891
7892
7893
7894
7895
7896
7897
7898
7899
7900
7901
7902
7903
7904
7905
7906
7907
7908
7909
7910
7911
7912
7913
7914
7915
7916
7917
7918
7919
7920
7921
7922
7923
7924
7925
7926
7927
7928
7929
7930
7931
7932
7933
7934
7935
7936
7937
7938
7939
7940
7941
7942
7943
7944
7945
7946
7947
7948
7949
7950
7951
7952
7953
7954
7955
7956
7957
7958
7959
7960
7961
7962
7963
7964
7965
7966
7967
7968
7969
7970
7971
7972
7973
7974
7975
7976
7977
7978
7979
7980
7981
7982
7983
7984
7985
7986
7987
7988
7989
7990
7991
7992
7993
7994
7995
7996
7997
7998
7999
8000
8001
8002
8003
8004
8005
8006
8007
8008
8009
8010
8011
8012
8013
8014
8015
8016
8017
8018
8019
8020
8021
8022
8023
8024
8025
8026
8027
8028
8029
8030
8031
8032
8033
8034
8035
8036
8037
8038
8039
8040
8041
8042
8043
8044
8045
8046
8047
8048
8049
8050
8051
8052
8053
8054
8055
8056
8057
8058
8059
8060
8061
8062
8063
8064
8065
8066
8067
8068
8069
8070
8071
8072
8073
8074
8075
8076
8077
8078
8079
8080
8081
8082
8083
8084
8085
8086
8087
8088
8089
8090
8091
8092
8093
8094
8095
8096
8097
8098
8099
8100
8101
8102
8103
8104
8105
8106
8107
8108
8109
8110
8111
8112
8113
8114
8115
8116
8117
8118
8119
8120
8121
8122
8123
8124
8125
8126
8127
8128
8129
8130
8131
8132
8133
8134
8135
8136
8137
8138
8139
8140
8141
8142
8143
8144
8145
8146
8147
8148
8149
8150
8151
8152
8153
8154
8155
8156
8157
8158
8159
8160
8161
8162
8163
8164
8165
8166
8167
8168
8169
8170
8171
8172
8173
8174
8175
8176
8177
8178
8179
8180
8181
8182
8183
8184
8185
8186
8187
8188
8189
8190
8191
8192
8193
8194
8195
8196
8197
8198
8199
8200
8201
8202
8203
8204
8205
8206
8207
8208
8209
8210
8211
8212
8213
8214
8215
8216
8217
8218
8219
8220
8221
8222
8223
8224
8225
8226
8227
8228
8229
8230
8231
8232
8233
8234
8235
8236
8237
8238
8239
8240
8241
8242
8243
8244
8245
8246
8247
8248
8249
8250
8251
8252
8253
8254
8255
8256
8257
8258
8259
8260
8261
8262
8263
8264
8265
8266
8267
8268
8269
8270
8271
8272
8273
8274
8275
8276
8277
8278
8279
8280
8281
8282
8283
8284
8285
8286
8287
8288
8289
8290
8291
8292
8293
8294
8295
8296
8297
8298
8299
8300
8301
8302
8303
8304
8305
8306
8307
8308
8309
8310
8311
8312
8313
8314
8315
8316
8317
8318
8319
8320
8321
8322
8323
8324
8325
8326
8327
8328
8329
8330
8331
8332
8333
8334
8335
8336
8337
8338
8339
8340
8341
8342
8343
8344
8345
8346
8347
8348
8349
8350
8351
8352
8353
8354
8355
8356
8357
8358
8359
8360
8361
8362
8363
8364
8365
8366
8367
8368
8369
8370
8371
8372
8373
8374
8375
8376
8377
8378
8379
8380
8381
8382
8383
8384
8385
8386
8387
8388
8389
8390
8391
8392
8393
8394
8395
8396
8397
8398
8399
8400
8401
8402
8403
8404
8405
8406
8407
8408
8409
8410
8411
8412
8413
8414
8415
8416
8417
8418
8419
8420
8421
8422
8423
8424
8425
8426
8427
8428
8429
8430
8431
8432
8433
8434
8435
8436
8437
8438
8439
8440
8441
8442
8443
8444
8445
8446
8447
8448
8449
8450
8451
8452
8453
8454
8455
8456
8457
8458
8459
8460
8461
8462
8463
8464
8465
8466
8467
8468
8469
8470
8471
8472
8473
8474
8475
8476
8477
8478
8479
8480
8481
8482
8483
8484
8485
8486
8487
8488
8489
8490
8491
8492
8493
8494
8495
8496
8497
8498
8499
8500
8501
8502
8503
8504
8505
8506
8507
8508
8509
8510
8511
8512
8513
8514
8515
8516
8517
8518
8519
8520
8521
8522
8523
8524
8525
8526
8527
8528
8529
8530
8531
8532
8533
8534
8535
8536
8537
8538
8539
8540
8541
8542
8543
8544
8545
8546
8547
8548
8549
8550
8551
8552
8553
8554
8555
8556
8557
8558
8559
8560
8561
8562
8563
8564
8565
8566
8567
8568
8569
8570
8571
8572
8573
8574
8575
8576
8577
8578
8579
8580
8581
8582
8583
8584
8585
8586
8587
8588
8589
8590
8591
8592
8593
8594
8595
8596
8597
8598
8599
8600
8601
8602
8603
8604
8605
8606
8607
8608
8609
8610
8611
8612
8613
8614
8615
8616
8617
8618
8619
8620
8621
8622
8623
8624
8625
8626
8627
8628
8629
8630
8631
8632
8633
8634
8635
8636
8637
8638
8639
8640
8641
8642
8643
8644
8645
8646
8647
8648
8649
8650
8651
8652
8653
8654
8655
8656
8657
8658
8659
8660
8661
8662
8663
8664
8665
8666
8667
8668
8669
8670
8671
8672
8673
8674
8675
8676
8677
8678
8679
8680
8681
8682
8683
8684
8685
8686
8687
8688
8689
8690
8691
8692
8693
8694
8695
8696
8697
8698
8699
8700
8701
8702
8703
8704
8705
8706
8707
8708
8709
8710
8711
8712
8713
8714
8715
8716
8717
8718
8719
8720
8721
8722
8723
8724
8725
8726
8727
8728
8729
8730
8731
8732
8733
8734
8735
8736
8737
8738
8739
8740
8741
8742
8743
8744
8745
8746
8747
8748
8749
8750
8751
8752
8753
8754
8755
8756
8757
8758
8759
8760
8761
8762
8763
8764
8765
8766
8767
8768
8769
8770
8771
8772
8773
8774
8775
8776
8777
8778
8779
8780
8781
8782
8783
8784
8785
8786
8787
8788
8789
8790
8791
8792
8793
8794
8795
8796
8797
8798
8799
8800
8801
8802
8803
8804
8805
8806
8807
8808
8809
8810
8811
8812
8813
8814
8815
8816
8817
8818
8819
8820
8821
8822
8823
8824
8825
8826
8827
8828
8829
8830
8831
8832
8833
8834
8835
8836
8837
8838
8839
8840
8841
8842
8843
8844
8845
8846
8847
8848
8849
8850
8851
8852
8853
8854
8855
8856
8857
8858
8859
8860
8861
8862
8863
8864
8865
8866
8867
8868
8869
8870
8871
8872
8873
8874
8875
8876
8877
8878
8879
8880
8881
8882
8883
8884
8885
8886
8887
8888
8889
8890
8891
8892
8893
8894
8895
8896
8897
8898
8899
8900
8901
8902
8903
8904
8905
8906
8907
8908
8909
8910
8911
8912
8913
8914
8915
8916
8917
8918
8919
8920
8921
8922
8923
8924
8925
8926
8927
8928
8929
8930
8931
8932
8933
8934
8935
8936
8937
8938
8939
8940
8941
8942
8943
8944
8945
8946
8947
8948
8949
8950
8951
8952
8953
8954
8955
8956
8957
8958
8959
8960
8961
8962
8963
8964
8965
8966
8967
8968
8969
8970
8971
8972
8973
8974
8975
8976
8977
8978
8979
8980
8981
8982
8983
8984
8985
8986
8987
8988
8989
8990
8991
8992
8993
8994
8995
8996
8997
8998
8999
9000
9001
9002
9003
9004
9005
9006
9007
9008
9009
9010
9011
9012
9013
9014
9015
9016
9017
9018
9019
9020
9021
9022
9023
9024
9025
9026
9027
9028
9029
9030
9031
9032
9033
9034
9035
9036
9037
9038
9039
9040
9041
9042
9043
9044
9045
9046
9047
9048
9049
9050
9051
9052
9053
9054
9055
9056
9057
9058
9059
9060
9061
9062
9063
9064
9065
9066
9067
9068
9069
9070
9071
9072
9073
9074
9075
9076
9077
9078
9079
9080
9081
9082
9083
9084
9085
9086
9087
9088
9089
9090
9091
9092
9093
9094
9095
9096
9097
9098
9099
9100
9101
9102
9103
9104
9105
9106
9107
9108
9109
9110
9111
9112
9113
9114
9115
9116
9117
9118
9119
9120
9121
9122
9123
9124
9125
9126
9127
9128
9129
9130
9131
9132
9133
9134
9135
9136
9137
9138
9139
9140
9141
9142
9143
9144
9145
9146
9147
9148
9149
9150
9151
9152
9153
9154
9155
9156
9157
9158
9159
9160
9161
9162
9163
9164
9165
9166
9167
9168
9169
9170
9171
9172
9173
9174
9175
9176
9177
9178
9179
9180
9181
9182
9183
9184
9185
9186
9187
9188
9189
9190
9191
9192
9193
9194
9195
9196
9197
9198
9199
9200
9201
9202
9203
9204
9205
9206
9207
9208
9209
9210
9211
9212
9213
9214
9215
9216
9217
9218
9219
9220
9221
9222
9223
9224
9225
9226
9227
9228
9229
9230
9231
9232
9233
9234
9235
9236
9237
9238
9239
9240
9241
9242
9243
9244
9245
9246
9247
9248
9249
9250
9251
9252
9253
9254
9255
9256
9257
9258
9259
9260
9261
9262
9263
9264
9265
9266
9267
9268
9269
9270
9271
9272
9273
9274
9275
9276
9277
9278
9279
9280
9281
9282
9283
9284
9285
9286
9287
9288
9289
9290
9291
9292
9293
9294
9295
9296
9297
9298
9299
9300
9301
9302
9303
9304
9305
9306
9307
9308
9309
9310
9311
9312
9313
9314
9315
9316
9317
9318
9319
9320
9321
9322
9323
9324
9325
9326
9327
9328
9329
9330
9331
9332
9333
9334
9335
9336
9337
9338
9339
9340
9341
9342
9343
9344
9345
9346
9347
9348
9349
9350
9351
9352
9353
9354
9355
9356
9357
9358
9359
9360
9361
9362
9363
9364
9365
9366
9367
9368
9369
9370
9371
9372
9373
9374
9375
9376
9377
9378
9379
9380
9381
9382
9383
9384
9385
9386
9387
9388
9389
9390
9391
9392
9393
9394
9395
9396
9397
9398
9399
9400
9401
9402
9403
9404
9405
9406
9407
9408
9409
9410
9411
9412
9413
9414
9415
9416
9417
9418
9419
9420
9421
9422
9423
9424
9425
9426
9427
9428
9429
9430
9431
9432
9433
9434
9435
9436
9437
9438
9439
9440
9441
9442
9443
9444
9445
9446
9447
9448
9449
9450
9451
9452
9453
9454
9455
9456
9457
9458
9459
9460
9461
9462
9463
9464
9465
9466
9467
9468
9469
9470
9471
9472
9473
9474
9475
9476
9477
9478
9479
9480
9481
9482
9483
9484
9485
9486
9487
9488
9489
9490
9491
9492
9493
9494
9495
9496
9497
9498
9499
9500
9501
9502
9503
9504
9505
9506
9507
9508
9509
9510
9511
9512
9513
9514
9515
9516
9517
9518
9519
9520
9521
9522
9523
9524
9525
9526
9527
9528
9529
9530
9531
9532
9533
9534
9535
9536
9537
9538
9539
9540
9541
9542
9543
9544
9545
9546
9547
9548
9549
9550
9551
9552
9553
9554
9555
9556
9557
9558
9559
9560
9561
9562
9563
9564
9565
9566
9567
9568
9569
9570
9571
9572
9573
9574
9575
9576
9577
9578
9579
9580
9581
9582
9583
9584
9585
9586
9587
9588
9589
9590
9591
9592
9593
9594
9595
9596
9597
9598
9599
9600
9601
9602
9603
9604
9605
9606
9607
9608
9609
9610
9611
9612
9613
9614
9615
9616
9617
9618
9619
9620
9621
9622
9623
9624
9625
9626
9627
9628
9629
9630
9631
9632
9633
9634
9635
9636
9637
9638
9639
9640
9641
9642
9643
9644
9645
9646
9647
9648
9649
9650
9651
9652
9653
9654
9655
9656
9657
9658
9659
9660
9661
9662
9663
9664
9665
9666
9667
9668
9669
9670
9671
9672
9673
9674
9675
9676
9677
9678
9679
9680
9681
9682
9683
9684
9685
9686
9687
9688
9689
9690
9691
9692
9693
9694
9695
9696
9697
9698
9699
9700
9701
9702
9703
9704
9705
9706
9707
9708
9709
9710
9711
9712
9713
9714
9715
9716
9717
9718
9719
9720
9721
9722
9723
9724
9725
9726
9727
9728
9729
9730
9731
9732
9733
9734
9735
9736
9737
9738
9739
9740
9741
9742
9743
9744
9745
9746
9747
9748
9749
9750
9751
9752
9753
9754
9755
9756
9757
9758
9759
9760
9761
9762
9763
9764
9765
9766
9767
9768
9769
9770
9771
9772
9773
9774
9775
9776
9777
9778
9779
9780
9781
9782
9783
9784
9785
9786
9787
9788
9789
9790
9791
9792
9793
9794
9795
9796
9797
9798
9799
9800
9801
9802
9803
9804
9805
9806
9807
9808
9809
9810
9811
9812
9813
9814
9815
9816
9817
9818
9819
9820
9821
9822
9823
9824
9825
9826
9827
9828
9829
9830
9831
9832
9833
9834
9835
9836
9837
9838
9839
9840
9841
9842
9843
9844
9845
9846
9847
9848
9849
9850
9851
9852
9853
9854
9855
9856
9857
9858
9859
9860
9861
9862
9863
9864
9865
9866
9867
9868
9869
9870
9871
9872
9873
9874
9875
9876
9877
9878
9879
9880
9881
9882
9883
9884
9885
9886
9887
9888
9889
9890
9891
9892
9893
9894
9895
9896
9897
9898
9899
9900
9901
9902
9903
9904
9905
9906
9907
9908
9909
9910
9911
9912
9913
9914
9915
9916
9917
9918
9919
9920
9921
9922
9923
9924
9925
9926
9927
9928
9929
9930
9931
9932
9933
9934
9935
9936
9937
9938
9939
9940
9941
9942
9943
9944
9945
9946
9947
9948
9949
9950
9951
9952
9953
9954
9955
9956
9957
9958
9959
9960
9961
9962
9963
9964
9965
9966
9967
9968
9969
9970
9971
9972
9973
9974
9975
9976
9977
9978
9979
9980
9981
9982
9983
9984
9985
9986
9987
9988
9989
9990
9991
9992
9993
9994
9995
9996
9997
9998
9999
10000
10001
10002
10003
10004
10005
10006
10007
10008
10009
10010
10011
10012
10013
10014
10015
10016
10017
10018
10019
10020
10021
10022
10023
10024
10025
10026
10027
10028
10029
10030
10031
10032
10033
10034
10035
10036
10037
10038
10039
10040
10041
10042
10043
10044
10045
10046
10047
10048
10049
10050
10051
10052
10053
10054
10055
10056
10057
10058
10059
10060
10061
10062
10063
10064
10065
10066
10067
10068
10069
10070
10071
10072
10073
10074
10075
10076
10077
10078
10079
10080
10081
10082
10083
10084
10085
10086
10087
10088
10089
10090
10091
10092
10093
10094
10095
10096
10097
10098
10099
10100
10101
10102
10103
10104
10105
10106
10107
10108
10109
10110
10111
10112
10113
10114
10115
10116
10117
10118
10119
10120
10121
10122
10123
10124
10125
10126
10127
10128
10129
10130
10131
10132
10133
10134
10135
10136
10137
10138
10139
10140
10141
10142
10143
10144
10145
10146
10147
10148
10149
10150
10151
10152
10153
10154
10155
10156
10157
10158
10159
10160
10161
10162
10163
10164
10165
10166
10167
10168
10169
10170
10171
10172
10173
10174
10175
10176
10177
10178
10179
10180
10181
10182
10183
10184
10185
10186
10187
10188
10189
10190
10191
10192
10193
10194
10195
10196
10197
10198
10199
10200
10201
10202
10203
10204
10205
10206
10207
10208
10209
10210
10211
10212
10213
10214
10215
10216
10217
10218
10219
10220
10221
10222
10223
10224
10225
10226
10227
10228
10229
10230
10231
10232
10233
10234
10235
10236
10237
10238
10239
10240
10241
10242
10243
10244
10245
10246
10247
10248
10249
10250
10251
10252
10253
10254
10255
10256
10257
10258
10259
10260
10261
10262
10263
10264
10265
10266
10267
10268
10269
10270
10271
10272
10273
10274
10275
10276
10277
10278
10279
10280
10281
10282
10283
10284
10285
10286
10287
10288
10289
10290
10291
10292
10293
10294
10295
10296
10297
10298
10299
10300
10301
10302
10303
10304
10305
10306
10307
10308
10309
10310
10311
10312
10313
10314
10315
10316
10317
10318
10319
10320
10321
10322
10323
10324
10325
10326
10327
10328
10329
10330
10331
10332
10333
10334
10335
10336
10337
10338
10339
10340
10341
10342
10343
10344
10345
10346
10347
10348
10349
10350
10351
10352
10353
10354
10355
10356
10357
10358
10359
10360
10361
10362
10363
10364
10365
10366
10367
10368
10369
10370
10371
10372
10373
10374
10375
10376
10377
10378
10379
10380
10381
10382
10383
10384
10385
10386
10387
10388
10389
10390
10391
10392
10393
10394
10395
10396
10397
10398
10399
10400
10401
10402
10403
10404
10405
10406
10407
10408
10409
10410
10411
10412
10413
10414
10415
10416
10417
10418
10419
10420
10421
10422
10423
10424
10425
10426
10427
10428
10429
10430
10431
10432
10433
10434
10435
10436
10437
10438
10439
10440
10441
10442
10443
10444
10445
10446
10447
10448
10449
10450
10451
10452
10453
10454
10455
10456
10457
10458
10459
10460
10461
10462
10463
10464
10465
10466
10467
10468
10469
10470
10471
10472
10473
10474
10475
10476
10477
10478
10479
10480
10481
10482
10483
10484
10485
10486
10487
10488
10489
10490
10491
10492
10493
10494
10495
10496
10497
10498
10499
10500
10501
10502
10503
10504
10505
10506
10507
10508
10509
10510
10511
10512
10513
10514
10515
10516
10517
10518
10519
10520
10521
10522
10523
10524
10525
10526
10527
10528
10529
10530
10531
10532
10533
10534
10535
10536
10537
10538
10539
10540
10541
10542
10543
10544
10545
10546
10547
10548
10549
10550
10551
10552
10553
10554
10555
10556
10557
10558
10559
10560
10561
10562
10563
10564
10565
10566
10567
10568
10569
10570
10571
10572
10573
10574
10575
10576
10577
10578
10579
10580
10581
10582
10583
10584
10585
10586
10587
10588
10589
10590
10591
10592
10593
10594
10595
10596
10597
10598
10599
10600
10601
10602
10603
10604
10605
10606
10607
10608
10609
10610
10611
10612
10613
10614
10615
10616
10617
10618
10619
10620
10621
10622
10623
10624
10625
10626
10627
10628
10629
10630
10631
10632
10633
10634
10635
10636
10637
10638
10639
10640
10641
10642
10643
10644
10645
10646
10647
10648
10649
10650
10651
10652
10653
10654
10655
10656
10657
10658
10659
10660
10661
10662
10663
10664
10665
10666
10667
10668
10669
10670
10671
10672
10673
10674
10675
10676
10677
10678
10679
10680
10681
10682
10683
10684
10685
10686
10687
10688
10689
10690
10691
10692
10693
10694
10695
10696
10697
10698
10699
10700
10701
10702
10703
10704
10705
10706
10707
10708
10709
10710
10711
10712
10713
10714
10715
10716
10717
10718
10719
10720
10721
10722
10723
10724
10725
10726
10727
10728
10729
10730
10731
10732
10733
10734
10735
10736
10737
10738
10739
10740
10741
10742
10743
10744
10745
10746
10747
10748
10749
10750
10751
10752
10753
10754
10755
10756
10757
10758
10759
10760
10761
10762
10763
10764
10765
10766
10767
10768
10769
10770
10771
10772
10773
10774
10775
10776
10777
10778
10779
10780
10781
10782
10783
10784
10785
10786
10787
10788
10789
10790
10791
10792
10793
10794
10795
10796
10797
10798
10799
10800
10801
10802
10803
10804
10805
10806
10807
10808
10809
10810
10811
10812
10813
10814
10815
10816
10817
10818
10819
10820
10821
10822
10823
10824
10825
10826
10827
10828
10829
10830
10831
10832
10833
10834
10835
10836
10837
10838
10839
10840
10841
10842
10843
10844
10845
10846
10847
10848
10849
10850
10851
10852
10853
10854
10855
10856
10857
10858
10859
10860
10861
10862
10863
10864
10865
10866
10867
10868
10869
10870
10871
10872
10873
10874
10875
10876
10877
10878
10879
10880
10881
10882
10883
10884
10885
10886
10887
10888
10889
10890
10891
10892
10893
10894
10895
10896
10897
10898
10899
10900
10901
10902
10903
10904
10905
10906
10907
10908
10909
10910
10911
10912
10913
10914
10915
10916
10917
10918
10919
10920
10921
10922
10923
10924
10925
10926
10927
10928
10929
10930
10931
10932
10933
10934
10935
10936
10937
10938
10939
10940
10941
10942
10943
10944
10945
10946
10947
10948
10949
10950
10951
10952
10953
10954
10955
10956
10957
10958
10959
10960
10961
10962
10963
10964
10965
10966
10967
10968
10969
10970
10971
10972
10973
10974
10975
10976
10977
10978
10979
10980
10981
10982
10983
10984
10985
10986
10987
10988
10989
10990
10991
10992
10993
10994
10995
10996
10997
10998
10999
11000
11001
11002
11003
11004
11005
11006
11007
11008
11009
11010
11011
11012
11013
11014
11015
11016
11017
11018
11019
11020
11021
11022
11023
11024
11025
11026
11027
11028
11029
11030
11031
11032
11033
11034
11035
11036
11037
11038
11039
11040
11041
11042
11043
11044
11045
11046
11047
11048
11049
11050
11051
11052
11053
11054
11055
11056
11057
11058
11059
11060
11061
11062
11063
11064
11065
11066
11067
11068
11069
11070
11071
11072
11073
11074
11075
11076
11077
11078
11079
11080
11081
11082
11083
11084
11085
11086
11087
11088
11089
11090
11091
11092
11093
11094
11095
11096
11097
11098
11099
11100
11101
11102
11103
11104
11105
11106
11107
11108
11109
11110
11111
11112
11113
11114
11115
11116
11117
11118
11119
11120
11121
11122
11123
11124
11125
11126
11127
11128
11129
11130
11131
11132
11133
11134
11135
11136
11137
11138
11139
11140
11141
11142
11143
11144
11145
11146
11147
11148
11149
11150
11151
11152
11153
11154
11155
11156
11157
11158
11159
11160
11161
11162
11163
11164
11165
11166
11167
11168
11169
11170
11171
11172
11173
11174
11175
11176
11177
11178
11179
11180
11181
11182
11183
11184
11185
11186
11187
11188
11189
11190
11191
11192
11193
11194
11195
11196
11197
11198
11199
11200
11201
11202
11203
11204
11205
11206
11207
11208
11209
11210
11211
11212
11213
11214
11215
11216
11217
11218
11219
11220
11221
11222
11223
11224
11225
11226
11227
11228
11229
11230
11231
11232
11233
11234
11235
11236
11237
11238
11239
11240
11241
11242
11243
11244
11245
11246
11247
11248
11249
11250
11251
11252
11253
11254
11255
11256
11257
11258
11259
11260
11261
11262
11263
11264
11265
11266
11267
11268
11269
11270
11271
11272
11273
11274
11275
11276
11277
11278
11279
11280
11281
11282
11283
11284
11285
11286
11287
11288
11289
11290
11291
11292
11293
11294
11295
11296
11297
11298
11299
11300
11301
11302
11303
11304
11305
11306
11307
11308
11309
11310
11311
11312
11313
11314
11315
11316
11317
11318
11319
11320
11321
11322
11323
11324
11325
11326
11327
11328
11329
11330
11331
11332
11333
11334
11335
11336
11337
11338
11339
11340
11341
11342
11343
11344
11345
11346
11347
11348
11349
11350
11351
11352
11353
11354
11355
11356
11357
11358
11359
11360
11361
11362
11363
11364
11365
11366
11367
11368
11369
11370
11371
11372
11373
11374
11375
11376
11377
11378
11379
11380
11381
11382
11383
11384
11385
11386
11387
11388
11389
11390
11391
11392
11393
11394
11395
11396
11397
11398
11399
11400
11401
11402
11403
11404
11405
11406
11407
11408
11409
11410
11411
11412
11413
11414
11415
11416
11417
11418
11419
11420
11421
11422
11423
11424
11425
11426
11427
11428
11429
11430
11431
11432
11433
11434
11435
11436
11437
11438
11439
11440
11441
11442
11443
11444
11445
11446
11447
11448
11449
11450
11451
11452
11453
11454
11455
11456
11457
11458
11459
11460
11461
11462
11463
11464
11465
11466
11467
11468
11469
11470
11471
11472
11473
11474
11475
11476
11477
11478
11479
11480
11481
11482
11483
11484
11485
11486
11487
11488
11489
11490
11491
11492
11493
11494
11495
11496
11497
11498
11499
11500
11501
11502
11503
11504
11505
11506
11507
11508
11509
11510
11511
11512
11513
11514
11515
11516
11517
11518
11519
11520
11521
11522
11523
11524
11525
11526
11527
11528
11529
11530
11531
11532
11533
11534
11535
11536
11537
11538
11539
11540
11541
11542
11543
11544
11545
11546
11547
11548
11549
11550
11551
11552
11553
11554
11555
11556
11557
11558
11559
11560
11561
11562
11563
11564
11565
11566
11567
11568
11569
11570
11571
11572
11573
11574
11575
11576
11577
11578
11579
11580
11581
11582
11583
11584
11585
11586
11587
11588
11589
11590
11591
11592
11593
11594
11595
11596
11597
11598
11599
11600
11601
11602
11603
11604
11605
11606
11607
11608
11609
11610
11611
11612
11613
11614
11615
11616
11617
11618
11619
11620
11621
11622
11623
11624
11625
11626
11627
11628
11629
11630
11631
11632
11633
11634
11635
11636
11637
11638
11639
11640
11641
11642
11643
11644
11645
11646
11647
11648
11649
11650
11651
11652
11653
11654
11655
11656
11657
11658
11659
11660
11661
11662
11663
11664
11665
11666
11667
11668
11669
11670
11671
11672
11673
11674
11675
11676
11677
11678
11679
11680
11681
11682
11683
11684
11685
11686
11687
11688
11689
11690
11691
11692
11693
11694
11695
11696
11697
11698
11699
11700
11701
11702
11703
11704
11705
11706
11707
11708
11709
11710
11711
11712
11713
11714
11715
11716
11717
11718
11719
11720
11721
11722
11723
11724
11725
11726
11727
11728
11729
11730
11731
11732
11733
11734
11735
11736
11737
11738
11739
11740
11741
11742
11743
11744
11745
11746
11747
11748
11749
11750
11751
11752
11753
11754
11755
11756
11757
11758
11759
11760
11761
11762
11763
11764
11765
11766
11767
11768
11769
11770
11771
11772
11773
11774
11775
11776
11777
11778
11779
11780
11781
11782
11783
11784
11785
11786
11787
11788
11789
11790
11791
11792
11793
11794
11795
11796
11797
11798
11799
11800
11801
11802
11803
11804
11805
11806
11807
11808
11809
11810
11811
11812
11813
11814
11815
11816
11817
11818
11819
11820
11821
11822
11823
11824
11825
11826
11827
11828
11829
11830
11831
11832
11833
11834
11835
11836
11837
11838
11839
11840
11841
11842
11843
11844
11845
11846
11847
11848
11849
11850
11851
11852
11853
11854
11855
11856
11857
11858
11859
11860
11861
11862
11863
11864
11865
11866
11867
11868
11869
11870
11871
11872
11873
11874
11875
11876
11877
11878
11879
11880
11881
11882
11883
11884
11885
11886
11887
11888
11889
11890
11891
11892
11893
11894
11895
11896
11897
11898
11899
11900
11901
11902
11903
11904
11905
11906
11907
11908
11909
11910
11911
11912
11913
11914
11915
11916
11917
11918
11919
11920
11921
11922
11923
11924
11925
11926
11927
11928
11929
11930
11931
11932
11933
11934
11935
11936
11937
11938
11939
11940
11941
11942
11943
11944
11945
11946
11947
11948
11949
11950
11951
11952
11953
11954
11955
11956
11957
11958
11959
11960
11961
11962
11963
11964
11965
11966
11967
11968
11969
11970
11971
11972
11973
11974
11975
11976
11977
11978
11979
11980
11981
11982
11983
11984
11985
11986
11987
11988
11989
11990
11991
11992
11993
11994
11995
11996
11997
11998
11999
12000
12001
12002
12003
12004
12005
12006
12007
12008
12009
12010
12011
12012
12013
12014
12015
12016
12017
12018
12019
12020
12021
12022
12023
12024
12025
12026
12027
12028
12029
12030
12031
12032
12033
12034
12035
12036
12037
12038
12039
16779
16786
16792
16797
16803
16807
16820
16824
16830
16833
16845
16846
16851
16858
16867
16874
16887
16895
16901
16902
16909
16910
16911
16912
16917
16918
16924
16936
16938
16941
16946
16949
16953
16957
16959
16968
16974
16977
16980
16983
16989
16993
17001
17006
17014
17024
17025
17028
17034
17037
17040
17045
17052
17055
17058
17062
17073
17085
17088
17095
17097
17107
17108
17123
17133
17135
17141
17156
17159
17165
17167
17168
17175
17177
17180
17189
17190
17205
17206
17208
17212
17220
17224
17230
17238
17245
17256
17259
17264
17268
17271
17274
17276
17282
17284
17288
17289
17293
17295
17308
17313
17317
17321
17325
17331
17339
17342
17349
17351
17359
17360
17365
17366
17374
17382
17387
17398
17404
17414
17420
17428
17429
17433
17439
17442
17444
17445
17455
17461
17464
17474
17480
17483
17490
17496
17498
17506
17517
17521
17533
17534
17535
17538
17539
17546
17548
17551
17556
17559
17563
17568
17570
17573
17578
17580
17590
17603
17609
17615
17628
17630
17636
17639
17642
17646
17652
17663
17665
17670
17672
17675
17676
17692
17699
17708
17711
17723
17725
17731
17735
17740
17743
17744
17752
17759
17760
17771
17774
17780
17787
17791
17795
17815
17821
17832
17835
17840
17847
17850
17853
17854
17863
17866
17869
17870
17872
17875
17878
17892
17893
17903
17905
17910
17917
17923
17930
17938
17939
17945
17946
17953
17957
17959
17962
17969
17971
17980
17992
17998
18001
18008
18009
18016
18018
18019
18029
18038
18046
18050
18060
18061
18063
18064
18080
18087
18089
18091
18099
18103
18112
18116
18132
18136
18155
18157
18160
18171
18177
18184
18192
18196
18202
18206
18212
18213
18218
18222
18233
18238
18242
18246
18247
18250
18251
18268
18271
18275
18276
18283
18288
18289
18293
18305
18308
18313
18318
18326
18330
18334
18344
18348
18349
18353
18355
18357
18361
18367
18368
18381
18386
18395
18397
18408
18411
18413
18425
18427
18429
18433
18435
18447
18453
18457
18466
18473
18476
18478
18486
18488
18490
18499
18502
18503
18507
18512
18513
18515
18524
18529
18530
18535
18542
18544
18546
18553
18562
18564
18565
18578
18588
18589
18593
18596
18598
18613
18619
18625
18627
18631
18638
18643
18649
18655
18658
18662
18663
18667
18669
18670
18677
18678
18689
18692
18693
18716
18718
18721
18730
18733
18741
18742
18746
18754
18759
18764
18771
18778
18785
18787
18797
18799
18801
18809
18811
18813
18814
18818
18821
18827
18829
18832
18835
18842
18848
18851
18853
18855
18863
18870
18875
18880
18881
18888
18889
18891
18892
18900
18902
18910
18913
18921
18927
18928
18938
18944
18948
18960
18961
18971
18972
18976
18980
18984
18987
18990
18993
18994
19005
19007
19018
19019
19022
19023
19036
19039
19050
19054
19057
19066
19077
19079
19095
19097
19110
19116
19118
19120
19125
19135
19138
19139
19141
19152
19156
19158
19159
19168
19171
19202
19204
19210
19213
19225
19230
19233
19238
19239
19243
19247
19248
19251
19260
19262
19264
19266
19267
19268
19284
19285
19286
19288
19292
19293
19297
19304
19328
19329
19336
19343
19346
19350
19352
19368
19375
19379
19384
19397
19400
19405
19407
19410
19411
19422
19424
19437
19442
19450
19453
19454
19458
19459
19471
19474
19485
19488
19490
19491
19492
19507
19510
19516
19517
19524
19526
19530
19532
19534
19539
19546
19556
19558
19559
19566
19590
19595
19609
19610
19622
19625
19632
19636
19639
19644
19648
19649
19654
19659
19661
19665
19670
19672
19677
19689
19694
19699
19700
19704
19707
19712
19715
19729
19733
19739
19740
19744
19745
19754
19755
19760
19768
19776
19785
19791
19796
19797
19809
19812
19813
19821
19823
19827
19833
19834
19840
19846
19852
19853
19855
19876
19885
19896
19899
19901
19902
19918
19919
19922
19926
19927
19929
19937
19940
19954
19963
19979
19980
19986
19994
20010
20020
20024
20027
20032
20033
20051
20053
20061
20063
20065
20074
20078
20079
20082
20085
20086
20089
20093
20098
20106
20110
20112
20115
20117
20146
20150
20151
20161
20169
20178
20182
20186
20189
20191
20195
20197
20207
20217
20224
20231
20238
20242
20251
20258
20262
20267
20273
20275
20276
20282
20283
20285
20295
20296
20298
20302
20312
20316
20321
20324
20330
20334
20340
20345
20353
20367
20370
20375
20379
20382
20392
20397
20401
20414
20415
20417
20422
20427
20428
20437
20440
20441
20444
20450
20457
20461
20462
20487
20498
20503
20510
20515
20521
20527
20528
20546
20552
20554
20556
20569
20571
20572
20585
20586
20592
20593
20598
20605
20609
20611
20619
20625
20626
20629
20630
20636
20637
20643
20645
20649
20654
20655
20657
20664
20678
20679
20681
20684
20696
20697
20699
20703
20705
20709
20711
20721
20722
20725
20728
20735
20740
20742
20743
20747
20753
20756
20763
20774
20777
20784
20786
20789
20790
20793
20794
20798
20802
20809
20814
20822
20825
20826
20831
20838
20842
20843
20847
20861
20863
20864
20870
20873
20875
20880
20884
20889
20890
20892
20900
20902
20907
20911
20915
20928
20937
20945
20946
20949
20953
20956
20960
20964
20979
20981
20985
20987
20990
20994
20995
21006
21007
21015
21021
21030
21034
21039
21042
21046
21047
21051
21053
21059
21068
21070
21072
21073
21078
21082
21083
21084
21101
21103
21106
21114
21116
21119
21121
21126
21129
21132
21139
21142
21143
21145
21151
21161
21162
21166
21171
21173
21182
21183
21188
21193
21196
21198
21207
21216
21228
21230
21232
21255
21265
21267
21275
21277
21278
21282
21286
21292
21300
21301
21314
21324
21325
21326
21333
21334
21339
21349
21358
21359
21360
21379
21380
21386
21396
21398
21402
21403
21408
21413
21416
21418
21425
21429
21433
21434
21437
21451
21453
21455
21456
21457
21467
21468
21470
21471
21478
21479
21499
21502
21506
21515
21516
21530
21533
21542
21543
21545
21552
21562
21571
21577
21582
21593
21594
21614
21616
21620
21622
21628
21637
21648
21651
21652
21659
21664
21670
21671
21672
21674
21679
21698
21702
21706
21718
21724
21725
21735
21737
21741
21746
21747
21756
21761
21765
21773
21774
21788
21789
21797
21803
21804
21805
21823
21836
21837
21841
21842
21849
21855
21857
21861
21872
21875
21876
21877
21884
21885
21892
21893
21900
21913
21914
21919
21923
21929
21932
21934
21936
21942
21944
21946
21953
21956
21957
21960
21963
21964
21968
21971
21977
21984
21987
21996
21997
21998
22006
22009
22012
22014
22024
22027
22032
22037
22040
22047
22057
22065
22067
22071
22073
22075
22083
22084
22085
22090
22100
22106
22107
22111
22119
22122
22126
22133
22135
22144
22145
22159
22173
22176
22183
22188
22192
22195
22198
22203
22205
22222
22231
22232
22235
22240
22245
22253
22264
22268
22269
22274
22277
22280
22282
22290
22298
22299
22310
22312
22316
22324
22328
22337
22344
22345
22349
22358
22362
22365
22374
22376
22384
22387
22400
22403
22405
22408
22416
22423
22424
22434
22435
22438
22442
22457
22459
22462
22472
22473
22481
22497
22509
22517
22531
22540
22544
22547
22558
22566
22567
22569
22573
22585
22593
22606
22611
22616
22621
22623
22626
22629
22633
22638
22639
22640
22652
22661
22664
22667
22674
22680
22689
22699
22700
22723
22725
22732
22733
22734
22742
22747
22756
22757
22759
22761
22762
22766
22772
22785
22789
22798
22800
22802
22807
22814
22815
22819
22820
22823
22826
22832
22839
22841
22845
22848
22849
22851
22853
22854
22863
22873
22875
22877
22881
22890
22891
22894
22904
22910
22914
22915
22916
22927
22933
22948
22950
22957
22962
22963
22964
22971
22974
22977
22982
22984
22996
23003
23011
23019
23025
23026
23027
23032
23038
23042
23046
23048
23050
23052
23054
23058
23066
23074
23075
23081
23083
23085
23086
23095
23097
23101
23109
23111
23114
23121
23122
23135
23136
23154
23160
23165
23168
23178
23189
23192
23196
23208
23212
23215
23220
23222
23229
23238
23239
23242
23244
23246
23251
23252
23264
23265
23266
23276
23297
23306
23316
23317
23321
23324
23335
23339
23347
23349
23352
23355
23359
23364
23369
23378
23388
23390
23395
23413
23416
23419
23422
23430
23431
23432
23450
23456
23461
23466
23469
23483
23486
23492
23496
23500
23505
23509
23517
23520
23532
23542
23544
23545
23547
23551
23557
23560
23569
23573
23584
23591
23592
23599
23602
23606
23608
23611
23614
23620
23628
23637
23644
23646
23655
23664
23670
23688
23692
23695
23703
23706
23711
23719
23728
23739
23740
23749
23751
23752
23753
23759
23764
23768
23770
23775
23781
23784
23799
23801
23810
23817
23819
23828
23831
23842
23845
23847
23852
23863
23865
23869
23874
23876
23879
23885
23887
23895
23900
23912
23915
23919
23922
23925
23927
23933
23936
23937
23943
23944
23946
23954
23967
23980
23984
23985
23989
23991
23993
23997
24001
24004
24020
24024
24028
24032
24035
24038
24040
24041
24043
24048
24051
24053
24057
24058
24068
24075
24083
24087
24089
24092
24093
24099
24101
24120
24131
24138
24142
24146
24154
24160
24169
24182
24187
24198
24201
24203
24208
24209
24221
24226
24228
24241
24250
24255
24257
24264
24270
24271
24285
24293
24294
24302
24304
24310
24313
24319
24320
24331
24339
24345
24348
24363
24365
24367
24376
24386
24388
24390
24391
24392
24393
24405
24413
24415
24416
24424
24439
24441
24448
24449
24455
24456
24458
24459
24467
24469
24474
24475
24476
24481
24485
24489
24492
24494
24499
24504
24509
24517
24523
24527
24534
24536
24538
24540
24549
24562
24568
24571
24576
24586
24587
24590
24594
24604
24605
24606
24623
24631
24636
24638
24641
24658
24667
24669
24670
24675
24686
24698
24699
24704
24705
24710
24712
24714
24722
24727
24731
24732
24743
24760
24770
24772
24781
24786
24792
24799
24800
24803
24807
24810
24816
24823
24825
24827
24831
24832
24833
24836
24843
24845
24849
24850
24863
24865
24868
24873
24876
24879
24880
24883
24884
24885
24890
24897
24899
24905
24907
24910
24911
24917
24923
24924
24932
24938
24944
24948
24952
24958
24959
24964
24969
24976
24981
24985
24986
24995
24998
25000
25005
25013
25015
25021
25044
25056
25059
25064
25071
25080
25088
25098
25102
25105
25109
25116
25119
25122
25134
25142
25155
25158
25161
25166
25181
25182
25183
25187
25191
25199
25207
25213
25214
25216
25220
25226
25238
25251
25258
25260
25262
25267
25268
25269
25281
25287
25292
25302
25309
25313
25314
25322
25325
25329
25330
25337
25344
25349
25354
25367
25371
25374
25375
25376
25380
25383
25400
25406
25415
25419
25421
25424
25429
25432
25440
25442
25443
25448
25453
25462
25464
25469
25470
25471
25472
25476
25478
25481
25483
25488
25496
25497
25504
25505
25510
25512
25517
25519
25523
25528
25532
25541
25543
25548
25552
25554
25557
25558
25564
25572
25575
25577
25578
25579
25580
25583
25587
25588
25589
25592
25596
25597
25599
25602
25603
25605
25607
25608
25617
25618
25621
25622
25625
25626
25631
25637
25640
25649
25657
25664
25666
25667
25669
25677
25679
25690
25691
25696
25700
25704
25705
25706
25711
25717
25719
25720
25726
25727
25735
25740
25744
25745
25748
25758
25768
25776
25779
25783
25786
25789
25790
25791
25801
25804
25813
25814
25815
25816
25817
25821
25823
25824
25826
25828
25830
25835
25838
25842
25843
25845
25846
25847
25857
25858
25859
25860
25863
25868
25870
25879
25880
25885
25894
25895
25899
25905
25911
25914
25918
25926
25927
25929
25930
25931
25939
25942
25943
25944
25946
25947
25949
25955
25957
25958
25959
25960
25973
25975
25976
25979
25986
25992
25995
25997
25998
25999
26002
26003
26004
26005
26018
26022
26024
26025
26027
26029
26032
26035
26039
26043
26051
26052
26059
26063
26069
26081
26083
26086
26092
26093
26094
26099
26101
26104
26106
26108
26109
26114
26116
26118
26119
26120
26125
26127
26128
26131
26133
26139
26141
26143
26152
26153
26159
26166
26170
26171
26173
26175
26179
26180
26182
26185
26189
26190
26191
26193
26206
26207
26211
26216
26226
26230
26236
26239
26241
26244
26254
26260
26262
26268
26271
26273
26276
26277
26278
26280
26281
26284
26287
26291
26293
26294
26301
26303
26309
26312
26315
26317
26323
26337
26338
26340
26342
26346
26350
26356
26357
26360
26367
26372
26376
26377
26382
26387
26394
26400
26406
26410
26412
26414
26416
26418
26424
26425
26428
26430
26434
26442
26446
26448
26454
26457
26461
26468
26474
26475
26479
26488
26495
26498
26502
26510
26514
26515
26522
26524
26527
26529
26530
26531
26532
26534
26539
26540
26542
26544
26547
26548
26555
26557
26560
26562
26572
26577
26578
26583
26586
26591
26612
26614
26616
26619
26622
26623
26627
26631
26635
26639
26643
26653
26659
26670
26673
26674
26675
26677
26678
26679
26680
26681
26683
26690
26694
26697
26704
26708
26711
26715
26716
26718
26719
26723
26727
26728
26730
26733
26736
26738
26747
26749
26754
26763
26765
26766
26768
26772
26773
26774
26775
26799
26800
26802
26803
26814
26815
26817
26822
26829
26835
26837
26839
26841
26848
26853
26854
26856
26862
26867
26869
26880
26883
26887
26889
26891
26892
26894
26899
26901
26904
26905
26907
26908
26911
26915
26918
26920
26922
26924
26925
26929
26934
26935
26937
26939
26943
26946
26947
26949
26951
26953
26955
26956
26958
26963
26967
26972
26979
26981
26985
26987
26989
26991
26993
26994
26997
26998
27004
27008
27009
27010
27015
27016
27019
27020
27021
27022
27028
27032
27046
27048
27049
27050
27051
27060
27069
27073
27076
27083
27093
27094
27096
27097
27101
27103
27104
27108
27109
27112
27116
27124
27125
27127
27130
27131
27134
27137
27138
27141
27142
27144
27153
27154
27156
27158
27160
27162
27166
27170
27171
27178
27181
27183
27184
27185
27186
27189
27192
27196
27198
27200
27202
27203
27204
27205
27211
27213
27214
27215
27219
27225
27226
27227
27229
27233
27238
27241
27242
27251
27252
27261
27265
27270
27273
27284
27298
27302
27309
27314
27316
27327
27330
27331
27338
27340
27344
27349
27352
27354
27355
27356
27360
27362
27369
27370
27371
27372
27373
27383
27385
27390
27391
27392
27393
27398
27408
27409
27413
27416
27417
27418
27424
27425
27437
27440
27442
27443
27444
27449
27457
27459
27463
27464
27467
27468
27470
27475
27476
27481
27484
27486
27489
27491
27492
27498
27499
27502
27503
27504
27507
27513
27521
27523
27524
27527
27529
27535
27537
27548
27549
27556
27559
27560
27561
27562
27570
27573
27574
27579
27580
27582
27592
27593
27595
27600
27603
27604
27607
27608
27609
27610
27616
27619
27622
27630
27634
27637
27638
27641
27650
27652
27661
27662
27671
27675
27676
27682
27684
27688
27689
27690
27693
27699
27702
27703
27704
27705
27712
27715
27718
27724
27727
27734
27737
27738
27743
27746
27747
27750
27752
27756
27777
27783
27785
27786
27788
27791
27795
27810
27829
27831
27832
27836
27842
27843
27848
27849
27850
27852
27853
27854
27855
27861
27864
27869
27870
27872
27875
27879
27881
27890
27894
27902
27908
27909
27912
27915
27917
27918
27919
27920
27929
27938
27939
27940
27943
27945
27947
27949
27950
27952
27956
27958
27959
27967
27968
27971
27972
27976
27981
27983
27984
27988
27996
28001
28002
28004
28005
28008
28014
28016
28018
28020
28021
28032
28036
28037
28049
28050
28055
28056
28057
28058
28060
28065
28072
28075
28077
28079
28087
28088
28094
28095
28096
28098
28099
28100
28103
28108
28112
28117
28119
28124
28127
28131
28135
28141
28145
28150
28151
28153
28154
28155
28157
28158
28160
28177
28179
28186
28188
28189
28193
28198
28201
28209
28213
28215
28219
28229
28235
28243
28245
28258
28261
28266
28281
28288
28290
28301
28302
28303
28304
28306
28310
28312
28318
28319
28320
28327
28329
28333
28341
28347
28352
28356
28360
28363
28364
28365
28375
28386
28388
28391
28394
28396
28397
28398
28402
28403
28415
28421
28429
28436
28437
28438
28441
28449
28450
28452
28467
28470
28471
28477
28484
28487
28488
28494
28497
28499
28513
28515
28517
28522
28523
28527
28536
28537
28538
28540
28549
28553
28554
28555
28556
28562
28564
28565
28569
28573
28574
28576
28578
28579
28580
28587
28593
28598
28600
28602
28603
28604
28606
28619
28631
28634
28635
28638
28641
28642
28644
28652
28657
28658
28660
28664
28667
28669
28670
28675
28678
28686
28688
28689
28694
28697
28701
28703
28708
28709
28712
28715
28718
28719
28720
28726
28732
28733
28734
28736
28737
28742
28743
28748
28754
28755
28757
28758
28762
28765
28768
28771
28776
28778
28779
28785
28805
28808
28810
28812
28816
28817
28820
28821
28822
28835
28839
28841
28843
28844
28849
28858
28859
28866
28867
28870
28872
28873
28874
28875
28884
28888
28892
28894
28900
28901
28903
28904
28907
28909
28913
28914
28917
28923
28924
28927
28928
28934
28939
28940
28941
28945
28946
28947
28949
28958
28959
28960
28970
28972
28973
28975
28976
28991
28994
28997
28999
29002
29009
29013
29022
29025
29033
29040
29048
29055
29057
29062
29063
29064
29066
29071
29073
29074
29078
29079
29080
29085
29093
29095
29107
29113
29116
29119
29122
29124
29127
29131
29134
29136
29140
29141
29149
29165
29167
29168
29169
29173
29178
29180
29188
29194
29196
29198
29201
29204
29206
29207
29209
29214
29219
29222
29224
29225
29233
29234
29239
29240
29242
29244
29246
29265
29266
29267
29272
29280
29286
29288
29289
29290
29291
29300
29307
29308
29319
29320
29326
29327
29328
29332
29335
29336
29337
29341
29347
29352
29358
29361
29363
29369
29370
29377
29399
29400
29401
29405
29411
29416
29419
29429
29430
29431
29433
29437
29444
29446
29448
29449
29452
29453
29460
29466
29467
29469
29473
29475
29476
29478
29481
29484
29490
29491
29493
29496
29497
29499
29509
29512
29515
29516
29521
29522
29542
29560
29564
29568
29574
29576
29577
29578
29579
29581
29582
29585
29588
29589
29592
29594
29595
29596
29597
29602
29603
29615
29617
29618
29623
29628
29630
29633
29637
29642
29645
29646
34256
34257
34258
34259
34260
34261
34262
34263
34264
34265
34266
34267
34268
34269
34270
34271
34272
34273
34274
34275
34276
34277
34278
34279
34280
34281
34282
34283
34284
34285
34286
34287
34288
34289
34290
34291
34292
34293
34294
34295
34296
34297
34298
34299
34300
34301
34302
34303
34304
34305
34306
34307
34308
34309
34310
34311
34312
34313
34314
34315
34316
34317
34318
34319
34320
34321
34322
34323
34324
34325
34326
34327
34328
34329
34330
34331
34332
34333
34334
34335
34336
34337
34338
34339
34340
34341
34342
34343
34344
34345
34346
34347
34348
34349
34350
34351
34352
34353
34354
34355
34356
34357
34358
34359
34360
34361
34362
34363
34364
34365
34366
34367
34368
34369
34370
34371
34372
34373
34374
34375
34376
34377
34378
34379
34380
34381
34382
34383
34384
34385
34386
34387
34388
34389
34390
34391
34392
34393
34394
34395
34396
34397
34398
34399
34400
34401
34402
34403
34404
34405
34406
34407
34408
34409
34410
34411
34412
34413
34414
34415
34416
34417
34418
34419
34420
34421
34422
34423
34424
34425
34426
34427
34428
34429
34430
34431
34432
34433
34434
34435
34436
34437
34438
34439
34440
34441
34442
34443
34444
34445
34446
34447
34448
34449
34450
34451
34452
34453
34454
34455
34456
34457
34458
34459
34460
34461
34462
34463
34464
34465
34466
34467
34468
34469
34470
34471
34472
34473
34474
34475
34476
34477
34478
34479
34480
34481
34482
34483
34484
34485
34486
34487
34488
34489
34490
34491
34492
34493
34494
34495
34496
34497
34498
34499
34500
34501
34502
34503
34504
34505
34506
34507
34508
34509
34510
34511
34512
34513
34514
34515
34516
34517
34518
34519
34520
34521
34522
34523
34524
34525
34526
34527
34528
34529
34530
34531
34532
34533
34534
34535
34536
34537
34538
34539
34540
34541
34542
34543
34544
34545
34546
34547
34548
34549
34550
34551
34552
34553
34554
34555
34556
34557
34558
34559
34560
34561
34562
34563
34564
34565
34566
34567
34568
34569
34570
34571
34572
34573
34574
34575
34576
34577
34578
34579
34580
34581
34582
34583
34584
34585
34586
34587
34588
34589
34590
34591
34592
34593
34594
34595
34596
34597
34598
34599
34600
34601
34602
34603
34604
34605
34606
34607
34608
34609
34610
34611
34612
34613
34614
34615
34616
34617
34618
34619
34620
34621
34622
34623
34624
34625
34626
34627
34628
34629
34630
34631
34632
34633
34634
34635
34636
34637
34638
34639
34640
34641
34642
34643
34644
34645
34646
34647
34648
34649
34650
34651
34652
34653
34654
34655
34656
34657
34658
34659
34660
34661
34662
34663
34664
34665
34666
34667
34668
34669
34670
34671
34672
34673
34674
34675
34676
34677
34678
34679
34680
34681
34682
34683
34684
34685
34686
34687
34688
34689
34690
34691
34692
34693
34694
34695
34696
34697
34698
34699
34700
34701
34702
34703
34704
34705
34706
34707
34708
34709
34710
34711
34712
34713
34714
34715
34716
34717
34718
34719
34720
34721
34722
34723
34724
34725
34726
34727
34728
34729
34730
34731
34732
34733
34734
34735
34736
34737
34738
34739
34740
34741
34742
34743
34744
34745
34746
34747
34748
34749
34750
34751
34752
34753
34754
34755
34756
34757
34758
34759
34760
34761
34762
34763
34764
34765
34766
34767
34768
34769
34770
34771
34772
34773
34774
34775
34776
34777
34778
34779
34780
34781
34782
34783
34784
34785
34786
34787
34788
34789
34790
34791
34792
34793
34794
34795
34796
34797
34798
34799
34800
34801
34802
34803
34804
34805
34806
34807
34808
34809
34810
34811
34812
34813
34814
34815
34816
34817
34818
34819
34820
34821
34822
34823
34824
34825
34826
34827
34828
34829
34830
34831
34832
34833
34834
34835
34836
34837
34838
34839
34840
34841
34842
34843
34844
34845
34846
34847
34848
34849
34850
34851
34852
34853
34854
34855
34856
34857
34858
34859
34860
34861
34862
34863
34864
34865
34866
34867
34868
34869
34870
34871
34872
34873
34874
34875
34876
34877
34878
34879
34880
34881
34882
34883
34884
34885
34886
34887
34888
34889
34890
34891
34892
34893
34894
34895
34896
34897
34898
34899
34900
34901
34902
34903
34904
34905
34906
34907
34908
34909
34910
34911
34912
34913
34914
34915
34916
34917
34918
34919
34920
34921
34922
34923
34924
34925
34926
34927
34928
34929
34930
34931
34932
34933
34934
34935
34936
34937
34938
34939
34940
34941
34942
34943
34944
34945
34946
34947
34948
34949
34950
34951
34952
34953
34954
34955
34956
34957
34958
34959
34960
34961
34962
34963
34964
34965
34966
34967
34968
34969
34970
34971
34972
34973
34974
34975
34976
34977
34978
34979
34980
34981
34982
34983
34984
34985
34986
34987
34988
34989
34990
34991
34992
34993
34994
34995
34996
34997
34998
34999
35000
35001
35002
35003
35004
35005
35006
35007
35008
35009
35010
35011
35012
35013
35014
35015
35016
35017
35018
35019
35020
35021
35022
35023
35024
35025
35026
35027
35028
35029
35030
35031
35032
35033
35034
35035
35036
35037
35038
35039
35040
35041
35042
35043
35044
35045
35046
35047
35048
35049
35050
35051
35052
35053
35054
35055
35056
35057
35058
35059
35060
35061
35062
35063
35064
35065
35066
35067
35068
35069
35070
35071
35072
35073
35074
35075
35076
35077
35078
35079
35080
35081
35082
35083
35084
35085
35086
35087
35088
35089
35090
35091
35092
35093
35094
35095
35096
35097
35098
35099
35100
35101
35102
35103
35104
35105
35106
35107
35108
35109
35110
35111
35112
35113
35114
35115
35116
35117
35118
35119
35120
35121
35122
35123
35124
35125
35126
35127
35128
35129
35130
35131
35132
35133
35134
35135
35136
35137
35138
35139
35140
35141
35142
35143
35144
35145
35146
35147
35148
35149
35150
35151
35152
35153
35154
35155
35156
35157
35158
35159
35160
35161
35162
35163
35164
35165
35166
35167
35168
35169
35170
35171
35172
35173
35174
35175
35176
35177
35178
35179
35180
35181
35182
35183
35184
35185
35186
35187
35188
35189
35190
35191
35192
35193
35194
35195
35196
35197
35198
35199
35200
35201
35202
35203
35204
35205
35206
35207
35208
35209
35210
35211
35212
35213
35214
35215
35216
35217
35218
35219
35220
35221
35222
35223
35224
35225
35226
35227
35228
35229
35230
35231
35232
35233
35234
35235
35236
35237
35238
35239
35240
35241
35242
35243
35244
35245
35246
35247
35248
35249
35250
35251
35252
35253
35254
35255
35256
35257
35258
35259
35260
35261
35262
35263
35264
35265
35266
35267
35268
35269
35270
35271
35272
35273
35274
35275
35276
35277
35278
35279
35280
35281
35282
35283
35284
35285
35286
35287
35288
35289
35290
35291
35292
35293
35294
35295
35296
35297
35298
35299
35300
35301
35302
35303
35304
35305
35306
35307
35308
35309
35310
35311
35312
35313
35314
35315
35316
35317
35318
35319
35320
35321
35322
35323
35324
35325
35326
35327
35328
35329
35330
35331
35332
35333
35334
35335
35336
35337
35338
35339
35340
35341
35342
35343
35344
35345
35346
35347
35348
35349
35350
35351
35352
35353
35354
35355
35356
35357
35358
35359
35360
35361
35362
35363
35364
35365
35366
35367
35368
35369
35370
35371
35372
35373
35374
35375
35376
35377
35378
35379
35380
35381
35382
35383
35384
35385
35386
35387
35388
35389
35390
35391
35392
35393
35394
35395
35396
35397
35398
35399
35400
35401
35402
35403
35404
35405
35406
35407
35408
35409
35410
35411
35412
35413
35414
35415
35416
35417
35418
35419
35420
35421
35422
35423
35424
35425
35426
35427
35428
35429
35430
35431
35432
35433
35434
35435
35436
35437
35438
35439
35440
35441
35442
35443
35444
35445
35446
35447
35448
35449
35450
35451
35452
35453
35454
35455
35456
35457
35458
35459
35460
35461
35462
35463
35464
35465
35466
35467
35468
35469
35470
35471
35472
35473
35474
35475
35476
35477
35478
35479
35480
35481
35482
35483
35484
35485
35486
35487
35488
35489
35490
35491
35492
35493
35494
35495
35496
35497
35498
35499
35500
35501
35502
35503
35504
35505
35506
35507
35508
35509
35510
35511
35512
35513
35514
35515
35516
35517
35518
35519
35520
35521
35522
35523
35524
35525
35526
35527
35528
35529
35530
35531
35532
35533
35534
35535
35536
35537
35538
35539
35540
35541
35542
35543
35544
35545
35546
35547
35548
35549
35550
35551
35552
35553
35554
35555
35556
35557
35558
35559
35560
35561
35562
35563
35564
35565
35566
35567
35568
35569
35570
35571
35572
35573
35574
35575
35576
35577
35578
35579
35580
35581
35582
35583
35584
35585
35586
35587
35588
35589
35590
35591
35592
35593
35594
35595
35596
35597
35598
35599
35600
35601
35602
35603
35604
35605
35606
35607
35608
35609
35610
35611
35612
35613
35614
35615
35616
35617
35618
35619
35620
35621
35622
35623
35624
35625
35626
35627
35628
35629
35630
35631
35632
35633
35634
35635
35636
35637
35638
35639
35640
35641
35642
35643
35644
35645
35646
35647
35648
35649
35650
35651
35652
35653
35654
35655
35656
35657
35658
35659
35660
35661
35662
35663
35664
35665
35666
35667
35668
35669
35670
35671
35672
35673
35674
35675
35676
35677
35678
35679
35680
35681
35682
35683
35684
35685
35686
35687
35688
35689
35690
35691
35692
35693
35694
35695
35696
35697
35698
35699
35700
35701
35702
35703
35704
35705
35706
35707
35708
35709
35710
35711
35712
35713
35714
35715
35716
35717
35718
35719
35720
35721
35722
35723
35724
35725
35726
35727
35728
35729
35730
35731
35732
35733
35734
35735
35736
35737
35738
35739
35740
35741
35742
35743
35744
35745
35746
35747
35748
35749
35750
35751
35752
35753
35754
35755
35756
35757
35758
35759
35760
35761
35762
35763
35764
35765
35766
35767
35768
35769
35770
35771
35772
35773
35774
35775
35776
35777
35778
35779
35780
35781
35782
35783
35784
35785
35786
35787
35788
35789
35790
35791
35792
35793
35794
35795
35796
35797
35798
35799
35800
35801
35802
35803
35804
35805
35806
35807
35808
35809
35810
35811
35812
35813
35814
35815
35816
35817
35818
35819
35820
35821
35822
35823
35824
35825
35826
35827
35828
35829
35830
35831
35832
35833
35834
35835
35836
35837
35838
35839
35840
35841
35842
35843
35844
35845
35846
35847
35848
35849
35850
35851
35852
35853
35854
35855
35856
35857
35858
35859
35860
35861
35862
35863
35864
35865
35866
35867
35868
35869
35870
35871
35872
35873
35874
35875
35876
35877
35878
35879
35880
35881
35882
35883
35884
35885
35886
35887
35888
35889
35890
35891
35892
35893
35894
35895
35896
35897
35898
35899
35900
35901
35902
35903
35904
35905
35906
35907
35908
35909
35910
35911
35912
35913
35914
35915
35916
35917
35918
35919
35920
35921
35922
35923
35924
35925
35926
35927
35928
35929
35930
35931
35932
35933
35934
35935
35936
35937
35938
35939
35940
35941
35942
35943
35944
35945
35946
35947
35948
35949
35950
35951
35952
35953
35954
35955
35956
35957
35958
35959
35960
35961
35962
35963
35964
35965
35966
35967
35968
35969
35970
35971
35972
35973
35974
35975
35976
35977
35978
35979
35980
35981
35982
35983
35984
35985
35986
35987
35988
35989
35990
35991
35992
35993
35994
35995
35996
35997
35998
35999
36000
36001
36002
36003
36004
36005
36006
36007
36008
36009
36010
36011
36012
36013
36014
36015
36016
36017
36018
36019
36020
36021
36022
36023
36024
36025
36026
36027
36028
36029
36030
36031
36032
36033
36034
36035
36036
36037
36038
36039
36040
36041
36042
36043
36044
36045
36046
36047
36048
36049
36050
36051
36052
36053
36054
36055
36056
36057
36058
36059
36060
36061
36062
36063
36064
36065
36066
36067
36068
36069
36070
36071
36072
36073
36074
36075
36076
36077
36078
36079
36080
36081
36082
36083
36084
36085
36086
36087
36088
36089
36090
36091
36092
36093
36094
36095
36096
36097
36098
36099
36100
36101
36102
36103
36104
36105
36106
36107
36108
36109
36110
36111
36112
36113
36114
36115
36116
36117
36118
36119
36120
36121
36122
36123
36124
36125
36126
36127
36128
36129
36130
36131
36132
36133
36134
36135
36136
36137
36138
36139
36140
36141
36142
36143
36144
36145
36146
36147
36148
36149
36150
36151
36152
36153
36154
36155
36156
36157
36158
36159
36160
36161
36162
36163
36164
36165
36166
36167
36168
36169
36170
36171
36172
36173
36174
36175
36176
36177
36178
36179
36180
36181
36182
36183
36184
36185
36186
36187
36188
36189
36190
36191
36192
36193
36194
36195
36196
36197
36198
36199
36200
36201
36202
36203
36204
36205
36206
36207
36208
36209
36210
36211
36212
36213
36214
36215
36216
36217
36218
36219
36220
36221
36222
36223
36224
36225
36226
36227
36228
36229
36230
36231
36232
36233
36234
36235
36236
36237
36238
36239
36240
36241
36242
36243
36244
36245
36246
36247
36248
36249
36250
36251
36252
36253
36254
36255
36256
36257
36258
36259
36260
36261
36262
36263
36264
36265
36266
36267
36268
36269
36270
36271
36272
36273
36274
36275
36276
36277
36278
36279
36280
36281
36282
36283
36284
36285
36286
36287
36288
36289
36290
36291
36292
36293
36294
36295
36296
36297
36298
36299
36300
36301
36302
36303
36304
36305
36306
36307
36308
36309
36310
36311
36312
36313
36314
36315
36316
36317
36318
36319
36320
36321
36322
36323
36324
36325
36326
36327
36328
36329
36330
36331
36332
36333
36334
36335
36336
36337
36338
36339
36340
36341
36342
36343
36344
36345
36346
36347
36348
36349
36350
36351
36352
36353
36354
36355
36356
36357
36358
36359
36360
36361
36362
36363
36364
36365
36366
36367
36368
36369
36370
36371
36372
36373
36374
36375
36376
36377
36378
36379
36380
36381
36382
36383
36384
36385
36386
36387
36388
36389
36390
36391
36392
36393
36394
36395
36396
36397
36398
36399
36400
36401
36402
36403
36404
36405
36406
36407
36408
36409
36410
36411
36412
36413
36414
36415
36416
36417
36418
36419
36420
36421
36422
36423
36424
36425
36426
36427
36428
36429
36430
36431
36432
36433
36434
36435
36436
36437
36438
36439
36440
36441
36442
36443
36444
36445
36446
36447
36448
36449
36450
36451
36452
36453
36454
36455
36456
36457
36458
36459
36460
36461
36462
36463
36464
36465
36466
36467
36468
36469
36470
36471
36472
36473
36474
36475
36476
36477
36478
36479
36480
36481
36482
36483
36484
36485
36486
36487
36488
36489
36490
36491
36492
36493
36494
36495
36496
36497
36498
36499
36500
36501
36502
36503
36504
36505
36506
36507
36508
36509
36510
36511
36512
36513
36514
36515
36516
36517
36518
36519
36520
36521
36522
36523
36524
36525
36526
36527
36528
36529
36530
36531
36532
36533
36534
36535
36536
36537
36538
36539
36540
36541
36542
36543
36544
36545
36546
36547
36548
36549
36550
36551
36552
36553
36554
36555
36556
36557
36558
36559
36560
36561
36562
36563
36564
36565
36566
36567
36568
36569
36570
36571
36572
36573
36574
36575
36576
36577
36578
36579
36580
36581
36582
36583
36584
36585
36586
36587
36588
36589
36590
36591
36592
36593
36594
36595
36596
36597
36598
36599
36600
36601
36602
36603
36604
36605
36606
36607
36608
36609
36610
36611
36612
36613
36614
36615
36616
36617
36618
36619
36620
36621
36622
36623
36624
36625
36626
36627
36628
36629
36630
36631
36632
36633
36634
36635
36636
36637
36638
36639
36640
36641
36642
36643
36644
36645
36646
36647
36648
36649
36650
36651
36652
36653
36654
36655
36656
36657
36658
36659
36660
36661
36662
36663
36664
36665
36666
36667
36668
36669
36670
36671
36672
36673
36674
36675
36676
36677
36678
36679
36680
36681
36682
36683
36684
36685
36686
36687
36688
36689
36690
36691
36692
36693
36694
36695
36696
36697
36698
36699
36700
36701
36702
36703
36704
36705
36706
36707
36708
36709
36710
36711
36712
36713
36714
36715
36716
36717
36718
36719
36720
36721
36722
36723
36724
36725
36726
36727
36728
36729
36730
36731
36732
36733
36734
36735
36736
36737
36738
36739
36740
36741
36742
36743
36744
36745
36746
36747
36748
36749
36750
36751
36752
36753
36754
36755
36756
36757
36758
36759
36760
36761
36762
36763
36764
36765
36766
36767
36768
36769
36770
36771
36772
36773
36774
36775
36776
36777
36778
36779
36780
36781
36782
36783
36784
36785
36786
36787
36788
36789
36790
36791
36792
36793
36794
36795
36796
36797
36798
36799
36800
36801
36802
36803
36804
36805
36806
36807
36808
36809
36810
36811
36812
36813
36814
36815
36816
36817
36818
36819
36820
36821
36822
36823
36824
36825
36826
36827
36828
36829
36830
36831
36832
36833
36834
36835
36836
36837
36838
36839
36840
36841
36842
36843
36844
36845
36846
36847
36848
36849
36850
36851
36852
36853
36854
36855
36856
36857
36858
36859
36860
36861
36862
36863
36864
36865
36866
36867
36868
36869
36870
36871
36872
36873
36874
36875
36876
36877
36878
36879
36880
36881
36882
36883
36884
36885
36886
36887
36888
36889
36890
36891
36892
36893
36894
36895
36896
36897
36898
36899
36900
36901
36902
36903
36904
36905
36906
36907
36908
36909
36910
36911
36912
36913
36914
36915
36916
36917
36918
36919
36920
36921
36922
36923
36924
36925
36926
36927
36928
36929
36930
36931
36932
36933
36934
36935
36936
36937
36938
36939
36940
36941
36942
36943
36944
36945
36946
36947
36948
36949
36950
36951
36952
36953
36954
36955
36956
36957
36958
36959
36960
36961
36962
36963
36964
36965
36966
36967
36968
36969
36970
36971
36972
36973
36974
36975
36976
36977
36978
36979
36980
36981
36982
36983
36984
36985
36986
36987
36988
36989
36990
36991
36992
36993
36994
36995
36996
36997
36998
36999
37000
37001
37002
37003
37004
37005
37006
37007
37008
37009
37010
37011
37012
37013
37014
37015
37016
37017
37018
37019
37020
37021
37022
37023
37024
37025
37026
37027
37028
37029
37030
37031
37032
37033
37034
37035
37036
37037
37038
37039
37040
37041
37042
37043
37044
37045
37046
37047
37048
37049
37050
37051
37052
37053
37054
37055
37056
37057
37058
37059
37060
37061
37062
37063
37064
37065
37066
37067
37068
37069
37070
37071
37072
37073
37074
37075
37076
37077
37078
37079
37080
37081
37082
37083
37084
37085
37086
37087
37088
37089
37090
37091
37092
37093
37094
37095
37096
37097
37098
37099
37100
37101
37102
37103
37104
37105
37106
37107
37108
37109
37110
37111
37112
37113
37114
37115
37116
37117
37118
37119
37120
37121
37122
37123
37124
37125
37126
37127
37128
37129
37130
37131
37132
37133
37134
37135
37136
37137
37138
37139
37140
37141
37142
37143
37144
37145
37146
37147
37148
37149
37150
37151
37152
37153
37154
37155
37156
37157
37158
37159
37160
37161
37162
37163
37164
37165
37166
37167
37168
37169
37170
37171
37172
37173
37174
37175
37176
37177
37178
37179
37180
37181
37182
37183
37184
37185
37186
37187
37188
37189
37190
37191
37192
37193
37194
37195
37196
37197
37198
37199
37200
37201
37202
37203
37204
37205
37206
37207
37208
37209
37210
37211
37212
37213
37214
37215
37216
37217
37218
37219
37220
37221
37222
37223
37224
37225
37226
37227
37228
37229
37230
37231
37232
37233
37234
37235
37236
37237
37238
37239
37240
37241
37242
37243
37244
37245
37246
37247
37248
37249
37250
37251
37252
37253
37254
37255
37256
37257
37258
37259
37260
37261
37262
37263
37264
37265
37266
37267
37268
37269
37270
37271
37272
37273
37274
37275
37276
37277
37278
37279
37280
37281
37282
37283
37284
37285
37286
37287
37288
37289
37290
37291
37292
37293
37294
37295
37296
37297
37298
37299
37300
37301
37302
37303
37304
37305
37306
37307
37308
37309
37310
37311
37312
37313
37314
37315
37316
37317
37318
37319
37320
37321
37322
37323
37324
37325
37326
37327
37328
37329
37330
37331
37332
37333
37334
37335
37336
37337
37338
37339
37340
37341
37342
37343
37344
37345
37346
37347
37348
37349
37350
37351
37352
37353
37354
37355
37356
37357
37358
37359
37360
37361
37362
37363
37364
37365
37366
37367
37368
37369
37370
37371
37372
37373
37374
37375
37376
37377
37378
37379
37380
37381
37382
37383
37384
37385
37386
37387
37388
37389
37390
37391
37392
37393
37394
37395
37396
37397
37398
37399
37400
37401
37402
37403
37404
37405
37406
37407
37408
37409
37410
37411
37412
37413
37414
37415
37416
37417
37418
37419
37420
37421
37422
37423
37424
37425
37426
37427
37428
37429
37430
37431
37432
37433
37434
37435
37436
37437
37438
37439
37440
37441
37442
37443
37444
37445
37446
37447
37448
37449
37450
37451
37452
37453
37454
37455
37456
37457
37458
37459
37460
37461
37462
37463
37464
37465
37466
37467
37468
37469
37470
37471
37472
37473
37474
37475
37476
37477
37478
37479
37480
37481
37482
37483
37484
37485
37486
37487
37488
37489
37490
37491
37492
37493
37494
37495
37496
37497
37498
37499
37500
37501
37502
37503
37504
37505
37506
37507
37508
37509
37510
37511
37512
37513
37514
37515
37516
37517
37518
37519
37520
37521
37522
37523
37524
37525
37526
37527
37528
37529
37530
37531
37532
37533
37534
37535
37536
37537
37538
37539
37540
37541
37542
37543
37544
37545
37546
37547
37548
37549
37550
37551
37552
37553
37554
37555
37556
37557
37558
37559
37560
37561
37562
37563
37564
37565
37566
37567
37568
37569
37570
37571
37572
37573
37574
37575
37576
37577
37578
37579
37580
37581
37582
37583
37584
37585
37586
37587
37588
37589
37590
37591
37592
37593
37594
37595
37596
37597
37598
37599
37600
37601
37602
37603
37604
37605
37606
37607
37608
37609
37610
37611
37612
37613
37614
37615
37616
37617
37618
37619
37620
37621
37622
37623
37624
37625
37626
37627
37628
37629
37630
37631
37632
37633
37634
37635
37636
37637
37638
37639
37640
37641
37642
37643
37644
37645
37646
37647
37648
37649
37650
37651
37652
37653
37654
37655
37656
37657
37658
37659
37660
37661
37662
37663
37664
37665
37666
37667
37668
37669
37670
37671
37672
37673
37674
37675
37676
37677
37678
37679
37680
37681
37682
37683
37684
37685
37686
37687
37688
37689
37690
37691
37692
37693
37694
37695
37696
37697
37698
37699
37700
37701
37702
37703
37704
37705
37706
37707
37708
37709
37710
37711
37712
37713
37714
37715
37716
37717
37718
37719
37720
37721
37722
37723
37724
37725
37726
37727
37728
37729
37730
37731
37732
37733
37734
37735
37736
37737
37738
37739
37740
37741
37742
37743
37744
37745
37746
37747
37748
37749
37750
37751
37752
37753
37754
37755
37756
37757
37758
37759
37760
37761
37762
37763
37764
37765
37766
37767
37768
37769
37770
37771
37772
37773
37774
37775
37776
37777
37778
37779
37780
37781
37782
37783
37784
37785
37786
37787
37788
37789
37790
37791
37792
37793
37794
37795
37796
37797
37798
37799
37800
37801
37802
37803
37804
37805
37806
37807
37808
37809
37810
37811
37812
37813
37814
37815
37816
37817
37818
37819
37820
37821
37822
37823
37824
37825
37826
37827
37828
37829
37830
37831
37832
37833
37834
37835
37836
37837
37838
37839
37840
37841
37842
37843
37844
37845
37846
37847
37848
37849
37850
37851
37852
37853
37854
37855
37856
37857
37858
37859
37860
37861
37862
37863
37864
37865
37866
37867
37868
37869
37870
37871
37872
37873
37874
37875
37876
37877
37878
37879
37880
37881
37882
37883
37884
37885
37886
37887
37888
37889
37890
37891
37892
37893
37894
37895
37896
37897
37898
37899
37900
37901
37902
37903
37904
37905
37906
37907
37908
37909
37910
37911
37912
37913
37914
37915
37916
37917
37918
37919
37920
37921
37922
37923
37924
37925
37926
37927
37928
37929
37930
37931
37932
37933
37934
37935
37936
37937
37938
37939
37940
37941
37942
37943
37944
37945
37946
37947
37948
37949
37950
37951
37952
37953
37954
37955
37956
37957
37958
37959
37960
37961
37962
37963
37964
37965
37966
37967
37968
37969
37970
37971
37972
37973
37974
37975
37976
37977
37978
37979
37980
37981
37982
37983
37984
37985
37986
37987
37988
37989
37990
37991
37992
37993
37994
37995
37996
37997
37998
37999
38000
38001
38002
38003
38004
38005
38006
38007
38008
38009
38010
38011
38012
38013
38014
38015
38016
38017
38018
38019
38020
38021
38022
38023
38024
38025
38026
38027
38028
38029
38030
38031
38032
38033
38034
38035
38036
38037
38038
38039
38040
38041
38042
38043
38044
38045
38046
38047
38048
38049
38050
38051
38052
38053
38054
38055
38056
38057
38058
38059
38060
38061
38062
38063
38064
38065
38066
38067
38068
38069
38070
38071
38072
38073
38074
38075
38076
38077
38078
38079
38080
38081
38082
38083
38084
38085
38086
38087
38088
38089
38090
38091
38092
38093
38094
38095
38096
38097
38098
38099
38100
38101
38102
38103
38104
38105
38106
38107
38108
38109
38110
38111
38112
38113
38114
38115
38116
38117
38118
38119
38120
38121
38122
38123
38124
38125
38126
38127
38128
38129
38130
38131
38132
38133
38134
38135
38136
38137
38138
38139
38140
38141
38142
38143
38144
38145
38146
38147
38148
38149
38150
38151
38152
38153
38154
38155
38156
38157
38158
38159
38160
38161
38162
38163
38164
38165
38166
38167
38168
38169
38170
38171
38172
38173
38174
38175
38176
38177
38178
38179
38180
38181
38182
38183
38184
38185
38186
38187
38188
38189
38190
38191
38192
38193
38194
38195
38196
38197
38198
38199
38200
38201
38202
38203
38204
38205
38206
38207
38208
38209
38210
38211
38212
38213
38214
38215
38216
38217
38218
38219
38220
38221
38222
38223
38224
38225
38226
38227
38228
38229
38230
38231
38232
38233
38234
38235
38236
38237
38238
38239
38240
38241
38242
38243
38244
38245
38246
38247
38248
38249
38250
38251
38252
38253
38254
38255
38256
38257
38258
38259
38260
38261
38262
38263
38264
38265
38266
38267
38268
38269
38270
38271
38272
38273
38274
38275
38276
38277
38278
38279
38280
38281
38282
38283
38284
38285
38286
38287
38288
38289
38290
38291
38292
38293
38294
38295
38296
38297
38298
38299
38300
38301
38302
38303
38304
38305
38306
38307
38308
38309
38310
38311
38312
38313
38314
38315
38316
38317
38318
38319
38320
38321
38322
38323
38324
38325
38326
38327
38328
38329
38330
38331
38332
38333
38334
38335
38336
38337
38338
38339
38340
38341
38342
38343
38344
38345
38346
38347
38348
38349
38350
38351
38352
38353
38354
38355
38356
38357
38358
38359
38360
38361
38362
38363
38364
38365
38366
38367
38368
38369
38370
38371
38372
38373
38374
38375
38376
38377
38378
38379
38380
38381
38382
38383
38384
38385
38386
38387
38388
38389
38390
38391
38392
38393
38394
38395
38396
38397
38398
38399
38400
38401
38402
38403
38404
38405
38406
38407
38408
38409
38410
38411
38412
38413
38414
38415
38416
38417
38418
38419
38420
38421
38422
38423
38424
38425
38426
38427
38428
38429
38430
38431
38432
38433
38434
38435
38436
38437
38438
38439
38440
38441
38442
38443
38444
38445
38446
38447
38448
38449
38450
38451
38452
38453
38454
38455
38456
38457
38458
38459
38460
38461
38462
38463
38464
38465
38466
38467
38468
38469
38470
38471
38472
38473
38474
38475
38476
38477
38478
38479
38480
38481
38482
38483
38484
38485
38486
38487
38488
38489
38490
38491
38492
38493
38494
38495
38496
38497
38498
38499
38500
38501
38502
38503
38504
38505
38506
38507
38508
38509
38510
38511
38512
38513
38514
38515
38516
38517
38518
38519
38520
38521
38522
38523
38524
38525
38526
38527
38528
38529
38530
38531
38532
38533
38534
38535
38536
38537
38538
38539
38540
38541
38542
38543
38544
38545
38546
38547
38548
38549
38550
38551
38552
38553
38554
38555
38556
38557
38558
38559
38560
38561
38562
38563
38564
38565
38566
38567
38568
38569
38570
38571
38572
38573
38574
38575
38576
38577
38578
38579
38580
38581
38582
38583
38584
38585
38586
38587
38588
38589
38590
38591
38592
38593
38594
38595
38596
38597
38598
38599
38600
38601
38602
38603
38604
38605
38606
38607
38608
38609
38610
38611
38612
38613
38614
38615
38616
38617
38618
38619
38620
38621
38622
38623
38624
38625
38626
38627
38628
38629
38630
38631
38632
38633
38634
38635
38636
38637
38638
38639
38640
38641
38642
38643
38644
38645
38646
38647
38648
38649
38650
38651
38652
38653
38654
38655
38656
38657
38658
38659
38660
38661
38662
38663
38664
38665
38666
38667
38668
38669
38670
38671
38672
38673
38674
38675
38676
38677
38678
38679
38680
38681
38682
38683
38684
38685
38686
38687
38688
38689
38690
38691
38692
38693
38694
38695
38696
38697
38698
38699
38700
38701
38702
38703
38704
38705
38706
38707
38708
38709
38710
38711
38712
38713
38714
38715
38716
38717
38718
38719
38720
38721
38722
38723
38724
38725
38726
38727
38728
38729
38730
38731
38732
38733
38734
38735
38736
38737
38738
38739
38740
38741
38742
38743
38744
38745
38746
38747
38748
38749
38750
38751
38752
38753
38754
38755
38756
38757
38758
38759
38760
38761
38762
38763
38764
38765
38766
38767
38768
38769
38770
38771
38772
38773
38774
38775
38776
38777
38778
38779
38780
38781
38782
38783
38784
38785
38786
38787
38788
38789
38790
38791
38792
38793
38794
38795
38796
38797
38798
38799
38800
38801
38802
38803
38804
38805
38806
38807
38808
38809
38810
38811
38812
38813
38814
38815
38816
38817
38818
38819
38820
38821
38822
38823
38824
38825
38826
38827
38828
38829
38830
38831
38832
38833
38834
38835
38836
38837
38838
38839
38840
38841
38842
38843
38844
38845
38846
38847
38848
38849
38850
38851
38852
38853
38854
38855
38856
38857
38858
38859
38860
38861
38862
38863
43601
43604
43612
43614
43615
43620
43625
43634
43636
43641
43642
43643
43644
43648
43650
43653
43655
43660
43668
43669
43676
43677
43682
43684
43689
43691
43695
43700
43704
43713
43715
43720
43724
43726
43729
43730
43736
43744
43747
43749
43750
43751
43752
43755
43759
43760
43761
43764
43768
43769
43771
43774
43775
43777
43779
43780
43789
43790
43793
43794
43797
43798
43803
43809
43812
43821
43829
43836
43838
43839
43841
43849
43851
43862
43863
43868
43872
43876
43877
43878
43883
43889
43891
43892
43898
43899
43907
43912
43916
43917
43920
43930
43940
43948
43951
43955
43958
43961
43962
43963
43973
43976
43985
43986
43987
43988
43989
43993
43995
43996
43998
44000
44002
44007
44010
44014
44015
44017
44018
44019
44029
44030
44031
44032
44035
44040
44042
44051
44052
44057
44066
44067
44071
44077
44083
44086
44090
44098
44099
44101
44102
44103
44111
44114
44115
44116
44118
44119
44121
44127
44129
44130
44131
44132
44145
44147
44148
44151
44158
44164
44167
44169
44170
44171
44174
44175
44176
44177
44190
44194
44196
44197
44199
44201
44204
44207
44211
44215
44223
44224
44231
44235
44241
44253
44255
44258
44264
44265
44266
44271
44273
44276
44278
44280
44281
44286
44288
44290
44291
44292
44297
44299
44300
44303
44305
44311
44313
44315
44324
44325
44331
44338
44342
44343
44345
44347
44351
44352
44354
44357
44361
44362
44363
44365
44378
44379
44383
44388
44398
44402
44408
44411
44413
44416
44426
44432
44434
44440
44443
44445
44448
44449
44450
44452
44453
44456
44459
44463
44465
44466
44473
44475
44481
44484
44487
44489
44495
44509
44510
44512
44514
44518
44522
44528
44529
44532
44539
44544
44548
44549
44554
44559
44566
44572
44578
44582
44584
44586
44588
44590
44596
44597
44600
44602
44606
44614
44618
44620
44626
44629
44633
44640
44646
44647
44651
44660
44667
44670
44674
44682
44686
44687
44694
44696
44699
44701
44702
44703
44704
44706
44711
44712
44714
44716
44719
44720
44727
44729
44732
44734
44744
44749
44750
44755
44758
44763
44784
44786
44788
44791
44794
44795
44799
44803
44807
44811
44815
44825
44831
44842
44845
44846
44847
44849
44850
44851
44852
44853
44855
44862
44866
44869
44876
44880
44883
44887
44888
44890
44891
44895
44899
44900
44902
44905
44908
44910
44919
44921
44926
44935
44937
44938
44940
44944
44945
44946
44947
44971
44972
44974
44975
44986
44987
44989
44994
45001
45007
45009
45011
45013
45020
45025
45026
45028
45034
45039
45041
45052
45055
45059
45061
45063
45064
45066
45071
45073
45076
45077
45079
45080
45083
45087
45090
45092
45094
45096
45097
45101
45106
45107
45109
45111
45115
45118
45119
45121
45123
45125
45127
45128
45130
45135
45139
45144
45151
45153
45157
45159
45161
45163
45165
45166
45169
45170
45176
45180
45181
45182
45187
45188
45191
45192
45193
45194
45200
45204
45218
45220
45221
45222
45223
45232
45241
45245
45248
45255
45265
45266
45268
45269
45273
45275
45276
45280
45281
45284
45288
45296
45297
45299
45302
45303
45306
45309
45310
45313
45314
45316
45325
45326
45328
45330
45332
45334
45338
45342
45343
45350
45353
45355
45356
45357
45358
45361
45364
45368
45370
45372
45374
45375
45376
45377
45383
45385
45386
45387
45391
45397
45398
45399
45401
45405
45410
45413
45414
45423
45424
45433
45437
45442
45445
45456
45470
45474
45481
45486
45488
45499
45502
45503
45510
45512
45516
45521
45524
45526
45527
45528
45532
45534
45541
45542
45543
45544
45545
45555
45557
45562
45563
45564
45565
45570
45580
45581
45585
45588
45589
45590
45596
45597
45609
45612
45614
45615
45616
45621
45629
45631
45635
45636
45639
45640
45642
45647
45648
45653
45656
45658
45661
45663
45664
45670
45671
45674
45675
45676
45679
45685
45693
45695
45696
45699
45701
45707
45709
45720
45721
45728
45731
45732
45733
45734
45742
45745
45746
45751
45752
45754
45764
45765
45767
45772
45775
45776
45779
45780
45781
45782
45788
45791
45794
45802
45806
45809
45810
45813
45822
45824
45833
45834
45843
45847
45848
45854
45856
45860
45861
45862
45865
45871
45874
45875
45876
45877
45884
45887
45890
45896
45899
45906
45909
45910
45915
45918
45919
45922
45924
45928
45949
45955
45957
45958
45960
45963
45967
45982
46001
46003
46004
46008
46014
46015
46020
46021
46022
46024
46025
46026
46027
46033
46036
46041
46042
46044
46047
46051
46053
46062
46066
46074
46080
46081
46084
46087
46089
46090
46091
46092
46101
46110
46111
46112
46115
46117
46119
46121
46122
46124
46128
46130
46131
46139
46140
46143
46144
46148
46153
46155
46156
46160
46168
46173
46174
46176
46177
46180
46186
46188
46190
46192
46193
46204
46208
46209
46221
46222
46227
46228
46229
46230
46232
46237
46244
46247
46249
46251
46259
46260
46266
46267
46268
46270
46271
46272
46275
46280
46284
46289
46291
46296
46299
46303
46307
46313
46317
46322
46323
46325
46326
46327
46329
46330
46332
46349
46351
46358
46360
46361
46365
46370
46373
46381
46385
46387
46391
46401
46407
46415
46417
46430
46433
46438
46453
46460
46462
46473
46474
46475
46476
46478
46482
46484
46490
46491
46492
46499
46501
46505
46513
46519
46524
46528
46532
46535
46536
46537
46547
46558
46560
46563
46566
46568
46569
46570
46574
46575
46587
46593
46601
46608
46609
46610
46613
46621
46622
46624
46639
46642
46643
46649
46656
46659
46660
46666
46669
46671
46685
46687
46689
46694
46695
46699
46708
46709
46710
46712
46721
46725
46726
46727
46728
46734
46736
46737
46741
46745
46746
46748
46750
46751
46752
46759
46765
46770
46772
46774
46775
46776
46778
46791
46803
46806
46807
46810
46813
46814
46816
46824
46829
46830
46832
46836
46839
46841
46842
46847
46850
46858
46860
46861
46866
46869
46873
46875
46880
46881
46884
46887
46890
46891
46892
46898
46904
46905
46906
46908
46909
46914
46915
46920
46926
46927
46929
46930
46934
46937
46940
46943
46948
46950
46951
46957
46977
46980
46982
46984
46988
46989
46992
46993
46994
47007
47011
47013
47015
47016
47021
47030
47031
47038
47039
47042
47044
47045
47046
47047
47056
47060
47064
47066
47072
47073
47075
47076
47079
47081
47085
47086
47089
47095
47096
47099
47100
47106
47111
47112
47113
47117
47118
47119
47121
47130
47131
47132
47142
47144
47145
47147
47148
47163
47166
47169
47171
47174
47181
47185
47194
47197
47205
47212
47220
47227
47229
47234
47235
47236
47238
47243
47245
47246
47250
47251
47252
47257
47265
47267
47279
47285
47288
47291
47294
47296
47299
47303
47306
47308
47312
47313
47321
47337
47339
47340
47341
47345
47350
47352
47360
47366
47368
47370
47373
47376
47378
47379
47381
47386
47391
47394
47396
47397
47405
47406
47411
47412
47414
47416
47418
47437
47438
47439
47444
47452
47458
47460
47461
47462
47463
47472
47479
47480
47491
47492
47498
47499
47500
47504
47507
47508
47509
47513
47519
47524
47530
47533
47535
47541
47542
47549
47571
47572
47573
47577
47583
47588
47591
47601
47602
47603
47605
47609
47616
47618
47620
47621
47624
47625
47632
47638
47639
47641
47645
47647
47648
47650
47653
47656
47662
47663
47665
47668
47669
47671
47681
47684
47687
47688
47693
47694
47714
47732
47736
47740
47746
47748
47749
47750
47751
47753
47754
47757
47760
47761
47764
47766
47767
47768
47769
47774
47775
47787
47789
47790
47795
47800
47802
47805
47809
47814
47817
47818
47823
47830
47836
47841
47847
47851
47864
47868
47874
47877
47889
47890
47895
47902
47911
47918
47931
47939
47945
47946
47953
47954
47955
47956
47961
47962
47968
47980
47982
47985
47990
47993
47997
48001
48003
48012
48018
48021
48024
48027
48033
48037
48045
48050
48058
48068
48069
48072
48078
48081
48084
48089
48096
48099
48102
48106
48117
48129
48132
48139
48141
48151
48152
48167
48177
48179
48185
48200
48203
48209
48211
48212
48219
48221
48224
48233
48234
48249
48250
48252
48256
48264
48268
48274
48282
48289
48300
48303
48308
48312
48315
48318
48320
48326
48328
48332
48333
48337
48339
48352
48357
48361
48365
48369
48375
48383
48386
48393
48395
48403
48404
48409
48410
48418
48426
48431
48442
48448
48458
48464
48472
48473
48477
48483
48486
48488
48489
48499
48505
48508
48518
48524
48527
48534
48540
48542
48550
48561
48565
48577
48578
48579
48582
48583
48590
48592
48595
48600
48603
48607
48612
48614
48617
48622
48624
48634
48647
48653
48659
48672
48674
48680
48683
48686
48690
48696
48707
48709
48714
48716
48719
48720
48736
48743
48752
48755
48767
48769
48775
48779
48784
48787
48788
48796
48803
48804
48815
48818
48824
48831
48835
48839
48859
48865
48876
48879
48884
48891
48894
48897
48898
48907
48910
48913
48914
48916
48919
48922
48936
48937
48947
48949
48954
48961
48967
48974
48982
48983
48989
48990
48997
49001
49003
49006
49013
49015
49024
49036
49042
49045
49052
49053
49060
49062
49063
49073
49082
49090
49094
49104
49105
49107
49108
49124
49131
49133
49135
49143
49147
49156
49160
49176
49180
49199
49201
49204
49215
49221
49228
49236
49240
49246
49250
49256
49257
49262
49266
49277
49282
49286
49290
49291
49294
49295
49312
49315
49319
49320
49327
49332
49333
49337
49349
49352
49357
49362
49370
49374
49378
49388
49392
49393
49397
49399
49401
49405
49411
49412
49425
49430
49439
49441
49452
49455
49457
49469
49471
49473
49477
49479
49491
49497
49501
49510
49517
49520
49522
49530
49532
49534
49543
49546
49547
49551
49556
49557
49559
49568
49573
49574
49579
49586
49588
49590
49597
49606
49608
49609
49622
49632
49633
49637
49640
49642
49657
49663
49669
49671
49675
49682
49687
49693
49699
49702
49706
49707
49711
49713
49714
49721
49722
49733
49736
49737
49760
49762
49765
49774
49777
49785
49786
49790
49798
49803
49808
49815
49822
49829
49831
49841
49843
49845
49853
49855
49857
49858
49862
49865
49871
49873
49876
49879
49886
49892
49895
49897
49899
49907
49914
49919
49924
49925
49932
49933
49935
49936
49944
49946
49954
49957
49965
49971
49972
49982
49988
49992
50004
50005
50015
50016
50020
50024
50028
50031
50034
50037
50038
50049
50051
50062
50063
50066
50067
50080
50083
50094
50098
50101
50110
50121
50123
50139
50141
50154
50160
50162
50164
50169
50179
50182
50183
50185
50196
50200
50202
50203
50212
50215
50246
50248
50254
50257
50269
50274
50277
50282
50283
50287
50291
50292
50295
50304
50306
50308
50310
50311
50312
50328
50329
50330
50332
50336
50337
50341
50348
50372
50373
50380
50387
50390
50394
50396
50412
50419
50423
50428
50441
50444
50449
50451
50454
50455
50466
50468
50481
50486
50494
50497
50498
50502
50503
50515
50518
50529
50532
50534
50535
50536
50551
50554
50560
50561
50568
50570
50574
50576
50578
50583
50590
50600
50602
50603
50610
50634
50639
50653
50654
50666
50669
50676
50680
50683
50688
50692
50693
50698
50703
50705
50709
50714
50716
50721
50733
50738
50743
50744
50748
50751
50756
50759
50773
50777
50783
50784
50788
50789
50798
50799
50804
50812
50820
50829
50835
50840
50841
50853
50856
50857
50865
50867
50871
50877
50878
50884
50890
50896
50897
50899
50920
50929
50940
50943
50945
50946
50962
50963
50966
50970
50971
50973
50981
50984
50998
51007
51023
51024
51030
51038
51054
51064
51068
51071
51076
51077
51095
51097
51105
51107
51109
51118
51122
51123
51126
51129
51130
51133
51137
51142
51150
51154
51156
51159
51161
51190
51194
51195
51205
51213
51222
51226
51230
51233
51235
51239
51241
51251
51261
51268
51275
51282
51286
51295
51302
51306
51311
51317
51319
51320
51326
51327
51329
51339
51340
51342
51346
51356
51360
51365
51368
51374
51378
51384
51389
51397
51411
51414
51419
51423
51426
51436
51441
51445
51458
51459
51461
51466
51471
51472
51481
51484
51485
51488
51494
51501
51505
51506
51531
51542
51547
51554
51559
51565
51571
51572
51590
51596
51598
51600
51613
51615
51616
51629
51630
51636
51637
51642
51649
51653
51655
51663
51669
51670
51673
51674
51680
51681
51687
51689
51693
51698
51699
51701
51708
51722
51723
51725
51728
51740
51741
51743
51747
51749
51753
51755
51765
51766
51769
51772
51779
51784
51786
51787
51791
51797
51800
51807
51818
51821
51828
51830
51833
51834
51837
51838
51842
51846
51853
51858
51866
51869
51870
51875
51882
51886
51887
51891
51905
51907
51908
51914
51917
51919
51924
51928
51933
51934
51936
51944
51946
51951
51955
51959
51972
51981
51989
51990
51993
51997
52000
52004
52008
52023
52025
52029
52031
52034
52038
52039
52050
52051
52059
52065
52074
52078
52083
52086
52090
52091
52095
52097
52103
52112
52114
52116
52117
52122
52126
52127
52128
52145
52147
52150
52158
52160
52163
52165
52170
52173
52176
52183
52186
52187
52189
52195
52205
52206
52210
52215
52217
52226
52227
52232
52237
52240
52242
52251
52260
52272
52274
52276
52299
52309
52311
52319
52321
52322
52326
52330
52336
52344
52345
52358
52368
52369
52370
52377
52378
52383
52393
52402
52403
52404
52423
52424
52430
52440
52442
52446
52447
52452
52457
52460
52462
52469
52473
52477
52478
52481
52495
52497
52499
52500
52501
52511
52512
52514
52515
52522
52523
52543
52546
52550
52559
52560
52574
52577
52586
52587
52589
52596
52606
52615
52621
52626
52637
52638
52658
52660
52664
52666
52672
52681
52692
52695
52696
52703
52708
52714
52715
52716
52718
52723
52742
52746
52750
52762
52768
52769
52779
52781
52785
52790
52791
52800
52805
52809
52817
52818
52832
52833
52841
52847
52848
52849
52867
52880
52881
52885
52886
52893
52899
52901
52905
52916
52919
52920
52921
52928
52929
52936
52937
52944
52957
52958
52963
52967
52973
52976
52978
52980
52986
52988
52990
52997
53000
53001
53004
53007
53008
53012
53015
53021
53028
53031
53040
53041
53042
53050
53053
53056
53058
53068
53071
53076
53081
53084
53091
53101
53109
53111
53115
53117
53119
53127
53128
53129
53134
53144
53150
53151
53155
53163
53166
53170
53177
53179
53188
53189
53203
53217
53220
53227
53232
53236
53239
53242
53247
53249
53266
53275
53276
53279
53284
53289
53297
53308
53312
53313
53318
53321
53324
53326
53334
53342
53343
53354
53356
53360
53368
53372
53381
53388
53389
53393
53402
53406
53409
53418
53420
53428
53431
53444
53447
53449
53452
53460
53467
53468
53478
53479
53482
53486
53501
53503
53506
53516
53517
53525
53541
53553
53561
53575
53584
53588
53591
53602
53610
53611
53613
53617
53629
53637
53650
53655
53660
53665
53667
53670
53673
53677
53682
53683
53684
53696
53705
53708
53711
53718
53724
53733
53743
53744
53767
53769
53776
53777
53778
53786
53791
53800
53801
53803
53805
53806
53810
53816
53829
53833
53842
53844
53846
53851
53858
53859
53863
53864
53867
53870
53876
53883
53885
53889
53892
53893
53895
53897
53898
53907
53917
53919
53921
53925
53934
53935
53938
53948
53954
53958
53959
53960
53971
53977
53992
53994
54001
54006
54007
54008
54015
54018
54021
54026
54028
54040
54047
54055
54063
54069
54070
54071
54076
54082
54086
54090
54092
54094
54096
54098
54102
54110
54118
54119
54125
54127
54129
54130
54139
54141
54145
54153
54155
54158
54165
54166
54179
54180
54198
54204
54209
54212
54222
54233
54236
54240
54252
54256
54259
54264
54266
54273
54282
54283
54286
54288
54290
54295
54296
54308
54309
54310
54320
54341
54350
54360
54361
54365
54368
54379
54383
54391
54393
54396
54399
54403
54408
54413
54422
54432
54434
54439
54457
54460
54463
54466
54474
54475
54476
54494
54500
54505
54510
54513
54527
54530
54536
54540
54544
54549
54553
54561
54564
54576
54586
54588
54589
54591
54595
54601
54604
54613
54617
54628
54635
54636
54643
54646
54650
54652
54655
54658
54664
54672
54681
54688
54690
54699
54708
54714
54732
54736
54739
54747
54750
54755
54763
54772
54783
54784
54793
54795
54796
54797
54803
54808
54812
54814
54819
54825
54828
54843
54845
54854
54861
54863
54872
54875
54886
54889
54891
54896
54907
54909
54913
54918
54920
54923
54929
54931
54939
54944
54956
54959
54963
54966
54969
54971
54977
54980
54981
54987
54988
54990
54998
55011
55024
55028
55029
55033
55035
55037
55041
55045
55048
55064
55068
55072
55076
55079
55082
55084
55085
55087
55092
55095
55097
55101
55102
55112
55119
55127
55131
55133
55136
55137
55143
55145
55164
55175
55182
55186
55190
55198
55204
55213
55226
55231
55242
55245
55247
55252
55253
55265
55270
55272
55285
55294
55299
55301
55308
55314
55315
55329
55337
55338
55346
55348
55354
55357
55363
55364
55375
55383
55389
55392
55407
55409
55411
55420
55430
55432
55434
55435
55436
55437
55449
55457
55459
55460
55468
55483
55485
55492
55493
55499
55500
55502
55503
55511
55513
55518
55519
55520
55525
55529
55533
55536
55538
55543
55548
55553
55561
55567
55571
55578
55580
55582
55584
55593
55606
55612
55615
55620
55630
55631
55634
55638
55648
55649
55650
55667
55675
55680
55682
55685
55702
55711
55713
55714
55719
55730
55742
55743
55748
55749
55754
55756
55758
55766
55771
55775
55776
55787
55804
55814
55816
55825
55830
55836
55843
55844
55847
55851
55854
55860
55867
55869
55871
55875
55876
55877
55880
55887
55889
55893
55894
55907
55909
55912
55917
55920
55923
55924
55927
55928
55929
55934
55941
55943
55949
55951
55954
55955
55961
55967
55968
55976
55982
55988
55992
55996
56002
56003
56008
56013
56020
56025
56029
56030
56039
56042
56044
56049
56057
56059
56065
56088
56100
56103
56108
56115
56124
56132
56142
56146
56149
56153
56160
56163
56166
56178
56186
56199
56202
56205
56210
56225
56226
56227
56231
56235
56243
56251
56257
56258
56260
56264
56270
56282
56295
56302
56304
56306
56311
56312
56313
56325
56331
56336
56346
56353
56357
56358
56366
56369
56373
56374
56381
56388
56393
56398
56411
56415
56418
56419
56420
56424
56427
56444
56450
56459
56463
56465
56468
)


// ************************************************************************* //
