/*--------------------------------*- C++ -*----------------------------------*\
| =========                 |                                                 |
| \\      /  F ield         | OpenFOAM: The Open Source CFD Toolbox           |
|  \\    /   O peration     | Version:  3.0.1                                 |
|   \\  /    A nd           | Web:      www.OpenFOAM.org                      |
|    \\/     M anipulation  |                                                 |
\*---------------------------------------------------------------------------*/
FoamFile
{
    version     2.0;
    format      ascii;
    class       labelList;
    location    "constant/polyMesh";
    object      cellProcAddressing;
}
// * * * * * * * * * * * * * * * * * * * * * * * * * * * * * * * * * * * * * //


10440
(
0
1
2
3
4
5
6
7
8
9
10
11
12
13
14
15
16
17
18
19
20
21
22
23
24
25
26
27
28
29
30
31
32
33
34
35
36
37
38
39
40
41
42
43
44
45
46
47
48
49
50
51
52
53
54
55
56
57
58
59
60
61
62
63
64
65
66
67
68
69
70
71
72
73
74
75
76
77
78
79
80
81
82
83
84
85
86
87
88
89
90
91
92
93
94
95
96
97
98
99
100
101
102
103
104
105
106
107
108
109
110
111
112
113
114
115
116
117
118
119
120
121
122
123
124
125
126
127
128
129
130
131
132
133
134
135
136
137
138
139
140
141
142
143
144
145
146
147
148
149
150
151
152
153
154
155
156
157
158
159
160
161
162
163
164
165
166
167
168
169
170
171
172
173
174
175
176
177
178
179
180
181
182
183
184
185
186
187
188
189
190
191
192
193
194
195
196
197
198
199
200
201
202
203
204
205
206
207
208
209
210
211
212
213
214
215
216
217
218
219
220
221
222
223
224
225
226
227
228
229
230
231
232
233
234
235
236
237
238
239
240
241
242
243
244
245
246
247
248
249
250
251
252
253
254
255
256
257
258
259
260
261
262
263
264
265
266
267
268
269
270
271
272
273
274
275
276
277
278
279
280
281
282
283
284
285
286
287
288
289
290
291
292
293
294
295
296
297
298
299
300
301
302
303
304
305
306
307
308
309
310
311
312
313
314
315
316
317
318
319
320
321
322
323
324
325
326
327
328
329
330
331
332
333
334
335
336
337
338
339
340
341
342
343
344
345
346
347
348
349
350
351
352
353
354
355
356
357
358
359
360
361
362
363
364
365
366
367
368
369
370
371
372
373
374
375
376
377
378
379
380
381
382
383
384
385
386
387
388
389
390
391
392
393
394
395
396
397
398
399
400
401
402
403
404
405
406
407
408
409
410
411
412
413
414
415
416
417
418
419
420
421
422
423
424
425
426
427
428
429
430
431
432
433
434
435
436
437
438
439
440
441
442
443
444
445
446
447
448
449
450
451
452
453
454
455
456
457
458
459
460
461
462
463
464
465
466
467
468
469
470
471
472
473
474
475
476
477
478
479
480
481
482
483
484
485
486
487
488
489
490
491
492
493
494
495
496
497
498
499
500
501
502
503
504
505
506
507
508
509
510
511
512
513
514
515
516
517
518
519
520
521
522
523
524
525
526
527
528
529
530
531
532
533
534
535
536
537
538
539
540
541
542
543
544
545
546
547
548
549
550
551
552
553
554
555
556
557
558
559
560
561
562
563
564
565
566
567
568
569
570
571
572
573
574
575
576
577
578
579
580
581
582
583
584
585
586
587
588
589
590
591
592
593
594
595
596
597
598
599
600
601
602
603
604
605
606
607
608
609
610
611
612
613
614
615
616
617
618
619
620
621
622
623
624
625
626
627
628
629
630
631
632
633
634
635
636
637
638
639
640
641
642
643
644
645
646
647
648
649
650
651
652
653
654
655
656
657
658
659
660
661
662
663
664
665
666
667
668
669
670
671
672
673
674
675
676
677
678
679
680
681
682
683
684
685
686
687
688
689
690
691
692
693
694
695
696
697
698
699
700
701
702
703
704
705
706
707
708
709
710
711
712
713
714
715
716
717
718
719
720
721
722
723
724
725
726
727
728
729
730
731
732
733
734
735
736
737
738
739
740
741
742
743
744
745
746
747
748
749
750
751
752
753
754
755
756
757
758
759
760
761
762
763
764
765
766
767
768
769
770
771
772
773
774
775
776
777
778
779
780
781
782
783
784
785
786
787
788
789
790
791
792
793
794
795
796
797
798
799
800
801
802
803
804
805
806
807
808
809
810
811
812
813
814
815
816
817
818
819
820
821
822
823
824
825
826
827
828
829
830
831
832
833
834
835
836
837
838
839
840
841
842
843
844
845
846
847
848
849
850
851
852
853
854
855
856
857
858
859
860
861
862
863
864
865
866
867
868
869
870
871
872
873
874
875
876
877
878
879
880
881
882
883
884
885
886
887
888
889
890
891
892
893
894
895
896
897
898
899
900
901
902
903
904
905
906
907
908
909
910
911
912
913
914
915
916
917
918
919
920
921
922
923
924
925
926
927
928
929
930
931
932
933
934
935
936
937
938
939
940
941
942
943
944
945
946
947
948
949
950
951
952
953
954
955
956
957
958
959
960
961
962
963
964
965
966
967
968
969
970
971
972
973
974
975
976
977
978
979
980
981
982
983
984
985
986
987
988
989
990
991
992
993
994
995
996
997
998
999
1000
1001
1002
1003
1004
1005
1006
1007
1008
1009
1010
1011
1012
1013
1014
1015
1016
1017
1018
1019
1020
1021
1022
1023
1024
1025
1026
1027
1028
1029
1030
1031
1032
1033
1034
1035
1036
1037
1038
1039
1040
1041
1042
1043
1044
1045
1046
1047
1048
1049
1050
1051
1052
1053
1054
1055
1056
1057
1058
1059
1060
1061
1062
1063
1064
1065
1066
1067
1068
1069
1070
1071
1072
1073
1074
1075
1076
1077
1078
1079
1080
1081
1082
1083
1084
1085
1086
1087
1088
1089
1090
1091
1092
1093
1094
1095
1096
1097
1098
1099
1100
1101
1102
1103
1104
1105
1106
1107
1108
1109
1110
1111
1112
1113
1114
1115
1116
1117
1118
1119
1120
1121
1122
1123
1124
1125
1126
1127
1128
1129
1130
1131
1132
1133
1134
1135
1136
1137
1138
1139
1140
1141
1142
1143
1144
1145
1146
1147
1148
1149
1150
1151
1152
1153
1154
1155
1156
1157
1158
1159
1160
1161
1162
1163
1164
1165
1166
1167
1168
1169
1170
1171
1172
1173
1174
1175
1176
1177
1178
1179
1180
1181
1182
1183
1184
1185
1186
1187
1188
1189
1190
1191
1192
1193
1194
1195
1196
1197
1198
1199
1200
1201
1202
1203
1204
1205
1206
1207
1208
1209
1210
1211
1212
1213
1214
1215
1216
1217
1218
1219
1220
1221
1222
1223
1224
1225
1226
1227
1228
1229
1230
1231
1232
1233
1234
1235
1236
1237
1238
1239
1240
1241
1242
1243
1244
1245
1246
1247
1248
1249
1250
1251
1252
1253
1254
1255
1256
1257
1258
1259
1260
1261
1262
1263
1264
1265
1266
1267
1268
1269
1270
1271
1272
1273
1274
1275
1276
1277
1278
1279
1280
1281
1282
1283
1284
1285
1286
1287
1288
1289
1290
1291
1292
1293
1294
1295
1296
1297
1298
1299
1300
1301
1302
1303
1304
1305
1306
1307
1308
1309
1310
1311
1312
1313
1314
1315
1316
1317
1318
1319
1320
1321
1322
1323
1324
1325
1326
1327
1328
1329
1330
1331
1332
1333
1334
1335
1336
1337
1338
1339
1340
1341
1342
1343
1344
1345
1346
1347
1348
1349
1350
1351
1352
1353
1354
1355
1356
1357
1358
1359
1360
1361
1362
1363
1364
1365
1366
1367
1372
1373
1374
1375
1376
1377
1378
1379
1380
1381
1382
1383
1384
1385
1386
1387
1388
1389
1390
1391
1392
1393
1394
1395
1396
1397
1398
1399
1400
1401
1402
1403
1404
1405
1406
1407
1408
1409
1410
1411
1421
1422
1423
1424
1425
1426
1427
1428
1429
1430
1431
1432
1433
1434
1435
1436
1437
1438
1439
1440
1441
1442
1443
1444
1445
1446
1447
1448
1449
1450
1451
1452
1470
1471
1472
1473
1474
1475
1476
1477
1478
1479
2401
2402
2403
2404
2405
2406
2407
2408
2409
2410
2411
2412
2413
2414
2415
2416
2417
2418
2419
2420
2421
2422
2423
2424
2425
2426
2427
2428
2429
2430
2431
2432
2433
2434
2435
2436
2437
2438
2439
2440
2441
2442
2443
2444
2445
2446
2447
2448
2449
2450
2451
2452
2453
2454
2455
2456
2457
2458
2459
2460
2461
2462
2463
2464
2465
2466
2467
2468
2469
2470
2471
2472
2473
2474
2475
2476
2477
2478
2479
2480
2481
2482
2483
2484
2485
2486
2487
2488
2489
2490
2491
2492
2493
2494
2495
2496
2497
2498
2499
2500
2501
2502
2503
2504
2505
2506
2507
2508
2509
2510
2511
2512
2513
2514
2515
2516
2517
2518
2519
2520
2521
2522
2523
2524
2525
2526
2527
2528
2529
2530
2531
2532
2533
2534
2535
2536
2537
2538
2539
2540
2541
2542
2543
2544
2545
2546
2547
2548
2549
2550
2551
2552
2553
2554
2555
2556
2557
2558
2559
2560
2561
2562
2563
2564
2565
2566
2567
2568
2569
2570
2571
2572
2573
2574
2575
2576
2577
2578
2579
2580
2581
2582
2583
2584
2585
2586
2587
2588
2589
2590
2591
2592
2593
2594
2595
2596
2597
2598
2599
2600
2601
2602
2603
2604
2605
2606
2607
2608
2609
2610
2611
2612
2613
2614
2615
2616
2617
2618
2619
2620
2621
2622
2623
2624
2625
2626
2627
2628
2629
2630
2631
2632
2633
2634
2635
2636
2637
2638
2639
2640
2641
2642
2643
2644
2645
2646
2647
2648
2649
2650
2651
2652
2653
2654
2655
2656
2657
2658
2659
2660
2661
2662
2663
2664
2665
2666
2667
2668
2669
2670
2671
2672
2673
2674
2675
2676
2677
2678
2679
2680
2681
2682
2683
2684
2685
2686
2687
2688
2689
2690
2691
2692
2693
2694
2695
2696
2697
2698
2699
2700
2701
2702
2703
2704
2705
2706
2707
2708
2709
2710
2711
2712
2713
2714
2715
2716
2717
2718
2719
2720
2721
2722
2723
2724
2725
2726
2727
2728
2729
2730
2731
2732
2733
2734
2735
2736
2737
2738
2739
2740
2741
2742
2743
2744
2745
2746
2747
2748
2749
2750
2751
2752
2753
2754
2755
2756
2757
2758
2759
2760
2761
2762
2763
2764
2765
2766
2767
2768
2769
2770
2771
2772
2773
2774
2775
2776
2777
2778
2779
2780
2781
2782
2783
2784
2785
2786
2787
2788
2789
2790
2791
2792
2793
2794
2795
2796
2797
2798
2799
2800
2801
2802
2803
2804
2805
2806
2807
2808
2809
2810
2811
2812
2813
2814
2815
2816
2817
2818
2819
2820
2821
2822
2823
2824
2825
2826
2827
2828
2829
2830
2831
2832
2833
2834
2835
2836
2837
2838
2839
2840
2841
2842
2843
2844
2845
2846
2847
2848
2849
2850
2851
2852
2853
2854
2855
2856
2857
2858
2859
2860
2861
2862
2863
2864
2865
2866
2867
2868
2869
2870
2871
2872
2873
2874
2875
2876
2877
2878
2879
2880
2881
2882
2883
2884
2885
2886
2887
2888
2889
2890
2891
2892
2893
2894
2895
2896
2897
2898
2899
2900
2901
2902
2903
2904
2905
2906
2907
2908
2909
2910
2911
2912
2913
2914
2915
2916
2917
2918
2919
2920
2921
2922
2923
2924
2925
2926
2927
2928
2929
2930
2931
2932
2933
2934
2935
2936
2937
2938
2939
2940
2941
2942
2943
2944
2945
2946
2947
2948
2949
2950
2951
2952
2953
2954
2955
2956
2957
2958
2959
2960
2961
2962
2963
2964
2965
2966
2967
2968
2969
2970
2971
2972
2973
2974
2975
2976
2977
2978
2979
2980
2981
2982
2983
2984
2985
2986
2987
2988
2989
2990
2991
2992
2993
2994
2995
2996
2997
2998
2999
3000
3001
3002
3003
3004
3005
3006
3007
3008
3009
3010
3011
3012
3013
3014
3015
3016
3017
3018
3019
3020
3021
3022
3023
3024
3025
3026
3027
3028
3029
3030
3031
3032
3033
3034
3035
3036
3037
3038
3039
3040
3041
3042
3043
3044
3045
3046
3047
3048
3049
3050
3051
3052
3053
3054
3055
3056
3057
3058
3059
3060
3061
3062
3063
3064
3065
3066
3067
3068
3069
3070
3071
3072
3073
3074
3075
3076
3077
3078
3079
3080
3081
3082
3083
3084
3085
3086
3087
3088
3089
3090
3091
3092
3093
3094
3095
3096
3097
3098
3099
3100
3101
3102
3103
3104
3105
3106
3107
3108
3109
3110
3111
3112
3113
3114
3115
3116
3117
3118
3119
3120
3121
3122
3123
3124
3125
3126
3127
3128
3129
3130
3131
3132
3133
3134
3135
3136
3137
3138
3139
3140
3141
3142
3143
3144
3145
3146
3147
3148
3149
3150
3151
3152
3153
3154
3155
3156
3157
3158
3159
3160
3161
3162
3163
3164
3165
3166
3167
3168
3169
3170
3171
3172
3173
3174
3175
3176
3177
3178
3179
3180
3181
3182
3183
3184
3185
3186
3187
3188
3189
3190
3191
3192
3193
3194
3195
3196
3197
3198
3199
3200
3201
3202
3203
3204
3205
3206
3207
3208
3209
3210
3211
3212
3213
3214
3215
3216
3217
3218
3219
3220
3221
3222
3223
3224
3225
3226
3227
3228
3229
3230
3231
3232
3233
3234
3235
3236
3237
3238
3239
3240
3241
3242
3243
3244
3245
3246
3247
3248
3249
3250
3251
3252
3253
3254
3255
3256
3257
3258
3259
3260
3261
3262
3263
3264
3265
3266
3267
3268
3269
3270
3271
3272
3273
3274
3275
3276
3277
3278
3279
3280
3281
3282
3283
3284
3285
3286
3287
3288
3289
3290
3291
3292
3293
3294
3295
3296
3297
3298
3299
3300
3301
3302
3303
3304
3305
3306
3307
3308
3309
3310
3311
3312
3313
3314
3315
3316
3317
3318
3319
3320
3321
3322
3323
3324
3325
3326
3327
3328
3329
3330
3331
3332
3333
3334
3335
3336
3337
3338
3339
3340
3341
3342
3343
3344
3345
3346
3347
3348
3349
3350
3351
3352
3353
3354
3355
3356
3357
3358
3359
3360
3361
3362
3363
3364
3365
3366
3367
3368
3369
3370
3371
3372
3373
3374
3375
3376
3377
3378
3379
3380
3381
3382
3383
3384
3385
3386
3387
3388
3389
3390
3391
3392
3393
3394
3395
3396
3397
3398
3399
3400
3401
3402
3403
3404
3405
3406
3407
3408
3409
3410
3411
3412
3413
3414
3415
3416
3417
3418
3419
3420
3421
3422
3423
3424
3425
3426
3427
3428
3429
3430
3431
3432
3433
3434
3435
3436
3437
3438
3439
3440
3441
3442
3443
3444
3445
3446
3447
3448
3449
3450
3451
3452
3453
3454
3455
3456
3457
3458
3459
3460
3461
3462
3463
3464
3465
3466
3467
3468
3469
3470
3471
3472
3473
3474
3475
3476
3477
3478
3479
3480
3481
3482
3483
3484
3485
3486
3487
3488
3489
3490
3491
3492
3493
3494
3495
3496
3497
3498
3499
3500
3501
3502
3503
3504
3505
3506
3507
3508
3509
3510
3511
3512
3513
3514
3515
3516
3517
3518
3519
3520
3521
3522
3523
3524
3525
3526
3527
3528
3529
3530
3531
3532
3533
3534
3535
3536
3537
3538
3539
3540
3541
3542
3543
3544
3545
3546
3547
3548
3549
3550
3551
3552
3553
3554
3555
3556
3557
3558
3559
3560
3561
3562
3563
3564
3565
3566
3567
3568
3569
3570
3571
3572
3573
3574
3575
3576
3577
3578
3579
3580
3581
3582
3583
3584
3585
3586
3587
3588
3589
3590
3591
3592
3593
3594
3595
3596
3597
3598
3599
3600
3601
3602
3603
3604
3605
3606
3607
3608
3609
3610
3611
3612
3613
3614
3615
3616
3617
3618
3619
3620
3621
3622
3623
3624
3625
3626
3627
3628
3629
3630
3631
3632
3633
3634
3635
3636
3637
3638
3639
3640
3641
3642
3643
3644
3645
3646
3647
3648
3649
3650
3651
3652
3653
3654
3655
3656
3657
3658
3659
3660
3661
3662
3663
3664
3665
3666
3667
3668
3669
3670
3671
3672
3673
3674
3675
3676
3677
3678
3679
3680
3681
3682
3683
3684
3685
3686
3687
3688
3689
3690
3691
3692
3693
3694
3695
3696
3697
3698
3699
3700
3701
3702
3703
3704
3705
3706
3707
3708
3709
3710
3711
3712
3713
3714
3715
3716
3717
3718
3719
3720
3721
3722
3723
3724
3725
3726
3727
3728
3729
3730
3731
3732
3733
3734
3735
3736
3737
3738
3739
3740
3741
3742
3743
3744
3745
3746
3747
3748
3749
3750
3751
3752
3753
3754
3755
3756
3757
3758
3759
3760
3761
3762
3763
3764
3765
3766
3767
3768
3773
3774
3775
3776
3777
3778
3779
3780
3781
3782
3783
3784
3785
3786
3787
3788
3789
3790
3791
3792
3793
3794
3795
3796
3797
3798
3799
3800
3801
3802
3803
3804
3805
3806
3807
3808
3809
3810
3811
3822
3823
3824
3825
3826
3827
3828
3829
3830
3831
3832
3833
3834
3835
3836
3837
3838
3839
3840
3841
3842
3843
3844
3845
3846
3847
3848
3849
3850
3851
14013
14062
14111
14160
14209
14258
14307
14356
14406
14407
14408
14409
14410
14411
14412
14415
14416
14417
14418
14419
14420
14421
14424
14425
14426
14427
14428
14429
14430
14433
14434
14435
14436
14437
14438
14439
14442
14443
14444
14445
14446
14447
14451
14452
14453
14454
14455
14456
14460
14461
14462
14463
14464
14465
14469
14470
14471
14472
14473
14474
14478
14479
14480
14481
14482
14483
14487
14488
14489
14490
14491
14492
14493
14496
14497
14498
14499
14500
14501
14502
14505
14506
14507
14508
14509
14510
14511
14514
14515
14516
14517
14518
14519
14520
14523
14524
14525
14526
14527
14528
14532
14533
14534
14535
14536
14537
14541
14542
14543
14544
14545
14546
14550
14551
14552
14553
14554
14555
14559
14560
14561
14562
14563
14564
14578
14580
14597
14600
14605
14607
14609
14610
14611
14614
14619
14620
14627
14630
14631
14632
14633
14634
14635
14640
14648
14652
14654
14657
14659
14663
14667
14669
14673
14682
14689
14694
14696
14698
14701
14704
14711
14715
14716
14727
14731
14740
14747
14749
14752
14755
14759
14762
14768
14775
14783
14784
14787
14788
14794
14802
14806
14823
14824
14843
14847
14852
14853
14859
14864
14868
14870
14871
14873
14876
14879
14894
14897
14902
14912
14915
14918
14919
14928
14931
14938
14951
14953
14955
14959
14966
14968
14973
14976
14989
14990
14994
14996
14999
15001
15005
15011
15015
15024
15027
15033
15046
15051
15052
15054
15058
15062
15063
15081
15084
15086
15093
15096
15099
15111
15119
15121
15125
15126
15127
15128
15132
15137
15139
15140
15148
15158
15161
15168
15169
15175
15180
15193
15201
15205
15210
15216
15217
15219
15223
15226
15248
15250
15251
15258
15269
15270
15272
15277
15280
15286
15287
15290
15293
15295
15298
15300
15303
15307
15319
15324
15331
15348
15351
15352
15355
15356
15357
15358
15359
15369
15377
15379
15383
15389
15394
15400
15402
15409
15410
15412
15413
15414
15420
15431
15434
15449
15450
15455
15456
15462
15472
15477
15485
15490
15492
15496
15500
15511
15512
15526
15528
15537
15544
15557
15560
15562
15565
15571
15574
15577
15596
15598
15602
15613
15617
15618
15620
15627
15630
15636
15641
15642
15650
15669
15682
15694
15697
15699
15702
15708
15711
15723
15726
15728
15734
15738
15739
15742
15755
15759
15764
15766
15772
15774
15781
15784
15790
15795
15800
15802
15806
15809
15812
15816
15818
15821
15824
15827
15839
15842
15849
15856
15859
15860
15866
15869
15875
15881
15901
15904
15911
15916
15922
15929
15933
15941
15969
15975
15984
15987
15991
15993
15995
15996
15998
16003
16008
16016
16020
16029
16033
16034
16035
16041
16042
16046
16047
16053
16066
16068
16078
16080
16086
16087
16094
16097
16110
16120
16123
16125
16127
16131
16144
16146
16158
16160
16169
16171
16172
16173
16174
16181
16182
16192
16193
16196
16203
16204
16206
16207
16223
16226
16232
16256
16257
16258
16268
16270
16272
16276
16278
16290
16291
16292
16294
16296
16308
16311
16326
16327
16330
16332
16337
16341
16342
16344
16347
16350
16354
16359
16368
16370
16371
16374
16381
16384
16394
16400
16405
16408
16411
16413
16419
16435
16437
16438
16449
16457
16462
16468
16469
16473
16490
16493
16500
16505
16506
16509
16511
16513
16519
16520
16540
16546
16550
16553
16556
16559
16562
16563
16568
16569
16576
16583
16588
16590
16594
16597
16598
16599
16600
16611
16613
16622
16626
16628
16637
16641
16651
16655
16658
16659
16661
16664
16665
16667
16668
16669
16677
16678
16683
16686
16699
16700
16703
16710
16714
16715
16716
16722
16727
16733
16737
16740
16745
16747
16748
16754
16758
16763
16770
16773
16777
16790
16793
16801
16807
16814
16819
16821
16832
16837
16846
16851
16852
16866
16869
16871
16880
16882
16891
16897
16899
16900
16901
16906
16911
16912
16916
16920
16927
16936
16937
16938
16944
16949
16964
16972
16978
16986
16994
17000
17002
17006
17007
17011
17012
17014
17022
17025
17031
17032
17034
17037
17049
17055
17059
17065
17066
17071
17075
17091
17093
17094
17095
17105
17122
17137
17138
17145
17147
17151
17152
17155
17162
17170
17174
17176
17180
17184
17186
17188
17192
17193
17194
17196
17201
17206
17208
17211
17215
17220
17225
17226
17235
17241
17242
17244
17251
17259
17261
17269
17273
17276
17277
17279
17287
17289
17292
17298
17301
17303
17311
17312
17314
17315
17330
17334
17337
17339
17340
17351
17352
17354
17355
17360
17368
17373
17387
17388
17389
17391
17397
17399
17406
17415
17418
17423
17428
17432
17437
17439
17445
17447
17449
17459
17464
17467
17481
17485
17486
17499
17501
17503
17511
17512
17513
17516
17517
17521
17524
17525
17547
17551
17554
17561
17567
17572
17576
17578
17586
17597
17598
17599
17600
17601
17602
17608
17618
17626
17636
17637
17639
17643
17647
17653
17654
17655
17666
17672
17679
17681
17683
17700
17715
17719
17724
17732
17742
17743
17744
17746
17747
17750
17751
17762
17767
17771
17777
17787
17791
17797
17802
17804
17807
17811
17816
17817
17829
17831
17836
17844
17848
17855
17857
17859
17863
17865
17868
17881
17882
17883
17887
17888
17890
17892
17895
17896
17903
17904
17913
17915
17920
17929
17934
17937
17943
17954
17956
17961
17963
17964
17965
17967
17968
17979
17982
17984
17988
17995
18001
18003
18008
18016
18023
18032
18048
18050
18051
18058
18067
18070
18074
18075
18090
18094
18098
18102
18121
18125
18127
18129
18134
18135
18137
18140
18144
18157
18165
18166
18176
18177
18181
18191
18193
18203
18209
18215
18221
18238
18245
18247
18248
18257
18274
18283
18289
18295
18297
18306
18308
18320
18323
18343
18347
18350
18360
18370
18372
18374
18377
18378
18382
18387
18396
18398
18401
18404
18405
18410
18412
18416
18417
18419
18422
18428
18430
18432
18440
18441
18447
18451
18453
18456
18471
18478
18487
18495
18496
18497
18504
18515
18519
18521
18523
18533
18535
18537
18558
18562
18563
18571
18572
18579
18589
18601
18603
18606
18609
18611
18613
18616
18620
18622
18627
18633
18634
18648
18653
18673
18674
18675
18681
18686
18687
18691
18692
18703
18704
18705
18706
18707
18712
18713
18724
18728
18735
18737
18742
18756
18769
18774
18778
18780
18802
18804
18805
18822
18825
18829
18830
18838
18844
18847
18850
18858
18861
18863
18864
18866
18869
18875
18878
18879
18884
18887
18895
18900
18902
18913
18919
18924
18930
18935
18936
18940
18943
18944
18945
18948
18950
18960
18961
18969
18974
18977
18982
18986
18992
19001
19002
19003
19009
19017
19022
19025
19029
19032
19036
19041
19044
19047
19060
19062
19074
19076
19078
19083
19088
19091
19099
19100
19102
19103
19111
19118
19119
19124
19125
19130
19132
19133
19135
19136
19143
19144
19149
19152
19154
19158
19161
19163
19164
19171
19180
19184
19191
19193
19195
19201
19204
19209
19210
19213
19215
19218
19219
19224
19231
19249
19251
19253
19260
19271
19278
19279
19287
19291
19295
19303
19304
19309
19311
19312
19317
19322
19323
19327
19331
19333
19337
19349
19351
19355
19359
19362
19363
19364
19367
19370
19372
19376
19386
19388
19389
19397
19411
19414
19417
19435
19443
19455
19458
19463
19466
19467
19476
19484
19496
19502
19504
19506
19515
19517
19519
19528
19529
19531
19538
19541
19551
19558
19560
19571
19578
19583
19587
19590
19591
19594
19598
19599
19605
19615
19620
19624
19625
19628
19631
19635
19637
19639
19641
19645
19650
19652
19664
19672
19676
19678
19693
19694
19697
19699
19701
19702
19713
19714
19715
19724
19725
19727
19728
19729
19731
19733
19734
19745
19749
19750
19751
19752
19753
19788
19789
19790
19808
19811
19815
19817
19821
19837
19842
19844
19845
19848
19849
19850
19857
19859
19861
19864
19865
19867
19873
19885
19894
19901
19902
19903
19927
19931
19933
19935
19936
19937
19938
19939
19945
19949
19956
19966
19976
19978
19979
19980
19982
19984
19987
19989
19995
19998
20002
20005
20011
20013
20026
20028
20031
20034
20038
20046
20054
20056
20060
20064
20066
20070
20072
20073
20075
20076
20082
20084
20086
20087
20098
20101
20102
20107
20117
20124
20125
20127
20140
20152
20153
20159
20160
20161
20165
20175
20178
20182
20183
20185
20188
20190
20203
20207
20208
20223
20234
20241
20246
20250
20254
20256
20261
20263
20265
20266
20270
20277
20280
20284
20286
20294
20306
20310
20311
20316
20326
20337
20346
20349
20351
20353
20356
20357
20361
20369
20372
20378
20389
20390
20395
20396
20399
20409
20420
20424
20427
20429
20431
20432
20436
20439
20445
20454
20469
20471
20477
20487
20491
20492
20493
20505
20512
20518
20526
20527
20528
20534
20539
20541
20548
20549
20556
20557
20561
20564
20568
20569
20575
20577
20581
20582
20585
20587
20592
20602
20610
20614
20619
20621
20622
20623
20625
20631
20636
20640
20642
20646
20650
20658
20668
20669
20671
20674
20682
20685
20689
20696
20706
20708
20713
20714
20715
20722
20723
20732
20736
20737
20739
20743
20750
20755
20774
20777
20778
20781
20784
20811
20814
20816
20819
20820
20823
20826
20829
20832
20833
20839
20840
20841
20847
20850
20854
20864
20871
20874
20875
20877
20879
20880
20884
20894
20896
20909
20911
20915
20916
20920
20924
20925
20932
20941
20945
20946
20952
20953
20956
20957
20959
20972
20975
20978
20979
20980
20987
20993
21016
21018
21019
21022
21025
21033
21045
21054
21056
21058
21059
21063
21064
21079
21082
21085
21090
21099
21100
21102
21106
21108
21114
21116
21122
21123
21125
21126
21129
21132
21134
21137
21139
21146
21148
21152
21161
21162
21163
21164
21165
21166
21178
21179
21187
21189
21192
21194
21195
21199
21200
21203
21209
21211
21215
21231
21234
21237
21239
21240
21246
21248
21250
21252
21255
21257
21264
21265
21267
21268
21277
21282
21288
21290
21296
21297
21309
21313
21317
21319
21322
21329
21331
21334
21336
21340
21343
21347
21348
21350
21352
21353
21354
21358
21362
21363
21372
21374
21377
21379
21382
21389
21391
21395
21403
21405
21409
21413
21419
21421
21424
21430
21450
21454
21457
21460
21468
21469
21477
21488
21496
21502
21505
21507
21508
21516
21517
21520
21530
21534
21535
21537
21538
21553
21557
21558
21571
21572
21585
21586
21592
21594
21597
21600
21608
21611
21615
21617
21618
21621
21622
21623
21626
21630
21631
21632
21634
21642
21646
21651
21652
21655
21663
21664
21668
21673
21687
21689
21698
21704
21705
21706
21716
21717
21733
21735
21747
21750
21751
21753
21761
21777
21784
21785
21787
21788
21793
21799
21802
21805
21806
21808
21810
21822
21823
21824
21829
21831
21837
21841
21844
21852
21853
21857
21860
21866
21868
21870
21874
21876
21877
21882
21888
21897
21899
21900
21903
21910
21912
21915
21916
21928
21939
21949
21958
21962
21972
21974
21975
21977
21999
22000
22004
22008
22010
22014
22020
22029
22036
22038
22048
22054
22056
22059
22063
22071
22076
22083
22085
22101
22102
22103
22104
22105
22111
22113
22115
22116
22118
22121
22122
22127
22128
22134
22136
22142
22147
22150
22156
22157
22159
22160
22174
22175
22178
22186
22205
22214
22215
22224
22226
22232
22244
22246
22262
22265
22266
22267
22269
22271
22272
22273
22276
22280
22292
22300
22308
22310
22314
22315
22317
22321
22326
22327
22330
22331
22338
22340
22342
22343
22346
22349
22351
22355
22362
22363
22366
22368
22372
22377
22381
22390
22392
22394
22399
22400
22410
22421
22425
22430
22440
22441
22452
22455
22457
22460
22461
22462
22468
22470
22476
22485
22495
22497
22498
22499
22500
22507
22510
22511
22512
22518
22520
22521
22529
22532
22538
22539
22541
22551
22555
22558
22560
22564
22572
22574
22580
22590
22593
22598
22603
22606
22614
22616
22619
22622
22623
22624
22628
22629
22631
22633
22638
22639
22641
22644
22645
22651
22654
22664
22667
22669
22670
22674
22677
22689
22693
22696
22705
22706
22713
22715
22718
22722
22726
22728
22730
22739
22743
22749
22750
22759
22760
22765
22771
22773
22787
22794
22814
22820
22828
22832
22844
22847
22852
22859
22864
22867
22870
22874
22881
22882
22889
22897
22899
22905
22915
22916
22921
22925
22933
22935
22949
22954
22955
22957
22960
22963
22965
22974
22977
22986
22991
22996
23004
23018
23019
23029
23032
23038
23042
23043
23051
23052
23054
23058
23062
23066
23067
23069
23071
23076
23085
23088
23090
23097
23101
23102
23106
23109
23111
23114
23116
23122
23134
23135
23137
23144
23146
23147
23148
23150
23161
23162
23173
23177
23179
23181
23182
23184
23191
23198
23211
23212
23225
23231
23233
23237
23241
23249
23256
23258
23261
23262
23270
23279
23282
23288
23290
23293
23297
23302
23305
23311
23312
23324
23330
23334
23342
23344
23350
23352
23356
23360
23361
23367
23369
23376
23380
23385
23391
23392
23394
23395
23402
23404
23406
23410
23414
23416
23421
23423
23425
23428
23429
23432
23441
23442
23443
23446
23447
23455
23457
23467
23470
23471
23475
23486
23488
23489
23490
23496
23501
23508
23512
23515
23521
23522
23524
23534
23536
23540
23543
23545
23547
23553
23555
23558
23562
23569
23573
23575
23576
23581
23583
23584
23585
23587
23597
23599
23601
23602
23603
23606
23613
23617
23625
23627
23628
23630
23635
23640
23641
23643
23645
23646
23647
23652
23654
23655
23659
23661
23663
23664
23667
23668
23677
23679
23681
23688
23689
23696
23704
23711
23714
23716
23719
23720
23722
23726
23729
23731
23734
23736
23738
23739
23741
23742
23743
23746
23748
23750
23752
23755
23756
23758
23766
23768
23769
23771
23777
23781
23786
23795
23796
23798
23800
23809
23814
23824
23827
23829
23830
23842
23843
23847
23854
23860
23861
23864
23868
23869
23870
23871
23872
23883
23889
23890
23893
23898
23905
23907
23912
23913
23915
23916
23919
23923
23929
23932
23933
23934
23937
23938
23940
23941
23943
23945
23947
23949
23950
23956
23970
23973
23978
23982
23983
23990
23992
23994
23999
24002
24004
24009
24011
24014
24016
24017
24019
24021
24027
24030
24035
24036
24037
24038
24041
24043
24044
24047
24053
24059
24060
24061
24065
24067
24068
24072
24074
24076
24079
24082
24084
24089
24095
24102
24103
24104
24106
24107
24111
24115
24117
24119
24124
24129
24131
24133
24139
24142
24144
24147
24152
24154
24157
24158
24159
24162
24163
24165
24167
24168
24169
24173
24176
24184
24187
24188
24192
24198
24202
24209
24212
24216
24220
24222
24223
24224
24226
24227
24232
24233
24242
24243
24246
24248
24251
24252
24254
24255
24256
24257
24260
24261
24266
24270
24282
24286
24289
24292
24296
24300
24308
24311
24313
24322
24325
24327
24333
24335
24338
24339
24340
24347
24349
24351
24353
24354
24355
24357
24358
24364
24366
24370
24372
24374
24375
24380
24382
24385
24391
24393
24394
24398
24401
24407
24409
24416
24421
24425
24429
24435
24437
24438
24439
24442
24443
24446
24447
24449
24452
24454
24456
24459
24462
24463
24466
24467
24470
24471
24472
24473
24476
24480
24481
24486
24496
24500
24507
24508
24513
24516
24517
24518
24527
24528
24532
24536
24538
24545
24548
24549
24552
24556
24557
24558
24559
24562
24566
24568
24569
24573
24578
24584
24585
24595
24598
24600
24602
24604
24605
24610
24615
24616
24617
24622
24625
24626
24627
24629
24632
24638
24641
24644
24647
24650
24652
24653
24658
24661
24666
24667
24670
24672
24681
24682
24690
24698
24708
24709
24710
24716
24718
24724
24728
24734
24743
24745
24748
24757
24758
24759
24763
24767
24772
24774
24776
24780
24781
24783
24785
24786
24788
24791
24794
24797
24799
24800
24802
24803
24805
24809
24810
24811
24812
24820
24823
24825
24828
24830
24831
24832
24833
24834
24841
24843
24845
24846
24847
24849
24850
24852
24855
24867
24869
24870
24873
24875
24878
24880
24881
24886
24887
24889
24890
24896
24898
24900
24901
24904
24905
24907
24909
24913
24914
24924
24932
24941
24948
24949
24950
24952
24953
24959
24960
24972
24975
24978
24980
24982
24987
24988
24991
24995
24999
25008
25009
25011
25012
25016
25017
25019
25022
25024
25030
25036
25037
25053
25054
25058
25059
25063
25064
25070
25071
25076
25078
25081
25082
25083
25084
25087
25090
25093
25098
25100
25104
25105
25107
25109
25110
25111
25114
25117
25120
25121
25128
25132
25138
25141
25142
25144
25148
25151
25156
25157
25161
25177
25178
25179
25181
25184
25186
25187
25189
25192
25193
25195
25197
25198
25201
25202
25203
25206
25210
25214
25218
25219
25227
25229
25234
25235
25244
25247
25253
25256
25260
25262
25264
25265
25267
25270
25272
25273
25276
25277
25279
25282
25289
25296
25297
25299
25303
25305
25314
25317
25318
25319
25321
25324
25325
25338
25339
25344
25346
25347
25351
25353
25358
25359
25360
25362
25364
25366
25370
25380
25381
25387
25389
25396
25402
25403
25406
25407
25416
25420
25421
25422
25427
25429
25430
25433
25436
25438
25439
25440
25447
25451
25452
25455
25458
25459
25474
25475
25476
25479
25480
25481
25484
25485
25489
25490
25494
25495
25503
25506
25516
25517
25519
25524
25532
25533
25535
25536
25539
25540
25546
25547
25553
25556
25560
25562
25566
25573
25578
25579
25580
25586
25588
25590
25599
25601
25605
25607
25608
25611
25612
25613
25622
25627
25628
25631
25643
25646
25648
25650
25651
25654
25657
25660
25661
25662
25663
25671
25673
25674
25678
25679
25680
25685
25687
25690
25691
25692
25695
25696
25697
25701
25702
25703
25704
25705
25706
25709
25717
25718
25719
25726
25728
25730
25733
25734
25735
25740
25742
25748
25761
25763
25766
25768
25770
25771
25775
25776
25777
25779
25784
25788
25791
25793
25796
25800
25801
25803
25806
25808
25817
25819
25820
25823
25826
25827
25834
25839
25842
25845
25847
25848
25849
25856
25857
25863
25865
25869
25872
25873
25874
25876
25878
25880
25881
25888
25891
25892
25906
25908
25915
25916
25919
25920
25924
25925
25928
25930
25931
25933
25934
25937
25939
25941
25944
25948
25949
25950
25952
25953
25956
25957
25958
25966
25970
25973
25978
25982
25984
25985
25990
25993
25995
25996
26000
26003
26004
26007
26011
26016
26021
26023
26025
26030
26037
26054
26057
26059
26063
26064
26065
26076
26079
26080
26082
26086
26088
26094
26097
26108
26109
26111
26113
26115
26126
26128
26133
26136
26137
26139
26140
26143
26145
26146
26147
26148
26151
26153
26154
26158
26169
26179
26184
26185
26188
26190
26193
26196
26197
26200
26202
26203
26206
26207
26209
26211
26213
26216
26219
26221
26225
26231
26233
26236
26237
26240
26241
26246
26249
26250
26251
26254
26258
26262
26268
26270
26274
26277
26278
26285
26286
26288
26292
26294
26298
26300
26302
26304
26310
26314
26316
26324
26328
26335
26339
26340
26341
26344
26345
26346
26349
26353
26357
26358
26362
26366
26369
26373
26378
26390
26396
26398
26407
26412
26416
26417
26426
26432
26436
26438
26439
26442
26463
26466
26468
26469
26474
26480
26484
26486
26487
26488
26489
26491
26492
26493
26500
26502
26505
26507
26511
26515
26516
26517
26518
26519
26520
26523
26527
26528
26531
26534
26535
26536
26537
26539
26541
26544
26545
26546
26550
26552
26556
26559
26560
26561
26563
26567
26570
26571
26572
26574
26577
26579
26580
26592
26593
26596
26599
26603
26604
26607
26608
26610
26612
26624
26626
26630
26635
26638
26639
26640
26641
26643
26644
26646
26647
26649
26652
26653
26654
26657
26660
26662
26668
26670
26672
26673
26675
26677
26680
26686
26688
26691
26693
26695
26696
26702
26719
26723
26729
26733
26734
26736
26739
26740
26745
26747
26750
26751
26756
26764
26767
26770
26775
26777
26780
26785
26788
26796
26798
26799
26801
26807
26812
26814
26817
26820
26822
26826
26833
26842
26844
26846
26851
26854
26855
26859
26863
26865
26868
26873
26875
26877
26883
26887
26890
26895
26903
26906
26908
26912
26913
26919
26921
26923
26926
26932
26933
26934
26935
26937
26939
26948
26950
26952
26956
26964
26967
26968
26970
26976
26981
26982
26984
26986
26991
26994
26995
26996
26998
26999
27006
27007
27009
27010
27013
27018
27019
27020
27022
27026
27029
27031
27041
27044
27046
27047
27049
27051
27055
27057
27059
27066
27067
27069
27071
27073
27077
27079
27083
27087
27088
27090
27093
27095
27097
27101
27103
27105
27123
27124
27125
27126
27132
27134
27135
27138
27142
27144
27146
27149
27150
27153
27154
27160
27164
27168
27170
27172
27174
27179
27187
27188
27197
27200
27211
27212
27213
27215
27220
27226
27233
27235
27239
27243
27245
27251
27252
27254
27255
27256
27269
27270
27274
27275
27277
27279
27280
27282
27286
27287
27302
27303
27308
27312
27314
27316
27318
27319
27324
27325
27327
27329
27340
27343
27350
27354
27355
27357
27359
27361
27367
27369
27370
27371
27372
27375
27378
27380
27382
27383
27385
27387
27395
27400
27410
27424
27426
27429
27434
27436
27440
27442
27447
27455
27456
27457
27460
27465
27467
27469
27471
27475
27485
27487
27492
27493
27500
27501
27506
27508
27510
27511
27513
27518
27520
27522
27526
27528
27530
27533
27534
27536
27543
27544
27546
27551
27558
27561
27565
27569
27570
27571
27575
27577
27581
27583
27584
27589
27591
27592
27595
27596
27598
27602
27606
27610
27614
27621
27626
27628
27630
27631
27634
27636
27639
27641
27642
27649
27650
27653
27660
27663
27668
27672
27674
27676
27683
27689
27692
27693
27698
27700
27702
27706
27712
27718
27721
27724
27725
27726
27728
27730
27731
27733
27737
27738
27740
27742
27752
27753
27754
27755
27764
27768
27769
27772
27773
27776
27777
27778
27793
27794
27795
27806
27809
27810
27811
27813
27819
27820
27822
27829
27830
27831
27834
27835
27839
27840
27842
27843
27845
27846
27851
27852
27853
27855
27856
27859
27864
27867
27868
27886
27888
27891
27897
27912
27917
27919
27922
27926
27927
27928
27930
27932
27934
27938
27939
27941
27942
27945
27950
27951
27957
27958
27961
27963
27964
27965
27967
27978
27979
27983
27985
27986
27987
27997
28007
28008
28010
28013
28015
28018
28019
28022
28025
28026
28031
28032
28036
28037
28041
28050
28052
28058
28059
28061
28062
28063
28068
28074
28080
28081
28082
28086
28090
28095
28097
28103
28105
28107
28116
28120
28122
28123
28126
28127
28133
28135
28136
28138
28141
28143
28144
28145
28147
28149
28152
28158
28160
28164
28165
28166
28169
28174
28175
28179
28180
28184
28188
28190
28195
28199
28200
28204
28212
28213
28217
28227
28230
28234
28238
28243
28244
28251
28254
28255
28256
28257
28259
28261
28263
28265
28267
28270
28273
28275
28278
28279
28280
28282
28284
28285
28286
28292
28296
28298
28300
28303
28305
28306
28307
28315
28324
28327
28334
28335
28340
28342
28344
28346
28351
28354
28356
28367
28370
28373
28377
28382
28383
28384
28392
28393
28398
28402
28403
28404
28406
28407
28414
28416
28421
28425
28428
28430
28440
28446
28450
28452
28462
28464
28465
28466
28467
28468
28473
28475
28477
28479
28480
28481
28482
28483
28485
28486
28487
28490
28491
28493
28496
28501
28502
28505
28506
28507
28513
28516
28519
28521
28522
28526
28527
28530
28534
28535
28537
28541
28543
28544
28553
28554
28556
28557
28563
28567
28569
28570
28575
28577
28582
28590
28597
28598
28606
28608
28614
28615
28624
28626
28627
28628
28630
28632
28642
28643
28646
28648
28652
28653
28655
28662
28665
28668
28673
28677
28679
28683
28684
28686
28689
28690
28697
28700
28705
28709
28714
28715
28717
28719
28720
28725
28730
28731
28740
28742
28743
28744
28748
28752
28753
28755
28763
28766
28770
28772
28776
28778
28785
28791
28793
28798
28801
28802
28804
28808
28809
28810
28820
28825
28827
28829
28831
28833
28836
28841
28842
28845
28855
28861
28862
28863
28864
28865
28867
28874
28882
28883
28887
28888
28890
28895
28896
28899
28904
28907
28909
28913
28915
28917
28920
28922
28925
28927
28931
28934
28935
28936
28938
28942
28943
28944
28946
28948
28952
28953
28957
28958
28959
28963
28966
28967
28977
28978
28983
28985
28988
28989
28990
28994
28996
29000
29001
29008
29011
29012
29013
29016
29023
29024
29026
29029
29035
29038
29046
29052
29055
29057
29058
29061
29065
29069
29071
29078
29081
29084
29085
29087
29088
29091
29092
29095
29099
29101
29105
29111
29120
29121
29125
29127
29134
29136
29137
29139
29142
29143
29144
29146
29147
29150
29152
29159
29160
29161
29164
29165
29169
29171
29173
29180
29185
29186
29187
29198
29200
29202
29206
29207
29209
29210
29213
29214
29215
29217
29220
29223
29226
29229
29230
29232
29238
29239
29240
29246
29247
29252
29255
29257
29259
29264
29268
29273
29274
29280
29281
29282
29285
29287
29294
29298
29301
29304
29310
29313
29317
29318
29320
29321
29323
29324
29326
29328
29333
29336
29337
29340
29341
29343
29347
29363
29366
29376
29380
29381
29384
29388
29397
29400
29401
29404
29410
29414
29415
29417
29420
29423
29427
29429
29432
29435
29436
29438
29439
29445
29447
29450
29452
29454
29459
29461
29464
29469
29472
29476
29479
29481
29484
29489
29495
29497
29498
29502
29505
29506
29508
29512
29515
29520
29522
29526
29532
29533
29535
29536
29538
29539
29540
29546
29548
29550
29553
29554
29565
29567
29569
29570
29572
29574
29576
29577
29578
29581
29583
29585
29601
29603
29605
29606
29612
29616
29618
29621
29625
29628
29631
29634
29640
29643
29653
29655
29656
29657
29658
29660
29661
29667
29672
29673
29675
29676
29679
29680
29681
29683
29684
29686
29694
29698
29702
29704
29708
29714
29718
29720
29722
29723
29725
29729
29730
29731
29734
29735
29737
29742
29754
29756
29760
29763
29764
29765
29768
29772
29777
29778
29783
29787
29788
29789
29792
29795
29797
29804
29808
29810
29814
29816
29817
29824
29829
29831
29835
29839
29841
29842
29849
29850
29852
29856
29857
29865
29869
29871
29876
29877
29880
29882
29885
29887
29889
29895
29896
29900
29906
29907
29908
29912
29918
29923
29924
29927
29929
29931
29932
29933
29939
29942
29948
29949
29951
29956
29958
29960
29965
29967
29978
29982
29984
29987
29989
29991
30004
30005
30008
30017
30020
30021
30028
30034
30036
30039
30042
30047
30052
30053
30055
30057
30061
30065
30066
30068
30072
30078
30082
30084
30086
30088
30090
30092
30093
30095
30098
30102
30107
30109
30111
30112
30122
30123
30125
30127
30128
30132
30135
30136
30137
30139
30140
30142
30143
30145
30148
30153
30154
30157
30159
30160
30162
30166
30169
30170
30172
30178
30179
30180
30184
30187
30189
30195
30202
30204
30207
30211
30212
30215
30222
30227
30232
30237
30239
30241
30243
30245
30250
30254
30257
30261
30263
30266
30268
30273
30275
30276
30280
30281
30284
30285
30288
30291
30297
30301
30303
30307
30310
30316
30317
30318
30319
30321
30322
30324
30325
30328
30332
30346
30347
30353
30356
30360
30362
30368
30380
30381
30384
30387
30388
30390
30391
30392
30399
30401
30406
30412
30418
30419
30421
30422
30423
30424
30428
30447
30448
30449
30450
30451
30452
30453
30455
30456
30460
30463
30468
30476
30477
30484
30485
30493
30501
30504
30508
30511
30513
30514
30517
30520
30521
30523
30527
30534
30547
30550
30552
30553
30554
30557
30560
30561
30562
30566
30567
30573
30575
30585
30596
30601
30606
30608
30611
30613
30617
30623
30624
30627
30628
30631
30633
30637
30640
30642
30643
30647
30648
30649
30650
30654
30657
30661
30665
30668
30669
30671
30674
30682
30683
30686
30689
30690
30695
30697
30700
30706
30710
30712
30713
30716
30717
30719
30720
30729
30730
30731
30732
30735
30740
30742
30743
30744
30747
30748
30750
30751
30753
30759
30761
30764
30766
30770
30775
30779
30782
30785
30791
30795
30796
30801
30804
30811
30818
30821
30827
30830
30831
30840
30841
30851
30857
30866
30867
30868
30873
30874
30875
30882
30885
30888
30889
30894
30896
30897
30902
30905
30907
30909
30915
30917
30920
30923
30924
30925
30928
30929
30930
30931
30933
30935
30937
30942
30943
30946
30947
30949
30954
30955
30956
30957
30963
30971
30979
30991
30992
30998
31001
31002
31005
31010
31013
31014
31015
31016
31020
31031
31033
31035
31037
31038
31045
31052
31059
31066
31067
31068
31073
31074
31075
31076
31083
31087
31091
31093
31095
31100
31101
31102
31103
31104
31105
31112
31114
31116
31118
31120
31122
31123
31124
31125
31128
31137
31142
31150
31151
31152
31153
31156
31157
31158
31159
31164
31167
31171
31172
31173
31174
31180
31184
31185
31192
31198
31201
31203
31206
31208
31210
31211
31213
31219
31220
31228
31230
31233
31236
31239
31244
31248
31249
31256
31259
31260
31265
31267
31269
31270
31273
31274
31276
31277
31279
31282
31284
31287
31289
31292
31302
31303
31307
31311
31313
31315
31316
31325
31330
31332
31333
31334
31335
31337
31338
31345
31347
31350
31351
31355
31357
31360
31363
31368
31369
31370
31372
31375
31376
31381
31387
31388
31394
31403
31409
31411
31414
31417
31425
31427
31428
31430
31432
31434
31437
31439
31445
31446
31447
31450
31459
31468
31469
31475
31476
31477
31483
31484
31486
31489
31491
31492
31496
31501
31502
31507
31508
31509
31510
31516
31517
31520
31521
31524
31526
31529
31530
31532
31533
31539
31542
31546
31547
31548
31550
31552
31553
31557
31560
31563
31570
31572
31573
31574
31577
31580
31582
31589
31590
31592
31597
31601
31602
31603
31610
31612
31624
31626
31629
31632
31639
31643
31646
31649
31651
31653
31654
31656
31657
31658
31660
31663
31668
31670
31671
31679
31681
31683
31685
31691
31692
31694
31696
31697
31703
31716
31717
31722
31731
31735
31738
31741
31743
31745
31747
31748
31751
31758
31759
31762
31763
31765
31767
31772
31773
31774
31776
31779
31783
31786
31789
31793
31795
31798
31809
31810
31813
31817
31819
31820
31827
31829
31832
31839
31842
31844
31853
31859
31861
31862
31864
31867
31869
31872
31878
31879
31880
31881
31882
31883
31886
31887
31890
31891
31896
31899
31900
31903
31906
31911
31912
31914
31915
31916
31917
31919
31920
31922
31925
31929
31934
31936
31937
31939
31942
31952
31962
31966
31967
31968
31971
31973
31974
31977
31980
31983
31984
31985
31991
31996
31997
31999
32002
32003
32004
32007
32014
32019
32022
32026
32027
32028
32032
32033
32038
32040
32041
32042
32047
32052
32053
32055
32058
32059
32062
32063
32069
32078
32079
32083
32086
32089
32091
32097
32099
32112
32116
32118
32127
32130
32131
32132
32133
32134
32137
32147
32149
32153
32161
32162
32165
32167
32171
32174
32176
32177
32179
32182
32185
32189
32192
32193
32200
32201
32206
32210
32213
32217
32219
32223
32224
32225
32235
32236
32241
32242
32247
32248
32251
32252
32264
32269
32272
32276
32283
32284
32291
32296
32298
32299
32304
32307
32309
32311
32312
32313
32314
32315
32320
32325
32326
32328
32333
32334
32335
32337
32338
32340
32344
32351
32352
32354
32355
32358
32368
32370
32371
32382
32384
32385
32392
32393
32396
32398
32400
32402
32405
32406
32407
32408
32413
32414
32419
32421
32423
32424
32425
32428
32431
32436
32440
32442
32444
32446
32447
32448
32452
32453
32454
32459
32462
32469
32470
32479
32480
32489
32490
32497
32501
32507
32514
32515
32517
32523
32525
32528
32529
32531
32534
32536
32538
32540
32542
32549
32550
32552
32553
32554
32556
32557
32563
32565
32566
32570
32577
32579
32581
32582
32585
32587
32589
32593
32597
32602
32605
32617
32619
32621
32622
32627
32630
32631
32634
32638
32639
32644
32650
32651
32660
32666
32668
32671
32673
32676
32677
32681
32683
32685
32688
32690
32691
32704
32706
32716
32720
32722
32723
32725
32727
32729
32736
32738
32741
32742
32744
32745
32749
32750
32752
32756
32757
32758
32764
32765
32766
32770
32777
32782
32785
32786
32787
32791
32792
32796
32802
32803
32814
32819
32828
32831
32836
32837
32838
32840
32843
32846
32853
32855
32857
32862
32865
32872
32873
32874
32878
32883
32886
32887
32890
32892
32894
32895
32897
32906
32909
32912
32915
32917
32920
32923
32926
32927
32928
32930
32931
32934
32939
32942
32944
32946
32952
32953
32954
32955
32956
32960
32964
32965
32967
32975
32977
32981
32982
32985
32986
32988
32990
32992
32995
33002
33010
33013
33020
33023
33024
33026
33030
33032
33033
33036
33038
33040
33044
33049
33051
33055
33058
33064
33071
33074
33077
33080
33086
33087
33090
33091
33092
33098
33099
33100
33103
33104
33116
33118
33119
33125
33130
33138
33142
33146
33148
33150
33154
33159
33167
33173
33174
33176
33178
33179
33181
33191
33195
33201
33208
33210
33211
33215
33222
33223
33228
33230
33232
33235
33239
33242
33243
33245
33247
33251
33268
33269
33270
33271
33273
33274
33275
33279
33280
33281
33286
33287
33295
33297
33298
33301
33304
33313
33320
33328
33329
33338
33342
33344
33348
33354
33356
33359
33364
33366
33367
33372
33373
33374
33379
33383
33384
33387
33398
33403
33406
33409
33412
33414
33417
33420
33421
33433
33435
33436
33437
33440
33441
33444
33448
33451
33456
33458
33461
33468
33471
33473
33476
33484
33485
33488
33490
33493
33498
33499
33502
33504
33512
33516
33518
33519
33520
33524
33527
33530
33531
33533
33535
33542
33543
33545
33554
33561
33567
33572
33573
33575
33576
33584
33586
33588
33589
33593
33595
33600
33604
33611
33613
33614
33615
33624
33625
33626
33633
33635
33640
33643
33647
33649
33650
33652
33653
33656
33658
33668
33669
33673
33677
33680
33684
33687
33700
33706
33709
33711
33713
33715
33716
33719
33723
33724
33725
33742
33745
33746
33747
33752
33755
33756
33757
33761
33762
33763
33765
33766
33772
33778
33787
33788
33793
33794
33795
33796
33797
33798
33802
33804
33805
33814
33820
33821
33825
33826
33828
33830
33834
33836
33838
33839
33842
33845
33848
33854
33855
33857
33860
33863
33864
33865
33867
33868
33869
33877
33879
33886
33890
33894
33896
33898
33901
33904
33905
33906
33911
33912
33919
33922
33927
33931
33933
33938
33939
33940
33946
33952
33957
33959
33962
33965
33971
33974
33975
33980
33985
33992
33997
34001
34004
34005
34006
34010
34012
34014
34015
34019
34021
34023
34024
34027
34030
34032
34035
34037
34038
34045
34046
34056
34057
34058
34060
34062
34064
34065
34075
34079
34087
34088
34091
34093
34104
34107
34112
34113
34119
34121
34127
34133
34134
34135
34147
34148
34149
34153
34154
34162
34163
34164
34169
34173
34179
34180
34181
34183
34187
34189
34194
34195
34196
34199
34200
34202
34210
34217
34218
34220
34225
34229
34232
34237
34238
34241
34244
34246
34247
34257
34261
34263
34265
34269
34271
34273
34275
34277
34280
34281
34290
34298
34301
34303
34307
34312
34313
34315
34316
34318
34325
34326
34327
34330
34334
34335
34338
34340
34344
34345
34347
34348
34350
34356
34359
34362
34363
34369
34372
34382
34387
34391
34393
34394
34400
34407
34409
34410
34412
34414
34417
34423
34430
34433
34434
34435
34447
34448
34449
34452
34454
34458
34461
34464
34465
34466
34475
34476
34477
34479
34480
34481
34482
34485
34487
34488
34491
34493
34496
34497
34505
34509
34512
34515
34518
34520
34526
34527
34528
34530
34533
34537
34544
34548
34557
34561
34568
34571
34575
34577
34580
34587
34589
34596
34597
34601
34602
34608
34609
34610
34613
34617
34619
34621
34623
34629
34630
34632
34635
34638
34639
34641
34642
34645
34648
34649
34653
34656
34658
34660
34665
34667
34670
34671
34672
34673
34677
34679
34693
34695
34696
34699
34700
34702
34703
34707
34708
34712
34714
34716
34722
34726
34733
34736
34738
34740
34744
34746
34747
34756
34757
34762
34769
34772
34777
34780
34791
34792
34793
34798
34799
34800
34801
34806
34807
34809
34812
34813
34814
34816
34820
34822
34824
34825
34832
34833
34839
34843
34846
34852
34854
34855
34859
34860
34873
34877
34878
34880
34888
34890
34892
34903
34911
34913
34914
34924
34937
34939
34940
34946
34947
34949
34950
34954
34955
34960
34961
34964
34966
34972
34973
34979
34981
34991
34995
35000
35002
35003
35004
35008
35010
35018
35020
35024
35027
35032
35046
35051
35052
35057
35060
35066
35071
35078
35079
35084
35087
35090
35091
35093
35098
35100
35103
35104
35107
35122
35124
35125
35127
35136
35138
35141
35142
35145
35149
35152
35153
35165
35170
35172
35173
35181
35182
35183
35185
35187
35190
35191
35192
35193
35194
35201
35205
35207
35211
35223
35229
35230
35231
35232
35233
35234
35235
35246
35248
35251
35255
35257
35258
35260
35265
35266
35269
35270
35271
35273
35276
35279
35281
35283
35292
35293
35297
35299
35300
35308
35312
35318
35326
35330
35331
35335
35341
35342
35349
35353
35355
35358
35362
35363
35367
35369
35371
35374
35375
35376
35377
35379
35383
35385
35387
35390
35391
35394
35399
35400
35404
35407
35408
35409
35412
35413
35414
35415
35416
35421
35422
35426
35428
35429
35431
35432
35433
35440
35450
35451
35453
35455
35459
35461
35464
35466
35467
35474
35478
35482
35485
35489
35492
35494
35497
35500
35504
35506
35510
35513
35515
35519
35524
35528
35530
35532
35533
35536
35546
35552
35558
35563
35568
35570
35573
35574
35576
35580
35581
35587
35591
35595
35600
35601
35602
35609
35612
35613
35614
35616
35618
35621
35625
35629
35633
35635
35637
35639
35640
35642
35655
35656
35672
35673
35674
35679
35681
35684
35686
35687
35691
35693
35696
35698
35699
35702
35707
35711
35712
35714
35717
35720
35724
35725
35726
35728
35729
35734
35742
35743
35762
35769
35771
35773
35777
35781
35786
35790
35794
35801
35805
35807
35811
35817
35820
35821
35826
35828
35829
35834
35835
35837
35838
35841
35845
35846
35847
35851
35852
35855
35856
35858
35859
35860
35861
35862
35864
35869
35870
35874
35876
35879
35891
35892
35894
35898
35902
35905
35909
35911
35918
35920
35927
35931
35934
35939
35940
35941
35951
35955
35956
35957
35958
35959
35962
35966
35967
35968
35973
35975
35976
35980
35984
35988
35989
35993
35996
36001
36002
36004
36005
36006
36010
36016
36018
36020
36023
36031
36033
36037
36038
36040
36046
36049
36051
36052
36058
36060
36061
36063
36066
36071
36073
36074
36075
36077
36078
36083
36084
36085
36090
36091
36093
36098
36099
36103
36105
36110
36114
36116
36119
36123
36126
36130
36131
36136
36138
36141
36142
36143
36149
36156
36159
36165
36169
36171
36172
36174
36175
36179
36185
36191
36195
36196
36197
36201
36203
36209
36215
36222
36229
36230
36233
36234
36240
36241
36243
36244
36247
36250
36258
36260
36270
36279
36280
36281
36284
36300
36301
36302
36303
36311
36314
36321
36323
36329
36331
36333
36336
36339
36343
36344
36345
36349
36351
36352
36354
36359
36362
36370
36376
36381
36382
36394
36396
36406
36410
36411
36412
36414
36423
36428
36429
36430
36434
36435
36439
36442
36443
36447
36452
36456
36457
36462
36463
36464
36468
36469
36472
36473
36474
36481
36484
36490
36494
36496
36498
36502
36506
36508
36509
36517
36520
36529
36530
36534
36536
36539
36541
36542
36543
36546
36547
36548
36549
36552
36557
36561
36563
36571
36575
36577
36579
36587
36593
36595
36598
36601
36607
36608
36610
36617
36618
36627
36628
36629
36633
36634
36636
36638
36639
36641
36650
36652
36653
36654
36655
36657
36660
36666
36673
36674
36680
36682
36683
36687
36698
36700
36701
36703
36710
36711
36713
36715
36717
36720
36729
36733
36738
36743
36747
36750
36753
36755
36762
36763
36765
36768
36769
36771
36774
36776
36782
36784
36786
36787
36797
36799
36806
36808
36813
36817
36818
36823
36827
36830
36833
36834
36836
36837
36839
36843
36844
36850
36851
36852
36853
36863
36864
36866
36868
36869
36870
36875
36888
36890
36892
36894
36897
36903
36905
36909
36912
36917
36925
36929
36950
36951
36956
36957
36959
36966
36967
36968
36972
36974
36977
36978
36979
36981
36983
36993
36994
36995
36998
37000
37003
37005
37006
37007
37008
37010
37013
37014
37016
37018
37024
37032
37033
37035
37039
37041
37043
37047
37050
37053
37055
37058
37060
37062
37066
37067
37074
37078
37081
37087
37090
37102
37115
37119
37122
37126
37133
37134
37135
37142
37144
37145
37147
37148
37149
37154
37155
37156
37163
37164
37172
37173
37174
37181
37185
37192
37196
37201
37204
37205
37208
37212
37215
37224
37227
37231
37232
37233
37236
37237
37238
37243
37244
37246
37247
37249
37252
37255
37260
37266
37267
37269
37270
37273
37286
37288
37301
37310
37311
37312
37313
37316
37317
37320
37324
37326
37329
37331
37336
37339
37345
37346
37354
37355
37361
37368
37372
37375
37379
37380
37385
37389
37391
37392
37393
37394
37399
37402
37403
37408
37420
37422
37424
37427
37428
37429
37431
37434
37435
37437
37440
37442
37443
37447
37448
37452
37453
37459
37461
37462
37471
37478
37480
37482
37483
37484
37489
37490
37491
37494
37495
37500
37502
37504
37506
37509
37513
37521
37529
37530
37532
37534
37535
37540
37541
37551
37556
37557
37562
37566
37569
37573
37574
37577
37578
37579
37582
37587
37591
37596
37603
37604
37606
37608
37610
37611
37612
37613
37616
37617
37619
37620
37627
37630
37635
37636
37642
37643
37644
37647
37649
37651
37652
37660
37662
37663
37666
37677
37678
37687
37690
37692
37695
37697
37699
37701
37706
37707
37711
37715
37717
37720
37723
37726
37728
37737
37738
37741
37746
37749
37751
37755
37756
37762
37768
37769
37774
37775
37776
37778
37783
37785
37787
37792
37796
37798
37806
37808
37810
37813
37814
37818
37820
37821
37824
37826
37830
37832
37835
37840
37842
37849
37850
37852
37853
37861
37864
37866
37873
37875
37878
37887
37889
37891
37894
37895
37897
37900
37905
37906
37912
37914
37919
37920
37921
37923
37926
37930
37939
37943
37946
37950
37952
37960
37962
37971
37973
37975
37979
37980
37984
37992
37995
37997
37999
38007
38009
38010
38012
38014
38016
38019
38023
38024
38025
38027
38030
38032
38033
38034
38036
38038
38039
38040
38042
38045
38046
38056
38059
38061
38069
38074
38075
38079
38081
38086
38092
38098
38100
38103
38107
38110
38112
38113
38117
38118
38119
38121
38124
38125
38126
38127
38136
38139
38140
38141
38142
38143
38147
38151
38154
38155
38157
38158
38162
38163
38167
38176
38177
38179
38180
38187
38188
38189
38200
38202
38203
38205
38209
38210
38211
38214
38216
38222
38225
38228
38230
38239
38243
38247
38248
38253
38259
38260
38267
38271
38275
38279
38280
38283
38287
38289
38291
38294
38299
38303
38304
38308
38311
38314
38325
38327
38328
38330
38332
38333
38336
38339
38341
38345
38351
38352
38356
38361
38362
38364
38367
38369
38370
38380
38381
38383
38386
38392
38393
38397
38399
38404
38406
38414
38420
38422
38425
38427
38429
38434
38442
38446
38451
38453
38456
38463
38464
38468
38470
38471
38474
38479
38480
38481
38486
38493
38501
38504
38505
38507
38508
38509
38511
38512
38515
38516
38517
38518
38524
38532
38534
38537
38541
38542
38543
38545
38550
38553
38554
38556
38560
38570
38571
38585
38590
38591
38597
38601
38606
38607
38613
38618
38620
38621
38625
38627
38628
38629
38630
38632
38640
38642
38646
38650
38652
38654
38655
38657
38659
38662
38665
38667
38673
38674
38678
38681
38683
38687
38688
38691
38697
38699
38702
38703
38709
38710
38714
38717
38719
38720
38723
38733
38734
38740
38742
38746
38748
38757
38763
38767
38768
38769
38771
38774
38776
38777
38779
38781
38787
38789
38790
38793
38794
38795
38798
38802
38804
38805
38808
38809
38813
38818
38820
38821
38824
38826
38840
38843
38845
38848
38850
38851
38854
38855
38860
38862
38864
38865
38876
38877
38884
38886
38887
38890
38891
38894
38901
38904
38906
38907
38912
38914
38916
38919
38922
38926
38929
38930
38932
38938
38944
38945
38947
38956
38958
38959
38960
38961
38965
38974
38975
38978
38979
38981
38983
38984
38988
38994
38995
38997
39002
39005
39010
39011
39012
39018
39020
39023
39024
39025
39031
39033
39036
39037
39038
39046
39048
39049
39055
39059
39066
39068
39070
39072
39077
39080
39083
39085
39092
39094
39100
39102
39103
39107
39110
39111
39116
39120
39123
39127
39129
39139
39141
39143
39144
39148
39150
39151
39152
39153
39154
39155
39158
39159
39160
39161
39165
39175
39179
39180
39186
39189
39190
39193
39194
39196
39197
39200
39206
39212
39218
39220
39223
39224
39227
39230
39234
39238
39240
39243
39245
39252
39254
39255
39260
39263
39264
39270
39274
39277
39281
39285
39289
39292
39294
39296
39304
39308
39312
39320
39321
39329
39330
39331
39333
39335
39337
39341
39342
39343
39347
39348
39351
39355
39358
39360
39365
39368
39369
39370
39372
39381
39384
39389
39392
39394
39399
39400
39401
39404
39407
39415
39416
39417
39423
39424
39433
39434
39436
39447
39448
39449
39450
39451
39455
39459
39461
39462
39469
39472
39475
39478
39479
39484
39486
39491
39492
39494
39495
39500
39501
39508
39509
39511
39517
39521
39522
39523
39526
39528
39529
39532
39537
39538
39542
39544
39545
39549
39550
39554
39556
39569
39572
39573
39578
39579
39580
39581
39582
39587
39598
39600
39611
39612
39622
39628
39630
39633
39635
39636
39637
39645
39646
39649
39652
39653
39657
39660
39661
39666
39669
39670
39671
39675
39677
39678
39683
39685
39688
39690
39696
39698
39699
39701
39702
39710
39713
39714
39715
39716
39719
39722
39735
39737
39740
39741
39742
39743
39745
39753
39756
39759
39767
39773
39775
39776
39777
39778
39780
39790
39792
39793
39794
39798
39804
39806
39807
39808
39812
39815
39819
39831
39836
39845
39846
39848
39850
39856
39860
39861
39862
39863
39865
39870
39872
39873
39880
39884
39886
39894
39902
39903
39906
39909
39911
39912
39914
39918
39920
39922
39923
39926
39930
39937
39938
39941
39945
39947
39952
39961
39963
39966
39967
39970
39971
39973
39974
39976
39977
39979
39980
39985
39990
39992
39996
39998
40000
40003
40004
40008
40010
40015
40020
40026
40043
40044
40045
40048
40056
40060
40065
40071
40072
40073
40074
40079
40081
40085
40086
40087
40088
40089
40090
40093
40095
40099
40100
40101
40105
40109
40114
40118
40121
40124
40126
40129
40130
40136
40139
40145
40146
40147
40157
40159
40162
40167
40169
40175
40177
40178
40180
40189
40191
40192
40193
40196
40197
40199
40202
40205
40206
40207
40209
40217
40218
40227
40229
40234
40236
40240
40242
40244
40245
40250
40270
40274
40275
40277
40279
40283
40286
40293
40295
40297
40299
40309
40312
40317
40326
40328
40329
40330
40331
40332
40334
40338
40339
40340
40342
40344
40345
40350
40353
40354
40355
40359
40360
40365
40372
40373
40375
40384
40386
40387
40389
40392
40397
40400
40401
40403
40404
40408
40412
40413
40421
40422
40427
40431
40437
40440
40443
40447
40453
40455
40456
40457
40460
40464
40469
40471
40472
40473
40477
40483
40484
40490
40495
40497
40504
40505
40506
40512
40513
40518
40519
40522
40526
40529
40530
40536
40537
40540
40541
40552
40554
40559
40561
40563
40567
40569
40575
40584
40585
40591
40595
40601
40603
40605
40606
40609
40610
40620
40621
40623
40628
40629
40633
40638
40639
40640
40642
40645
40654
40655
40656
40657
40663
40665
40666
40667
40668
40671
40674
40677
40678
40685
40687
40688
40690
40691
40694
40697
40699
40701
40707
40710
40713
40715
40720
40722
40723
40726
40729
40730
40733
40736
40737
40748
40749
40756
40757
40763
40770
40772
40776
40778
40780
40783
40784
40785
40787
40788
40789
40796
40798
40799
40804
40814
40817
40819
40820
40821
40826
40829
40830
40831
40838
40847
40850
40854
40857
40861
40862
40864
40865
40868
40869
40870
40872
40879
40882
40883
40885
40891
40893
40900
40902
40904
40905
40906
40909
40911
40914
40920
40922
40928
40929
40933
40937
40939
40940
40942
40945
40946
40948
40951
40956
40963
40964
40965
40966
40968
40970
40974
40977
40981
40985
40992
40993
40996
40998
40999
41003
41007
41008
41013
41015
41016
41018
41020
41029
41030
41035
41037
41040
41041
41047
41048
41049
41050
41051
41052
41062
41063
41065
41067
41070
41079
41080
41083
41086
41087
41088
41090
41096
41097
41098
41104
41105
41107
41109
41111
)


// ************************************************************************* //
