/*--------------------------------*- C++ -*----------------------------------*\
| =========                 |                                                 |
| \\      /  F ield         | OpenFOAM: The Open Source CFD Toolbox           |
|  \\    /   O peration     | Version:  3.0.1                                 |
|   \\  /    A nd           | Web:      www.OpenFOAM.org                      |
|    \\/     M anipulation  |                                                 |
\*---------------------------------------------------------------------------*/
FoamFile
{
    version     2.0;
    format      ascii;
    class       labelList;
    note        "nPoints: 13962 nCells: 10440 nFaces: 38299 nInternalFaces: 16912";
    location    "constant/polyMesh";
    object      neighbour;
}
// * * * * * * * * * * * * * * * * * * * * * * * * * * * * * * * * * * * * * //


16912
(
1
49
1450
2
50
1451
3
51
1452
4
52
1453
5
53
1454
6
54
1455
7
55
1456
8
56
1457
9
57
1458
10
58
1459
11
59
1460
12
60
1461
13
61
1462
14
62
1463
15
63
1464
16
64
1465
17
65
1466
18
66
1467
19
67
1468
20
68
1469
21
69
1470
22
70
1471
23
71
1472
24
72
1473
25
73
1474
26
74
1475
27
75
1476
28
76
1477
29
77
1478
30
78
1479
31
79
1480
32
80
1481
33
81
1482
34
82
1483
35
83
1484
36
84
1485
37
85
1486
38
86
1487
39
87
1488
40
88
1489
41
89
1490
42
90
1491
43
91
1492
44
92
1493
45
93
1494
46
94
1495
47
95
1496
48
96
1497
97
1498
5853
50
98
51
99
52
100
53
101
54
102
55
103
56
104
57
105
58
106
59
107
60
108
61
109
62
110
63
111
64
112
65
113
66
114
67
115
68
116
69
117
70
118
71
119
72
120
73
121
74
122
75
123
76
124
77
125
78
126
79
127
80
128
81
129
82
130
83
131
84
132
85
133
86
134
87
135
88
136
89
137
90
138
91
139
92
140
93
141
94
142
95
143
96
144
97
145
146
5520
99
147
100
148
101
149
102
150
103
151
104
152
105
153
106
154
107
155
108
156
109
157
110
158
111
159
112
160
113
161
114
162
115
163
116
164
117
165
118
166
119
167
120
168
121
169
122
170
123
171
124
172
125
173
126
174
127
175
128
176
129
177
130
178
131
179
132
180
133
181
134
182
135
183
136
184
137
185
138
186
139
187
140
188
141
189
142
190
143
191
144
192
145
193
146
194
195
9587
148
196
149
197
150
198
151
199
152
200
153
201
154
202
155
203
156
204
157
205
158
206
159
207
160
208
161
209
162
210
163
211
164
212
165
213
166
214
167
215
168
216
169
217
170
218
171
219
172
220
173
221
174
222
175
223
176
224
177
225
178
226
179
227
180
228
181
229
182
230
183
231
184
232
185
233
186
234
187
235
188
236
189
237
190
238
191
239
192
240
193
241
194
242
195
243
244
7060
197
245
198
246
199
247
200
248
201
249
202
250
203
251
204
252
205
253
206
254
207
255
208
256
209
257
210
258
211
259
212
260
213
261
214
262
215
263
216
264
217
265
218
266
219
267
220
268
221
269
222
270
223
271
224
272
225
273
226
274
227
275
228
276
229
277
230
278
231
279
232
280
233
281
234
282
235
283
236
284
237
285
238
286
239
287
240
288
241
289
242
290
243
291
244
292
293
7974
246
294
247
295
248
296
249
297
250
298
251
299
252
300
253
301
254
302
255
303
256
304
257
305
258
306
259
307
260
308
261
309
262
310
263
311
264
312
265
313
266
314
267
315
268
316
269
317
270
318
271
319
272
320
273
321
274
322
275
323
276
324
277
325
278
326
279
327
280
328
281
329
282
330
283
331
284
332
285
333
286
334
287
335
288
336
289
337
290
338
291
339
292
340
293
341
342
9083
295
343
296
344
297
345
298
346
299
347
300
348
301
349
302
350
303
351
304
352
305
353
306
354
307
355
308
356
309
357
310
358
311
359
312
360
313
361
314
362
315
363
316
364
317
365
318
366
319
367
320
368
321
369
322
370
323
371
324
372
325
373
326
374
327
375
328
376
329
377
330
378
331
379
332
380
333
381
334
382
335
383
336
384
337
385
338
386
339
387
340
388
341
389
342
390
391
9528
344
392
345
393
346
394
347
395
348
396
349
397
350
398
351
399
352
400
353
401
354
402
355
403
356
404
357
405
358
406
359
407
360
408
361
409
362
410
363
411
364
412
365
413
366
414
367
415
368
416
369
417
370
418
371
419
372
420
373
421
374
422
375
423
376
424
377
425
378
426
379
427
380
428
381
429
382
430
383
431
384
432
385
433
386
434
387
435
388
436
389
437
390
438
391
439
440
8527
393
441
394
442
395
443
396
444
397
445
398
446
399
447
400
448
401
449
402
450
403
451
404
452
405
453
406
454
407
455
408
456
409
457
410
458
411
459
412
460
413
461
414
462
415
463
416
464
417
465
418
466
419
467
420
468
421
469
422
470
423
471
424
472
425
473
426
474
427
475
428
476
429
477
430
478
431
479
432
480
433
481
434
482
435
483
436
484
437
485
438
486
439
487
440
488
489
5728
442
490
443
491
444
492
445
493
446
494
447
495
448
496
449
497
450
498
451
499
452
500
453
501
454
502
455
503
456
504
457
505
458
506
459
507
460
508
461
509
462
510
463
511
464
512
465
513
466
514
467
515
468
516
469
517
470
518
471
519
472
520
473
521
474
522
475
523
476
524
477
525
478
526
479
527
480
528
481
529
482
530
483
531
484
532
485
533
486
534
487
535
488
536
489
537
538
7297
491
539
492
540
493
541
494
542
495
543
496
544
497
545
498
546
499
547
500
548
501
549
502
550
503
551
504
552
505
553
506
554
507
555
508
556
509
557
510
558
511
559
512
560
513
561
514
562
515
563
516
564
517
565
518
566
519
567
520
568
521
569
522
570
523
571
524
572
525
573
526
574
527
575
528
576
529
577
530
578
531
579
532
580
533
581
534
582
535
583
536
584
537
585
538
586
587
7666
540
588
541
589
542
590
543
591
544
592
545
593
546
594
547
595
548
596
549
597
550
598
551
599
552
600
553
601
554
602
555
603
556
604
557
605
558
606
559
607
560
608
561
609
562
610
563
611
564
612
565
613
566
614
567
615
568
616
569
617
570
618
571
619
572
620
573
621
574
622
575
623
576
624
577
625
578
626
579
627
580
628
581
629
582
630
583
631
584
632
585
633
586
634
587
635
636
8716
589
637
590
638
591
639
592
640
593
641
594
642
595
643
596
644
597
645
598
646
599
647
600
648
601
649
602
650
603
651
604
652
605
653
606
654
607
655
608
656
609
657
610
658
611
659
612
660
613
661
614
662
615
663
616
664
617
665
618
666
619
667
620
668
621
669
622
670
623
671
624
672
625
673
626
674
627
675
628
676
629
677
630
678
631
679
632
680
633
681
634
682
635
683
636
684
685
9622
638
686
639
687
640
688
641
689
642
690
643
691
644
692
645
693
646
694
647
695
648
696
649
697
650
698
651
699
652
700
653
701
654
702
655
703
656
704
657
705
658
706
659
707
660
708
661
709
662
710
663
711
664
712
665
713
666
714
667
715
668
716
669
717
670
718
671
719
672
720
673
721
674
722
675
723
676
724
677
725
678
726
679
727
680
728
681
729
682
730
683
731
684
732
685
733
734
5101
687
735
688
736
689
737
690
738
691
739
692
740
693
741
694
742
695
743
696
744
697
745
698
746
699
747
700
748
701
749
702
750
703
751
704
752
705
753
706
754
707
755
708
756
709
757
710
758
711
759
712
760
713
761
714
762
715
763
716
764
717
765
718
766
719
767
720
768
721
769
722
770
723
771
724
772
725
773
726
774
727
775
728
776
729
777
730
778
731
779
732
780
733
781
734
782
783
7329
736
784
737
785
738
786
739
787
740
788
741
789
742
790
743
791
744
792
745
793
746
794
747
795
748
796
749
797
750
798
751
799
752
800
753
801
754
802
755
803
756
804
757
805
758
806
759
807
760
808
761
809
762
810
763
811
764
812
765
813
766
814
767
815
768
816
769
817
770
818
771
819
772
820
773
821
774
822
775
823
776
824
777
825
778
826
779
827
780
828
781
829
782
830
783
831
832
7883
785
833
786
834
787
835
788
836
789
837
790
838
791
839
792
840
793
841
794
842
795
843
796
844
797
845
798
846
799
847
800
848
801
849
802
850
803
851
804
852
805
853
806
854
807
855
808
856
809
857
810
858
811
859
812
860
813
861
814
862
815
863
816
864
817
865
818
866
819
867
820
868
821
869
822
870
823
871
824
872
825
873
826
874
827
875
828
876
829
877
830
878
831
879
832
880
881
8317
834
882
835
883
836
884
837
885
838
886
839
887
840
888
841
889
842
890
843
891
844
892
845
893
846
894
847
895
848
896
849
897
850
898
851
899
852
900
853
901
854
902
855
903
856
904
857
905
858
906
859
907
860
908
861
909
862
910
863
911
864
912
865
913
866
914
867
915
868
916
869
917
870
918
871
919
872
920
873
921
874
922
875
923
876
924
877
925
878
926
879
927
880
928
881
929
930
5244
883
931
884
932
885
933
886
934
887
935
888
936
889
937
890
938
891
939
892
940
893
941
894
942
895
943
896
944
897
945
898
946
899
947
900
948
901
949
902
950
903
951
904
952
905
953
906
954
907
955
908
956
909
957
910
958
911
959
912
960
913
961
914
962
915
963
916
964
917
965
918
966
919
967
920
968
921
969
922
970
923
971
924
972
925
973
926
974
927
975
928
976
929
977
930
978
979
5749
932
980
933
981
934
982
935
983
936
984
937
985
938
986
939
987
940
988
941
989
942
990
943
991
944
992
945
993
946
994
947
995
948
996
949
997
950
998
951
999
952
1000
953
1001
954
1002
955
1003
956
1004
957
1005
958
1006
959
1007
960
1008
961
1009
962
1010
963
1011
964
1012
965
1013
966
1014
967
1015
968
1016
969
1017
970
1018
971
1019
972
1020
973
1021
974
1022
975
1023
976
1024
977
1025
978
1026
979
1027
1028
9525
981
1029
982
1030
983
1031
984
1032
985
1033
986
1034
987
1035
988
1036
989
1037
990
1038
991
1039
992
1040
993
1041
994
1042
995
1043
996
1044
997
1045
998
1046
999
1047
1000
1048
1001
1049
1002
1050
1003
1051
1004
1052
1005
1053
1006
1054
1007
1055
1008
1056
1009
1057
1010
1058
1011
1059
1012
1060
1013
1061
1014
1062
1015
1063
1016
1064
1017
1065
1018
1066
1019
1067
1020
1068
1021
1069
1022
1070
1023
1071
1024
1072
1025
1073
1026
1074
1027
1075
1028
1076
1077
5542
1030
1078
1031
1079
1032
1080
1033
1081
1034
1082
1035
1083
1036
1084
1037
1085
1038
1086
1039
1087
1040
1088
1041
1089
1042
1090
1043
1091
1044
1092
1045
1093
1046
1094
1047
1095
1048
1096
1049
1097
1050
1098
1051
1099
1052
1100
1053
1101
1054
1102
1055
1103
1056
1104
1057
1105
1058
1106
1059
1107
1060
1108
1061
1109
1062
1110
1063
1111
1064
1112
1065
1113
1066
1114
1067
1115
1068
1116
1069
1117
1070
1118
1071
1119
1072
1120
1073
1121
1074
1122
1075
1123
1076
1124
1077
1125
1126
9433
1079
1127
1080
1128
1081
1129
1082
1130
1083
1131
1084
1132
1085
1133
1086
1134
1087
1135
1088
1136
1089
1137
1090
1138
1091
1139
1092
1140
1093
1141
1094
1142
1095
1143
1096
1144
1097
1145
1098
1146
1099
1147
1100
1148
1101
1149
1102
1150
1103
1151
1104
1152
1105
1153
1106
1154
1107
1155
1108
1156
1109
1157
1110
1158
1111
1159
1112
1160
1113
1161
1114
1162
1115
1163
1116
1164
1117
1165
1118
1166
1119
1167
1120
1168
1121
1169
1122
1170
1123
1171
1124
1172
1125
1173
1126
1174
1175
5010
1128
1176
1129
1177
1130
1178
1131
1179
1132
1180
1133
1181
1134
1182
1135
1183
1136
1184
1137
1185
1138
1186
1139
1187
1140
1188
1141
1189
1142
1190
1143
1191
1144
1192
1145
1193
1146
1194
1147
1195
1148
1196
1149
1197
1150
1198
1151
1199
1152
1200
1153
1201
1154
1202
1155
1203
1156
1204
1157
1205
1158
1206
1159
1207
1160
1208
1161
1209
1162
1210
1163
1211
1164
1212
1165
1213
1166
1214
1167
1215
1168
1216
1169
1217
1170
1218
1171
1219
1172
1220
1173
1221
1174
1222
1175
1223
1224
9700
1177
1225
1178
1226
1179
1227
1180
1228
1181
1229
1182
1230
1183
1231
1184
1232
1185
1233
1186
1234
1187
1235
1188
1236
1189
1237
1190
1238
1191
1239
1192
1240
1193
1241
1194
1242
1195
1243
1196
1244
1197
1245
1198
1246
1199
1247
1200
1248
1201
1249
1202
1250
1203
1251
1204
1252
1205
1253
1206
1254
1207
1255
1208
1256
1209
1257
1210
1258
1211
1259
1212
1260
1213
1261
1214
1262
1215
1263
1216
1264
1217
1265
1218
1266
1219
1267
1220
1268
1221
1269
1222
1270
1223
1271
1224
1272
1273
9303
1226
1274
1227
1275
1228
1276
1229
1277
1230
1278
1231
1279
1232
1280
1233
1281
1234
1282
1235
1283
1236
1284
1237
1285
1238
1286
1239
1287
1240
1288
1241
1289
1242
1290
1243
1291
1244
1292
1245
1293
1246
1294
1247
1295
1248
1296
1249
1297
1250
1298
1251
1299
1252
1300
1253
1301
1254
1302
1255
1303
1256
1304
1257
1305
1258
1306
1259
1307
1260
1308
1261
1309
1262
1310
1263
1311
1264
1312
1265
1313
1266
1314
1267
1315
1268
1316
1269
1317
1270
1318
1271
1319
1272
1320
1273
1321
1322
6790
1275
1323
1276
1324
1277
1325
1278
1326
1279
1327
1280
1328
1281
1329
1282
1330
1283
1331
1284
1332
1285
1333
1286
1334
1287
1335
1288
1336
1289
1337
1290
1338
1291
1339
1292
1340
1293
1341
1294
1342
1295
1343
1296
1344
1297
1345
1298
1346
1299
1347
1300
1348
1301
1349
1302
1350
1303
1351
1304
1352
1305
1353
1306
1354
1307
1355
1308
1356
1309
1357
1310
1358
1311
1359
1312
1360
1313
1361
1314
1362
1315
1363
1316
1364
1317
1365
1318
1366
1319
1367
1320
1321
1322
7940
1324
1368
1325
1369
1326
1370
1327
1371
1328
1372
1329
1373
1330
1374
1331
1375
1332
1376
1333
1377
1334
1378
1335
1379
1336
1380
1337
1381
1338
1382
1339
1383
1340
1384
1341
1385
1342
1386
1343
1387
1344
1388
1345
1389
1346
1390
1347
1391
1348
1392
1349
1393
1350
1394
1351
1395
1352
1396
1353
1397
1354
1398
1355
1399
1356
1400
1357
1401
1358
1402
1359
1403
1360
1404
1361
1405
1362
1406
1363
1407
1364
1365
1366
1367
1369
1408
1370
1409
1371
1410
1372
1411
1373
1412
1374
1413
1375
1414
1376
1415
1377
1416
1378
1417
1379
1418
1380
1419
1381
1420
1382
1421
1383
1422
1384
1423
1385
1424
1386
1425
1387
1426
1388
1427
1389
1428
1390
1429
1391
1430
1392
1431
1393
1432
1394
1433
1395
1434
1396
1435
1397
1436
1398
1437
1399
1438
1400
1439
1401
1402
1403
1404
1405
1406
1407
1409
1440
1410
1441
1411
1442
1412
1443
1413
1444
1414
1445
1415
1446
1416
1447
1417
1448
1418
1449
1419
1420
1421
1422
1423
1424
1425
1426
1427
1428
1429
1430
1431
1432
1433
1434
1435
1436
1437
1438
1439
1441
1442
1443
1444
1445
1446
1447
1448
1449
1451
1499
1452
1500
1453
1501
1454
1502
1455
1503
1456
1504
1457
1505
1458
1506
1459
1507
1460
1508
1461
1509
1462
1510
1463
1511
1464
1512
1465
1513
1466
1514
1467
1515
1468
1516
1469
1517
1470
1518
1471
1519
1472
1520
1473
1521
1474
1522
1475
1523
1476
1524
1477
1525
1478
1526
1479
1527
1480
1528
1481
1529
1482
1530
1483
1531
1484
1532
1485
1533
1486
1534
1487
1535
1488
1536
1489
1537
1490
1538
1491
1539
1492
1540
1493
1541
1494
1542
1495
1543
1496
1544
1497
1545
1498
1546
1547
8874
1500
1548
1501
1549
1502
1550
1503
1551
1504
1552
1505
1553
1506
1554
1507
1555
1508
1556
1509
1557
1510
1558
1511
1559
1512
1560
1513
1561
1514
1562
1515
1563
1516
1564
1517
1565
1518
1566
1519
1567
1520
1568
1521
1569
1522
1570
1523
1571
1524
1572
1525
1573
1526
1574
1527
1575
1528
1576
1529
1577
1530
1578
1531
1579
1532
1580
1533
1581
1534
1582
1535
1583
1536
1584
1537
1585
1538
1586
1539
1587
1540
1588
1541
1589
1542
1590
1543
1591
1544
1592
1545
1593
1546
1594
1547
1595
1596
6240
1549
1597
1550
1598
1551
1599
1552
1600
1553
1601
1554
1602
1555
1603
1556
1604
1557
1605
1558
1606
1559
1607
1560
1608
1561
1609
1562
1610
1563
1611
1564
1612
1565
1613
1566
1614
1567
1615
1568
1616
1569
1617
1570
1618
1571
1619
1572
1620
1573
1621
1574
1622
1575
1623
1576
1624
1577
1625
1578
1626
1579
1627
1580
1628
1581
1629
1582
1630
1583
1631
1584
1632
1585
1633
1586
1634
1587
1635
1588
1636
1589
1637
1590
1638
1591
1639
1592
1640
1593
1641
1594
1642
1595
1643
1596
1644
1645
7063
1598
1646
1599
1647
1600
1648
1601
1649
1602
1650
1603
1651
1604
1652
1605
1653
1606
1654
1607
1655
1608
1656
1609
1657
1610
1658
1611
1659
1612
1660
1613
1661
1614
1662
1615
1663
1616
1664
1617
1665
1618
1666
1619
1667
1620
1668
1621
1669
1622
1670
1623
1671
1624
1672
1625
1673
1626
1674
1627
1675
1628
1676
1629
1677
1630
1678
1631
1679
1632
1680
1633
1681
1634
1682
1635
1683
1636
1684
1637
1685
1638
1686
1639
1687
1640
1688
1641
1689
1642
1690
1643
1691
1644
1692
1645
1693
1694
8431
1647
1695
1648
1696
1649
1697
1650
1698
1651
1699
1652
1700
1653
1701
1654
1702
1655
1703
1656
1704
1657
1705
1658
1706
1659
1707
1660
1708
1661
1709
1662
1710
1663
1711
1664
1712
1665
1713
1666
1714
1667
1715
1668
1716
1669
1717
1670
1718
1671
1719
1672
1720
1673
1721
1674
1722
1675
1723
1676
1724
1677
1725
1678
1726
1679
1727
1680
1728
1681
1729
1682
1730
1683
1731
1684
1732
1685
1733
1686
1734
1687
1735
1688
1736
1689
1737
1690
1738
1691
1739
1692
1740
1693
1741
1694
1742
1743
6268
1696
1744
1697
1745
1698
1746
1699
1747
1700
1748
1701
1749
1702
1750
1703
1751
1704
1752
1705
1753
1706
1754
1707
1755
1708
1756
1709
1757
1710
1758
1711
1759
1712
1760
1713
1761
1714
1762
1715
1763
1716
1764
1717
1765
1718
1766
1719
1767
1720
1768
1721
1769
1722
1770
1723
1771
1724
1772
1725
1773
1726
1774
1727
1775
1728
1776
1729
1777
1730
1778
1731
1779
1732
1780
1733
1781
1734
1782
1735
1783
1736
1784
1737
1785
1738
1786
1739
1787
1740
1788
1741
1789
1742
1790
1743
1791
1792
9228
1745
1793
1746
1794
1747
1795
1748
1796
1749
1797
1750
1798
1751
1799
1752
1800
1753
1801
1754
1802
1755
1803
1756
1804
1757
1805
1758
1806
1759
1807
1760
1808
1761
1809
1762
1810
1763
1811
1764
1812
1765
1813
1766
1814
1767
1815
1768
1816
1769
1817
1770
1818
1771
1819
1772
1820
1773
1821
1774
1822
1775
1823
1776
1824
1777
1825
1778
1826
1779
1827
1780
1828
1781
1829
1782
1830
1783
1831
1784
1832
1785
1833
1786
1834
1787
1835
1788
1836
1789
1837
1790
1838
1791
1839
1792
1840
1841
6454
1794
1842
1795
1843
1796
1844
1797
1845
1798
1846
1799
1847
1800
1848
1801
1849
1802
1850
1803
1851
1804
1852
1805
1853
1806
1854
1807
1855
1808
1856
1809
1857
1810
1858
1811
1859
1812
1860
1813
1861
1814
1862
1815
1863
1816
1864
1817
1865
1818
1866
1819
1867
1820
1868
1821
1869
1822
1870
1823
1871
1824
1872
1825
1873
1826
1874
1827
1875
1828
1876
1829
1877
1830
1878
1831
1879
1832
1880
1833
1881
1834
1882
1835
1883
1836
1884
1837
1885
1838
1886
1839
1887
1840
1888
1841
1889
1890
7994
1843
1891
1844
1892
1845
1893
1846
1894
1847
1895
1848
1896
1849
1897
1850
1898
1851
1899
1852
1900
1853
1901
1854
1902
1855
1903
1856
1904
1857
1905
1858
1906
1859
1907
1860
1908
1861
1909
1862
1910
1863
1911
1864
1912
1865
1913
1866
1914
1867
1915
1868
1916
1869
1917
1870
1918
1871
1919
1872
1920
1873
1921
1874
1922
1875
1923
1876
1924
1877
1925
1878
1926
1879
1927
1880
1928
1881
1929
1882
1930
1883
1931
1884
1932
1885
1933
1886
1934
1887
1935
1888
1936
1889
1937
1890
1938
1939
7414
1892
1940
1893
1941
1894
1942
1895
1943
1896
1944
1897
1945
1898
1946
1899
1947
1900
1948
1901
1949
1902
1950
1903
1951
1904
1952
1905
1953
1906
1954
1907
1955
1908
1956
1909
1957
1910
1958
1911
1959
1912
1960
1913
1961
1914
1962
1915
1963
1916
1964
1917
1965
1918
1966
1919
1967
1920
1968
1921
1969
1922
1970
1923
1971
1924
1972
1925
1973
1926
1974
1927
1975
1928
1976
1929
1977
1930
1978
1931
1979
1932
1980
1933
1981
1934
1982
1935
1983
1936
1984
1937
1985
1938
1986
1939
1987
1988
8818
1941
1989
1942
1990
1943
1991
1944
1992
1945
1993
1946
1994
1947
1995
1948
1996
1949
1997
1950
1998
1951
1999
1952
2000
1953
2001
1954
2002
1955
2003
1956
2004
1957
2005
1958
2006
1959
2007
1960
2008
1961
2009
1962
2010
1963
2011
1964
2012
1965
2013
1966
2014
1967
2015
1968
2016
1969
2017
1970
2018
1971
2019
1972
2020
1973
2021
1974
2022
1975
2023
1976
2024
1977
2025
1978
2026
1979
2027
1980
2028
1981
2029
1982
2030
1983
2031
1984
2032
1985
2033
1986
2034
1987
2035
1988
2036
2037
5633
1990
2038
1991
2039
1992
2040
1993
2041
1994
2042
1995
2043
1996
2044
1997
2045
1998
2046
1999
2047
2000
2048
2001
2049
2002
2050
2003
2051
2004
2052
2005
2053
2006
2054
2007
2055
2008
2056
2009
2057
2010
2058
2011
2059
2012
2060
2013
2061
2014
2062
2015
2063
2016
2064
2017
2065
2018
2066
2019
2067
2020
2068
2021
2069
2022
2070
2023
2071
2024
2072
2025
2073
2026
2074
2027
2075
2028
2076
2029
2077
2030
2078
2031
2079
2032
2080
2033
2081
2034
2082
2035
2083
2036
2084
2037
2085
2086
9501
2039
2087
2040
2088
2041
2089
2042
2090
2043
2091
2044
2092
2045
2093
2046
2094
2047
2095
2048
2096
2049
2097
2050
2098
2051
2099
2052
2100
2053
2101
2054
2102
2055
2103
2056
2104
2057
2105
2058
2106
2059
2107
2060
2108
2061
2109
2062
2110
2063
2111
2064
2112
2065
2113
2066
2114
2067
2115
2068
2116
2069
2117
2070
2118
2071
2119
2072
2120
2073
2121
2074
2122
2075
2123
2076
2124
2077
2125
2078
2126
2079
2127
2080
2128
2081
2129
2082
2130
2083
2131
2084
2132
2085
2133
2086
2134
2135
6490
2088
2136
2089
2137
2090
2138
2091
2139
2092
2140
2093
2141
2094
2142
2095
2143
2096
2144
2097
2145
2098
2146
2099
2147
2100
2148
2101
2149
2102
2150
2103
2151
2104
2152
2105
2153
2106
2154
2107
2155
2108
2156
2109
2157
2110
2158
2111
2159
2112
2160
2113
2161
2114
2162
2115
2163
2116
2164
2117
2165
2118
2166
2119
2167
2120
2168
2121
2169
2122
2170
2123
2171
2124
2172
2125
2173
2126
2174
2127
2175
2128
2176
2129
2177
2130
2178
2131
2179
2132
2180
2133
2181
2134
2182
2135
2183
2184
9243
2137
2185
2138
2186
2139
2187
2140
2188
2141
2189
2142
2190
2143
2191
2144
2192
2145
2193
2146
2194
2147
2195
2148
2196
2149
2197
2150
2198
2151
2199
2152
2200
2153
2201
2154
2202
2155
2203
2156
2204
2157
2205
2158
2206
2159
2207
2160
2208
2161
2209
2162
2210
2163
2211
2164
2212
2165
2213
2166
2214
2167
2215
2168
2216
2169
2217
2170
2218
2171
2219
2172
2220
2173
2221
2174
2222
2175
2223
2176
2224
2177
2225
2178
2226
2179
2227
2180
2228
2181
2229
2182
2230
2183
2231
2184
2232
2233
7560
2186
2234
2187
2235
2188
2236
2189
2237
2190
2238
2191
2239
2192
2240
2193
2241
2194
2242
2195
2243
2196
2244
2197
2245
2198
2246
2199
2247
2200
2248
2201
2249
2202
2250
2203
2251
2204
2252
2205
2253
2206
2254
2207
2255
2208
2256
2209
2257
2210
2258
2211
2259
2212
2260
2213
2261
2214
2262
2215
2263
2216
2264
2217
2265
2218
2266
2219
2267
2220
2268
2221
2269
2222
2270
2223
2271
2224
2272
2225
2273
2226
2274
2227
2275
2228
2276
2229
2277
2230
2278
2231
2279
2232
2280
2233
2281
2282
7352
2235
2283
2236
2284
2237
2285
2238
2286
2239
2287
2240
2288
2241
2289
2242
2290
2243
2291
2244
2292
2245
2293
2246
2294
2247
2295
2248
2296
2249
2297
2250
2298
2251
2299
2252
2300
2253
2301
2254
2302
2255
2303
2256
2304
2257
2305
2258
2306
2259
2307
2260
2308
2261
2309
2262
2310
2263
2311
2264
2312
2265
2313
2266
2314
2267
2315
2268
2316
2269
2317
2270
2318
2271
2319
2272
2320
2273
2321
2274
2322
2275
2323
2276
2324
2277
2325
2278
2326
2279
2327
2280
2328
2281
2329
2282
2330
2331
5558
2284
2332
2285
2333
2286
2334
2287
2335
2288
2336
2289
2337
2290
2338
2291
2339
2292
2340
2293
2341
2294
2342
2295
2343
2296
2344
2297
2345
2298
2346
2299
2347
2300
2348
2301
2349
2302
2350
2303
2351
2304
2352
2305
2353
2306
2354
2307
2355
2308
2356
2309
2357
2310
2358
2311
2359
2312
2360
2313
2361
2314
2362
2315
2363
2316
2364
2317
2365
2318
2366
2319
2367
2320
2368
2321
2369
2322
2370
2323
2371
2324
2372
2325
2373
2326
2374
2327
2375
2328
2376
2329
2377
2330
2378
2331
2379
2380
7956
2333
2381
2334
2382
2335
2383
2336
2384
2337
2385
2338
2386
2339
2387
2340
2388
2341
2389
2342
2390
2343
2391
2344
2392
2345
2393
2346
2394
2347
2395
2348
2396
2349
2397
2350
2398
2351
2399
2352
2400
2353
2401
2354
2402
2355
2403
2356
2404
2357
2405
2358
2406
2359
2407
2360
2408
2361
2409
2362
2410
2363
2411
2364
2412
2365
2413
2366
2414
2367
2415
2368
2416
2369
2417
2370
2418
2371
2419
2372
2420
2373
2421
2374
2422
2375
2423
2376
2424
2377
2425
2378
2426
2379
2427
2380
2428
2429
7707
2382
2430
2383
2431
2384
2432
2385
2433
2386
2434
2387
2435
2388
2436
2389
2437
2390
2438
2391
2439
2392
2440
2393
2441
2394
2442
2395
2443
2396
2444
2397
2445
2398
2446
2399
2447
2400
2448
2401
2449
2402
2450
2403
2451
2404
2452
2405
2453
2406
2454
2407
2455
2408
2456
2409
2457
2410
2458
2411
2459
2412
2460
2413
2461
2414
2462
2415
2463
2416
2464
2417
2465
2418
2466
2419
2467
2420
2468
2421
2469
2422
2470
2423
2471
2424
2472
2425
2473
2426
2474
2427
2475
2428
2476
2429
2477
2478
9279
2431
2479
2432
2480
2433
2481
2434
2482
2435
2483
2436
2484
2437
2485
2438
2486
2439
2487
2440
2488
2441
2489
2442
2490
2443
2491
2444
2492
2445
2493
2446
2494
2447
2495
2448
2496
2449
2497
2450
2498
2451
2499
2452
2500
2453
2501
2454
2502
2455
2503
2456
2504
2457
2505
2458
2506
2459
2507
2460
2508
2461
2509
2462
2510
2463
2511
2464
2512
2465
2513
2466
2514
2467
2515
2468
2516
2469
2517
2470
2518
2471
2519
2472
2520
2473
2521
2474
2522
2475
2523
2476
2524
2477
2525
2478
2526
2527
6023
2480
2528
2481
2529
2482
2530
2483
2531
2484
2532
2485
2533
2486
2534
2487
2535
2488
2536
2489
2537
2490
2538
2491
2539
2492
2540
2493
2541
2494
2542
2495
2543
2496
2544
2497
2545
2498
2546
2499
2547
2500
2548
2501
2549
2502
2550
2503
2551
2504
2552
2505
2553
2506
2554
2507
2555
2508
2556
2509
2557
2510
2558
2511
2559
2512
2560
2513
2561
2514
2562
2515
2563
2516
2564
2517
2565
2518
2566
2519
2567
2520
2568
2521
2569
2522
2570
2523
2571
2524
2572
2525
2573
2526
2574
2527
2575
2576
8323
2529
2577
2530
2578
2531
2579
2532
2580
2533
2581
2534
2582
2535
2583
2536
2584
2537
2585
2538
2586
2539
2587
2540
2588
2541
2589
2542
2590
2543
2591
2544
2592
2545
2593
2546
2594
2547
2595
2548
2596
2549
2597
2550
2598
2551
2599
2552
2600
2553
2601
2554
2602
2555
2603
2556
2604
2557
2605
2558
2606
2559
2607
2560
2608
2561
2609
2562
2610
2563
2611
2564
2612
2565
2613
2566
2614
2567
2615
2568
2616
2569
2617
2570
2618
2571
2619
2572
2620
2573
2621
2574
2622
2575
2623
2576
2624
2625
8961
2578
2626
2579
2627
2580
2628
2581
2629
2582
2630
2583
2631
2584
2632
2585
2633
2586
2634
2587
2635
2588
2636
2589
2637
2590
2638
2591
2639
2592
2640
2593
2641
2594
2642
2595
2643
2596
2644
2597
2645
2598
2646
2599
2647
2600
2648
2601
2649
2602
2650
2603
2651
2604
2652
2605
2653
2606
2654
2607
2655
2608
2656
2609
2657
2610
2658
2611
2659
2612
2660
2613
2661
2614
2662
2615
2663
2616
2664
2617
2665
2618
2666
2619
2667
2620
2668
2621
2669
2622
2670
2623
2671
2624
2672
2625
2673
2674
6614
2627
2675
2628
2676
2629
2677
2630
2678
2631
2679
2632
2680
2633
2681
2634
2682
2635
2683
2636
2684
2637
2685
2638
2686
2639
2687
2640
2688
2641
2689
2642
2690
2643
2691
2644
2692
2645
2693
2646
2694
2647
2695
2648
2696
2649
2697
2650
2698
2651
2699
2652
2700
2653
2701
2654
2702
2655
2703
2656
2704
2657
2705
2658
2706
2659
2707
2660
2708
2661
2709
2662
2710
2663
2711
2664
2712
2665
2713
2666
2714
2667
2715
2668
2716
2669
2717
2670
2718
2671
2719
2672
2720
2673
2721
2674
2722
2723
5172
2676
2724
2677
2725
2678
2726
2679
2727
2680
2728
2681
2729
2682
2730
2683
2731
2684
2732
2685
2733
2686
2734
2687
2735
2688
2736
2689
2737
2690
2738
2691
2739
2692
2740
2693
2741
2694
2742
2695
2743
2696
2744
2697
2745
2698
2746
2699
2747
2700
2748
2701
2749
2702
2750
2703
2751
2704
2752
2705
2753
2706
2754
2707
2755
2708
2756
2709
2757
2710
2758
2711
2759
2712
2760
2713
2761
2714
2762
2715
2763
2716
2764
2717
2765
2718
2766
2719
2767
2720
2768
2721
2769
2722
2770
2723
2771
2772
7440
2725
2773
2726
2774
2727
2775
2728
2776
2729
2777
2730
2778
2731
2779
2732
2780
2733
2781
2734
2782
2735
2783
2736
2784
2737
2785
2738
2786
2739
2787
2740
2788
2741
2789
2742
2790
2743
2791
2744
2792
2745
2793
2746
2794
2747
2795
2748
2796
2749
2797
2750
2798
2751
2799
2752
2800
2753
2801
2754
2802
2755
2803
2756
2804
2757
2805
2758
2806
2759
2807
2760
2808
2761
2809
2762
2810
2763
2811
2764
2812
2765
2813
2766
2814
2767
2815
2768
2816
2769
2817
2770
2771
2772
5216
2774
2818
2775
2819
2776
2820
2777
2821
2778
2822
2779
2823
2780
2824
2781
2825
2782
2826
2783
2827
2784
2828
2785
2829
2786
2830
2787
2831
2788
2832
2789
2833
2790
2834
2791
2835
2792
2836
2793
2837
2794
2838
2795
2839
2796
2840
2797
2841
2798
2842
2799
2843
2800
2844
2801
2845
2802
2846
2803
2847
2804
2848
2805
2849
2806
2850
2807
2851
2808
2852
2809
2853
2810
2854
2811
2855
2812
2856
2813
2814
2815
2816
2817
2819
2857
2820
2858
2821
2859
2822
2860
2823
2861
2824
2862
2825
2863
2826
2864
2827
2865
2828
2866
2829
2867
2830
2868
2831
2869
2832
2870
2833
2871
2834
2872
2835
2873
2836
2874
2837
2875
2838
2876
2839
2877
2840
2878
2841
2879
2842
2880
2843
2881
2844
2882
2845
2883
2846
2884
2847
2885
2848
2886
2849
2850
2851
2852
2853
2854
2855
2856
2858
2859
2860
2861
2862
2863
2864
2865
2866
2867
2868
2869
2870
2871
2872
2873
2874
2875
2876
2877
2878
2879
2880
2881
2882
2883
2884
2885
2886
2888
7426
2889
7998
2890
6456
2891
9231
2892
6270
2893
8425
2894
7061
6235
2896
2902
2953
2897
2903
2898
2904
2899
2905
2900
2906
2901
2907
2908
2903
2909
2960
2904
2910
2905
2911
2906
2912
2907
2913
2908
2914
2915
2910
2916
2967
2911
2917
2912
2918
2913
2919
2914
2920
2915
2921
2922
2917
2923
2974
2918
2924
2919
2925
2920
2926
2921
2927
2922
2928
2924
2929
2981
2925
2930
2926
2931
2927
2932
2928
2933
2934
2930
2935
2987
2931
2936
2932
2937
2933
2938
2934
2939
2940
2936
2941
2993
2937
2942
2938
2943
2939
2944
2940
2945
2946
2942
2947
2999
2943
2948
2944
2949
2945
2950
2946
2951
2952
2948
3005
7877
2949
7312
2950
5132
2951
8693
2952
8924
8184
2954
2960
2955
2961
2956
2962
2957
2963
2958
2964
2959
2965
2966
2961
2967
2962
2968
2963
2969
2964
2970
2965
2971
2966
2972
2973
2968
2974
2969
2975
2970
2976
2971
2977
2972
2978
2973
2979
2980
2975
2981
2976
2982
2977
2983
2978
2984
2979
2985
2980
2986
2982
2987
2983
2988
2984
2989
2985
2990
2986
2991
2992
2988
2993
2989
2994
2990
2995
2991
2996
2992
2997
2998
2994
2999
2995
3000
2996
3001
2997
3002
2998
3003
3004
3000
3005
3001
3006
3002
3007
3003
3008
3004
3009
3010
3006
9224
3007
9404
3008
8812
3009
6806
3010
7571
6808
3012
3032
4868
3616
3751
3075
3672
4249
3026
3185
4665
3017
3064
3669
3020
3137
4680
3789
4528
3041
3222
3820
3056
3253
3486
3556
3765
3059
3381
4470
3085
4001
4548
3057
3788
4421
3073
3854
4300
3033
3052
4858
3083
4254
3045
3154
4826
3105
4138
4363
3125
3174
4553
3047
3169
4367
3043
3358
4858
3237
3248
4467
4534
3181
3329
3354
3080
3671
3837
3271
3346
3064
3081
4131
3185
3990
4085
3077
3707
3919
3095
3103
4196
3342
3928
3092
3247
4355
3501
3586
3062
3110
4838
3290
3327
3063
3113
3147
3649
4456
3069
3270
3445
3098
3163
4255
3186
3324
4399
3151
3637
4316
3473
3793
3067
3398
3667
3089
3101
3104
3133
3173
3198
3352
3232
4363
3443
3537
3564
4563
4658
3152
3488
4080
3386
3784
3362
4683
3108
3114
3121
3149
3275
4349
3159
3217
3476
3529
3714
3130
3987
4026
3195
3459
3163
3204
4019
3128
3210
3819
3076
3085
3126
3716
4746
3143
4037
4507
3855
3914
3101
4453
3440
3442
3319
3336
3548
3172
3218
3272
3835
4051
3509
4675
3087
3583
3623
4576
4591
3183
3190
4829
4478
3330
3812
3899
3255
3721
3196
3806
4260
3126
3202
3112
3476
3096
3104
3114
3764
4519
3283
3288
3633
3256
3330
3414
3932
4177
3147
3202
3148
3429
3995
3282
4446
3165
3691
4168
3197
3774
4436
3976
3139
4092
4117
3259
4638
4375
3223
4593
3211
3646
4772
3132
3724
3777
3279
3536
3277
3372
3876
3597
4467
3187
3369
4617
3145
4465
3118
4607
3921
3252
3629
4052
3129
3373
3137
3337
3580
3182
3229
3120
4412
4470
3188
4508
3285
3787
3287
3474
4658
3194
3393
3479
3259
3370
3579
3215
4670
4165
3164
3254
3934
3356
3633
3293
3339
3700
4726
3216
3315
4004
3520
4538
3258
4425
3422
3466
4697
3200
3878
4601
3175
3219
3847
4249
3178
3198
3650
4057
4657
3160
3306
3638
3251
3598
3739
3171
3676
4035
3797
4009
3297
3586
4339
3469
4778
3201
4033
3229
3873
4381
3715
4052
3300
3331
3643
3411
4494
4299
3269
3510
4660
4293
4651
3169
3924
4769
3468
3493
4815
3451
3527
3347
3470
3977
3469
3922
3308
3815
3207
3325
3878
3226
3276
4128
4445
3496
4014
4649
3243
3623
4740
3206
3906
3962
3282
4019
4153
3817
3225
3318
3387
3334
3703
3517
3559
3328
4451
3176
4564
3213
3700
4403
4432
3382
3644
3464
4708
3338
3371
3625
3278
3298
4543
3277
3569
3213
4400
3312
4836
3263
3357
3577
3438
4103
4716
3437
4631
3251
3261
3391
3535
4705
3547
4160
3428
3497
3320
3647
4101
3205
3465
4159
4149
4462
3839
3900
3403
3581
3247
3666
3361
3299
3869
4694
3999
4577
4669
3234
3795
4856
3467
3843
3545
4843
3281
3836
3477
4748
3231
4347
4348
3302
3368
3752
3456
3530
3447
4112
3325
3406
4108
3318
3344
3485
3659
3307
4485
4210
4228
3567
3792
3234
3268
3229
4729
3250
4141
4235
3475
3699
3925
3541
4371
3790
4471
3298
3926
3946
3507
3755
3237
4852
3280
3481
4803
3254
3359
3787
3365
4020
4141
4118
4407
3412
3790
3458
4423
4475
3301
3522
3983
3288
3855
4070
4846
3262
3598
4723
3257
3890
4057
3289
3305
4587
3247
3783
4744
3305
3310
3645
3719
4300
3313
3484
3891
3291
3937
4118
3249
3784
4144
3397
4361
3284
3827
3276
3995
4479
3704
4266
3402
3650
3624
3264
4300
4167
4206
4029
4215
4088
3599
3538
3539
3970
3262
3381
3379
3386
3458
3540
3885
3275
3828
4620
3309
3317
3699
3449
3462
3636
3491
3506
3374
4633
3534
4720
3394
3744
3516
4442
3314
3348
4281
3334
3519
3692
4874
3429
3798
3340
4647
3355
3895
3660
4565
3462
3671
3655
3301
3375
3521
3592
3702
4816
3322
3523
3681
3441
4280
3706
3638
3852
3357
4315
3321
4650
3508
3897
3439
3553
4208
3378
3389
3685
3452
3629
3825
3317
4596
3538
3658
4556
4069
4572
3706
3652
3718
3435
3929
4739
3469
3478
4751
3778
3549
4586
4659
4712
3852
4380
3620
4301
3793
4656
3312
3313
3372
4186
3798
3577
4580
3472
4544
3380
3447
4182
3511
3420
3661
4120
4096
3384
3496
3542
3672
3414
3415
3899
3558
4864
3573
3554
4314
3374
3727
4133
3413
4664
3366
3352
4806
3404
4273
3367
3570
4652
4832
3366
3441
4206
3487
4109
4123
4459
4668
4697
3440
3601
3385
4523
3392
3395
3957
3456
3816
3600
3717
3834
3954
3427
3515
4381
3500
3776
4202
4801
3833
4840
3448
3574
4012
3360
3729
4260
3526
3621
4628
4722
3483
3519
3768
4278
4631
4328
3426
3589
4840
3805
4534
3905
4644
3862
4706
3390
4722
3578
3931
3412
3735
4222
4251
4447
4111
4291
3844
3546
4592
4536
4700
4676
4695
4785
3626
3658
3696
3580
3864
3596
3426
4024
3484
4254
4642
3449
3620
3988
3517
3674
3381
3474
3405
4426
3709
4717
3461
3821
4392
4002
4486
4224
4417
3521
4232
4400
3604
4106
4819
4474
4749
3568
3997
3679
4627
3471
4303
3459
3867
3505
4343
4061
3684
4274
4475
3429
4335
3523
4825
3411
3674
4850
3436
3487
3713
3422
3584
3591
3407
3952
3425
4233
4168
3587
3901
3822
4773
3959
4581
3571
3591
3607
3533
3907
3450
3772
4322
3685
4690
3509
4018
4632
4036
4737
3460
3502
3942
3508
3927
4685
3499
3810
4737
3477
3619
4342
3433
3700
3512
3953
4723
4579
3735
3751
3788
3585
3651
3701
3449
4021
3782
3588
4015
3742
4502
3555
4489
4563
3454
3650
3952
3534
3634
4750
3507
4773
3524
4303
4792
3553
4224
3651
4120
3582
4278
3560
4257
3862
4040
3985
4699
3543
3985
3543
3728
3633
3738
4090
4481
4727
3542
3667
3706
3603
3696
3931
3971
4624
3750
4550
3948
4433
3480
3956
4017
3500
3831
3586
3908
4844
3640
3551
3562
3687
3865
4098
4655
3732
3854
3879
3599
3858
4264
3831
4063
3525
3590
4103
4244
3653
4571
4132
4460
3576
4619
4780
3691
4578
3597
4656
3953
4301
4753
3941
4289
3524
3704
3654
3771
3973
4063
4039
4325
3513
3979
4348
3491
3676
4186
3657
4215
3643
3959
4791
3494
4599
3668
3757
4151
3758
3780
4762
3684
3618
4069
4806
3817
4106
3544
4142
3508
3615
3781
4644
4022
4230
3775
3910
3940
3573
4108
3505
3832
4596
3605
3870
3741
3755
3846
3547
3664
4186
3694
3516
4171
3887
3669
3727
4597
3836
4696
4085
4257
3859
3564
3678
3687
3990
4089
4710
4247
3624
3748
4463
3911
4128
4852
3577
3667
3874
3701
4778
3665
3675
3688
3955
4080
4359
3663
3991
4349
3927
4435
3589
3590
3657
4013
4395
3550
3982
4848
4218
4282
4779
3571
4857
3561
4847
3711
3804
4281
3833
3940
3716
4066
3551
4034
3855
3725
3613
4797
3683
3800
3644
4277
4602
3998
4245
3662
4877
4152
4809
4017
3686
3698
3736
4417
3829
4589
4630
4646
3672
3697
3606
3909
4418
3733
4110
3795
4749
3868
4665
4288
4328
3564
3820
3889
4095
3572
4318
4533
3601
3740
4054
3858
4438
4116
4708
3669
4583
4594
4717
3950
4067
4555
3619
3578
3871
3705
3771
4605
3608
4158
3993
4177
4243
3601
3988
4311
3891
4827
4522
4539
3950
4244
3681
4120
3957
4303
3598
4391
3675
3640
4351
4126
4580
3732
4027
4746
3632
3718
4309
3649
3749
4240
4150
4315
3912
4785
3763
4180
3611
4045
4770
3957
4419
3608
4460
3619
4637
4428
4444
4590
4628
3767
3613
3986
4484
3981
4454
4835
3839
3850
4007
4299
3642
3710
4573
3666
4447
3978
4689
3830
4242
4425
4029
4062
3879
4271
4796
3708
3863
3963
4863
3723
3754
4081
3747
3824
3747
3753
4668
3813
4319
4451
4253
3737
3916
4309
3840
3958
3961
3752
4155
3840
4491
3818
3954
3997
4021
4317
4038
4761
3745
3641
4592
4655
3683
4071
4652
4511
4025
4373
3908
4756
4078
4667
4344
4719
3680
4065
4854
3972
3693
3894
4661
3910
4321
3730
3932
3690
4536
3751
4199
4862
3954
4081
3799
4483
4491
4725
3765
4609
3732
4097
4187
4352
3877
4642
4183
4524
4056
3723
4287
3703
3814
4339
4212
3736
3841
4820
4482
3791
3684
3722
3940
3970
3728
3808
3721
3885
4552
4657
3697
3960
3998
3928
4205
3733
4872
4207
3904
4231
3788
4114
4148
3894
4324
3838
3778
3851
3896
4424
3831
3973
3895
4083
4836
3765
3769
3944
4220
4788
3905
4347
4845
4608
3850
4764
3897
4285
3818
4116
3859
3937
4002
3816
3819
3724
4065
4246
4424
4685
4692
4253
4691
4203
4101
4525
3920
3854
4392
3848
4077
4116
4154
4621
4818
4204
3799
3804
4515
3893
3963
4034
4516
3919
4163
4702
3845
4605
3795
4408
4629
4448
3776
3952
4610
4689
3872
3920
4072
3804
3819
3978
4873
3914
4249
4232
4337
3884
3917
4026
4714
3984
3851
4877
3868
4167
4427
4624
3787
3789
3980
4276
3923
4181
3904
4606
4075
4716
4497
3786
4024
4382
3871
4463
4474
4735
3785
4450
4514
3857
4072
4820
3800
4030
4498
3949
4051
4353
3936
4004
4544
3811
3877
4495
4028
4635
4171
4261
4252
4734
3872
4344
4356
3867
3967
3974
3849
4535
4603
4355
4618
4662
4678
3826
4323
4756
3805
4059
4490
4130
4629
3786
3791
4251
4447
4172
4776
4250
4866
3915
4188
3941
4264
4844
3958
4415
3882
3945
4333
3847
3987
4278
4323
3853
3823
4389
4643
4000
4145
4385
3842
3903
4786
4139
3943
4443
3812
3886
4009
4290
4674
4150
4423
3870
4036
3815
3823
4794
4364
4597
3908
4832
4441
3820
3972
4684
4020
4097
3887
4420
4409
3869
3971
4259
4608
3968
4542
4039
4616
3991
4283
3930
4411
4660
3906
4179
3883
4238
4684
3962
4434
3879
4416
4757
4228
4358
3867
4325
3944
4677
4603
4837
4045
4178
3886
4280
4177
4732
4865
4663
4063
4708
4104
4815
4730
3911
4184
3938
4509
3942
4504
4695
4211
4682
4326
4622
4100
4338
4466
4078
4595
4443
3892
4174
4123
3969
4727
4320
4687
4795
4190
3942
4396
4755
4089
4540
4313
4435
4003
4366
4012
4583
4380
4420
4048
4189
4252
3907
4010
4823
4229
4393
4678
4826
3888
4025
4625
4049
4387
4124
4121
4545
4062
4821
4422
3966
4569
4371
4569
4793
3921
4157
4369
3918
4346
4714
4007
4779
4259
4792
3923
4214
3946
4621
4506
4407
4696
4221
3981
4688
4818
4006
4160
4829
3936
4198
4005
4549
4690
4095
4518
4108
4726
3964
4331
4225
4047
4122
4000
4751
4181
4429
4454
4185
4671
4224
4786
4056
4030
4134
4645
4484
4713
4841
4149
4062
4262
4813
4204
4853
4292
4875
4075
4547
4114
4843
4004
4127
4519
4053
4064
4189
4138
4560
3970
3982
3986
4713
4466
4715
4000
4438
4494
4093
4187
4385
4699
4008
4614
4034
4077
4750
4124
4109
4604
4521
4295
4077
4640
4037
4049
4630
4067
4741
4231
4614
3992
4852
4044
4193
4082
4413
4086
4042
4492
4269
4449
4654
4102
4833
4176
4520
4361
4023
4118
4016
4735
4738
3996
4024
4398
4365
4401
4054
4736
4824
4340
4237
4275
4456
4783
4059
4709
4846
4151
4440
4192
4200
4111
4032
4589
4395
4512
4007
4767
4453
4541
4302
4084
4487
4070
4406
4261
4871
4099
4842
4824
4102
4822
4031
4502
4704
4574
4029
4839
4641
4765
4085
4723
4413
4762
4207
4071
4675
4045
4345
4161
4728
4547
4267
4794
4566
4871
4143
4202
4223
4042
4230
4567
4639
4830
4185
4274
4504
4763
4205
4252
4350
4134
4701
4095
4096
4464
4092
4271
4372
4462
4611
4679
4745
4211
4661
4156
4248
4219
4163
4233
4260
4759
4129
4327
4701
4406
4149
4170
4634
4870
4552
4107
4559
4677
4137
4217
4286
4068
4419
4311
4510
4483
4234
4561
4087
4875
4146
4090
4098
4777
4256
4732
4160
4184
4587
4399
4320
4458
4135
4082
4166
4322
4198
4190
4122
4282
4289
4748
4207
4707
4332
4498
4236
4242
4733
4515
4196
4386
4537
4268
4129
4349
4171
4203
4410
4518
4681
4664
4294
4813
4287
4691
4263
4812
4132
4378
4377
4393
4519
4413
4156
4189
4527
4180
4368
4503
4182
4194
4128
4235
4538
4162
4131
4594
4807
4294
4821
4164
4330
4449
4155
4309
4404
4532
4551
4136
4451
4597
4616
4647
4229
4270
4145
4158
4408
4816
4384
4227
4319
4879
4747
4425
4660
4283
4588
4296
4179
4352
4175
4550
4768
4197
4169
4445
4297
4623
4394
4266
4298
4704
4173
4801
4831
4199
4555
4828
4673
4341
4557
4429
4454
4310
4539
4214
4276
4679
4788
4819
4226
4524
4390
4402
4421
4859
4193
4851
4360
4876
4728
4585
4578
4255
4599
4196
4861
4194
4636
4311
4510
4684
4721
4255
4359
4671
4711
4501
4818
4383
4399
4499
4776
4188
4239
4602
4845
4304
4250
4387
4497
4601
4354
4365
4860
4804
4263
4308
4444
4279
4686
4556
4318
4285
4369
4208
4517
4725
4306
4710
4338
4248
4427
4706
4241
4363
4421
4397
4477
4237
4317
4416
4228
4379
4418
4545
4666
4232
4530
4814
4245
4512
4404
4822
4280
4646
4339
4845
4738
4479
4873
4332
4371
4285
4290
4241
4859
4314
4703
4492
4624
4390
4442
4710
4686
4855
4323
4743
4333
4469
4456
4559
4296
4732
4316
4609
4414
4771
4431
4442
4476
4388
4273
4466
4307
4598
4605
4312
4269
4288
4331
4468
4566
4298
4842
4428
4461
4377
4388
4618
4751
4502
4572
4539
4724
4847
4397
4766
4294
4473
4747
4568
4671
4661
4793
4626
4329
4366
4345
4740
4543
4505
4493
4511
4459
4532
4867
4640
4329
4354
4582
4681
4595
4546
4678
4304
4383
4469
4306
4327
4464
4600
4340
4405
4450
4434
4598
4687
4510
4422
4665
4453
4541
4372
4705
4427
4699
4398
4436
4567
4423
4849
4402
4742
4567
4341
4784
4575
4367
4429
4613
4370
4438
4879
4480
4437
4331
4346
4569
4811
4433
4672
4800
4381
4391
4533
4542
4709
4851
4799
4831
4662
4437
4637
4401
4707
4362
4392
4754
4622
4394
4613
4506
4606
4383
4385
4434
4758
4377
4448
4719
4430
4432
4593
4418
4688
4599
4507
4513
4391
4518
4777
4516
4639
4373
4793
4448
4525
4638
4759
4796
4439
4455
4564
4404
4833
4527
4604
4584
4645
4472
4531
4602
4398
4618
4623
4635
4638
4757
4420
4811
4540
4733
4611
4811
4787
4528
4866
4403
4530
4758
4570
4477
4511
4636
4515
4650
4619
4503
4582
4566
4746
4633
4485
4549
4538
4781
4830
4537
4517
4667
4795
4468
4817
4823
4471
4553
4482
4561
4766
4468
4870
4870
4592
4548
4670
4505
4683
4582
4586
4701
4472
4648
4536
4768
4814
4486
4562
4622
4717
4541
4760
4522
4724
4854
4488
4577
4680
4635
4785
4634
4866
4805
4780
4496
4524
4659
4653
4760
4493
4804
4476
4520
4626
4531
4513
4615
4508
4640
4554
4702
4612
4666
4600
4718
4641
4694
4500
4730
4558
4712
4496
4534
4720
4575
4636
4850
4576
4643
4588
4865
4509
4550
4700
4687
4764
4621
4770
4540
4676
4620
4628
4878
4690
4555
4763
4672
4693
4651
4565
4856
4613
4863
4565
4752
4719
4570
4611
4634
4574
4601
4865
4654
4774
4741
4835
4837
4861
4743
4580
4744
4557
4790
4573
4810
4653
4581
4666
4718
4706
4802
4662
4615
4810
4855
4593
4703
4625
4594
4754
4659
4774
4578
4744
4861
4648
4784
4704
4583
4728
4642
4730
4606
4668
4610
4603
4739
4617
4632
4681
4656
4683
4713
4705
4796
4643
4783
4834
4696
4764
4654
4847
4792
4680
4627
4857
4805
4808
4803
4827
4856
4673
4869
4627
4735
4749
4808
4731
4676
4828
4655
4848
4693
4650
4869
4658
4752
4797
4688
4790
4807
4718
4724
4729
4878
4731
4834
4729
4876
4782
4817
4867
4707
4758
4807
4682
4692
4855
4745
4781
4873
4874
4825
4789
4748
4731
4716
4750
4767
4830
4768
4860
4766
4742
4753
4801
4782
4737
4799
4800
4802
4741
4743
4787
4802
4773
4860
4783
4761
4872
4797
4809
4823
4786
4775
4862
4772
4803
4831
4816
4777
4820
4832
4759
4774
4849
4819
4808
4789
4853
4779
4815
4835
4837
4798
4854
4804
4781
4798
4817
4780
4810
4809
4839
4825
4800
4848
4824
4827
4863
4853
4842
4839
4849
4864
4821
4851
4833
4840
4838
4875
4841
4841
4859
4858
4868
4857
4868
4872
4874
4879
4877
4878
4881
5055
5137
7450
4891
9644
9675
4884
6874
7339
5027
7035
4900
6212
6716
4892
6004
7210
4888
4922
5313
5341
5912
4895
7734
9606
4908
6025
9110
6575
9807
6775
6811
4903
5821
8679
4902
5546
7186
6293
9218
5094
5630
9808
4969
5718
10166
4947
6919
9233
4921
5315
6852
5328
5372
4952
8037
8809
6679
9206
6776
8864
5010
5363
9700
5053
5847
10220
5456
5870
8721
4911
4944
6374
5018
7161
5078
5834
9325
4955
8433
9730
5105
5117
4913
7184
8618
6414
8399
5153
6375
7628
5162
5610
9406
5026
6357
9649
5407
5450
8526
4978
5091
5713
5391
5545
5727
5209
5378
5609
5806
6139
5374
5553
4977
6938
7170
5252
5619
9342
5076
7579
8776
5464
5909
7607
4987
7614
9383
4966
5653
6988
5178
5666
7026
5054
5427
5515
4961
5418
5444
4958
5580
6836
5040
5360
9863
5402
6144
7793
5280
6959
7739
5601
6311
6333
5004
5883
6111
5257
5270
7659
5275
5871
6214
5125
5179
5367
5179
5192
5610
5209
6040
7042
5038
5679
8704
4971
5911
5448
6966
7633
5050
5841
7949
9637
9638
5077
5455
10402
4964
7072
7921
5110
5153
8148
5182
8466
9763
6709
9171
5132
5502
7312
5025
5839
10437
5261
6393
4971
5028
8483
5160
6123
7540
6967
7224
4981
5437
5840
5052
5659
7439
5061
10249
5034
6451
7604
5373
5899
6018
6092
7510
4967
4980
5549
5039
7159
5266
10296
5751
7134
7530
4997
9831
4990
5195
9339
5088
5456
5631
6048
5321
6167
8837
5141
5939
6813
4976
4994
9772
6719
8585
7343
9581
5226
5874
5098
5228
5734
5882
8407
5676
7282
5155
5376
7216
5069
6916
7631
5692
5762
7747
5002
5096
6598
5237
6368
9353
7989
9126
5492
5720
7004
5218
5769
7096
6962
9876
5292
6641
7647
5013
5067
6540
5055
6849
9459
10419
4996
9123
9588
8458
10052
5590
7227
5173
6330
6383
5177
5725
8281
5397
5950
6125
5024
6059
9338
5873
6639
5338
6080
6579
5080
10405
5124
6668
9198
5046
5348
8203
5048
5175
9897
5031
7331
7490
5011
8396
10024
8560
6034
7996
5846
7187
7624
5287
8291
5343
5905
9112
5255
5485
10300
5298
5880
7904
5165
5202
8387
5129
7739
5207
5756
8304
5094
5465
8194
5421
6001
6367
5440
5521
6068
5510
7483
8746
5798
10329
5059
10338
9571
9782
5636
5959
8507
9604
5259
6549
8400
5163
6714
9262
7119
9032
5079
7799
9819
5386
5941
9124
8207
8219
5358
6213
6480
5063
7731
9544
5088
5808
8507
6595
7674
8472
8997
7472
9187
5142
5594
8994
5043
7617
7651
6966
6990
5100
7811
9640
5062
5732
6146
5203
10025
5157
5889
8593
5403
9717
5097
7023
7251
6278
7039
5052
5180
10381
5228
5102
9912
5067
5887
5109
5961
10404
5190
5314
5477
5235
5658
5772
5308
10139
5208
7668
7880
5140
10183
9658
10297
8001
8958
5232
7358
7555
5115
6449
9770
5505
6189
8104
6302
5167
5855
5884
5418
6195
5073
5560
6265
5306
6066
7969
5365
5657
9226
5453
7641
5147
6083
9190
5194
5573
6130
7268
9063
5908
5933
6670
9853
7749
7895
7829
9529
5304
6324
7308
5103
5554
6820
5224
7717
7930
5120
5368
9946
6041
6103
7741
5635
5791
6715
5138
5401
10179
5105
5227
5358
6098
5104
7302
8138
5164
7468
5219
6699
10077
5119
5536
6871
8697
5117
6951
7527
9207
9446
6467
7196
5338
6288
5473
5982
6159
7408
9328
6245
6287
5771
7368
7301
7606
6243
7735
5299
5267
6028
8206
5135
5402
6106
5122
5723
6904
5681
10294
5306
7797
5149
5707
6922
5136
5872
6285
5130
7298
7459
5133
5948
9910
5257
7926
5187
6273
9040
7295
5369
6187
6909
7381
7613
5231
6823
5264
5945
9487
5991
10201
5229
8344
8614
6974
9193
6136
9945
5598
5811
6903
5353
6126
8390
5217
7709
8109
9052
9175
5396
9190
5200
5362
10141
7155
5175
6562
5380
5834
8310
5587
7761
6339
7204
6771
7049
6904
10081
5328
5532
6072
6239
9809
6044
6269
7734
8703
5197
6607
5146
6600
9901
5214
5290
5878
5266
7841
7459
7603
5154
8610
8624
5323
5326
5411
5701
5817
5284
5768
6110
5166
5845
6075
10015
6137
9986
5168
6561
5243
8377
8674
5203
6325
5199
6759
7413
5187
5200
8122
5486
6844
6408
8822
9073
9129
6994
9246
5765
8577
5802
9306
6234
8817
6422
7099
7095
10125
9196
5222
6711
9920
5322
7388
8274
5472
6237
6421
6710
5462
7394
8773
9431
5470
5741
7946
7092
8438
7285
8499
6160
7046
10372
5400
6840
10012
5293
5341
5414
5544
6935
5739
6379
7210
5356
5618
9968
5564
6031
8732
8480
5333
6007
10271
5238
6444
9745
6599
7135
5226
6512
8844
5475
6081
5194
7901
8539
8813
5620
6620
5432
5703
6302
5717
6547
5395
5404
9227
6727
7114
5741
5245
7217
7730
5263
5460
7349
5653
5897
9061
5278
5309
10369
5350
6876
8470
7130
8475
6689
8397
6685
5234
5495
5977
5542
6468
9433
5461
5982
6991
5247
6006
8598
5779
6223
5668
6248
7276
6772
6368
8151
6397
8066
7816
8218
5341
6415
9617
5253
7238
7775
7433
9108
5286
5547
7336
6690
8409
5423
7435
9167
8577
5347
5618
9958
7984
8440
5418
6486
10241
5285
9215
6655
10238
5616
6318
6512
5626
7984
5385
5730
10214
5797
10035
5389
8070
5507
6250
7551
5345
6276
7205
5301
5533
10278
5302
5758
7374
8016
8437
5476
6552
6690
8967
5263
5286
8035
6928
8612
5441
6732
9659
5289
5608
7881
5288
5932
6180
5327
5372
6794
5283
5792
6689
8986
5323
6322
7115
5575
8449
5351
8296
10378
5446
5930
6378
7561
6717
9763
5484
6912
7227
6086
8738
5575
7350
9288
5957
5482
10409
5320
5495
6231
6800
6563
7310
5434
9304
9376
5272
5984
9077
6174
9875
5349
5396
6039
6058
6707
5335
5708
8895
5629
5978
9181
6178
7699
5410
5998
10163
5346
5616
6252
6338
6684
5299
5425
5772
7161
7427
5569
5726
5877
5426
6746
10161
5330
7810
5704
8016
7649
9601
8387
6529
7101
5900
6550
7006
8171
6370
7158
5721
6323
7983
5875
5910
5398
10346
5559
6560
6674
5404
5527
8106
5329
7269
9378
5435
8369
9754
5357
5892
7295
5361
6866
9176
6119
6657
6033
8542
6095
6433
8787
5315
6153
5409
6616
7286
8724
5371
5490
6086
7491
9425
5530
8707
5424
7059
8163
5727
7108
7805
5810
5966
10003
5364
5729
5416
5996
6745
5334
6751
7845
5339
5449
5357
6327
9373
6837
8343
5530
6693
7787
8188
6827
8335
7447
5455
6971
9273
5647
5722
7614
6164
6285
6039
7771
6039
7529
9377
6514
7834
5393
8030
8066
5779
6592
7021
7179
8483
6526
6916
7417
9313
5488
7919
8395
5399
8065
8770
5659
7145
8793
5438
6778
7702
5475
6704
9821
8791
8826
5595
7327
8994
5786
6116
5826
8187
5445
6999
6987
8701
6141
7771
8201
8694
5648
9292
5695
7065
7982
6415
8346
5660
7150
8060
5682
6084
6645
5366
10264
6987
9968
5551
6452
6960
7545
7608
9491
9877
7557
9203
6702
7780
8325
10266
7002
8259
5468
10414
5475
7370
6165
9220
7777
8238
5599
7017
7368
5979
6393
6565
5377
8111
5671
5757
5694
5781
9245
7290
8331
9229
9293
5683
7425
5406
7650
8278
6603
6906
5850
6901
7384
5543
8463
9815
5463
7575
8264
5624
7805
8805
10321
8847
8903
5724
5782
9282
5453
5586
8914
5574
5794
5796
6957
7718
5430
7398
5412
8054
6818
8923
5744
5952
6821
6584
9888
8301
5415
8119
5912
6568
7261
9298
6232
9086
5570
10423
7995
6684
7482
5557
5420
7096
8066
7651
9971
5436
8021
5687
6216
9993
5497
7269
6610
9447
6076
10048
7626
9823
5449
9364
5541
10188
9300
9321
5524
7954
5901
6295
9005
5493
7888
8204
6582
8073
6350
7945
5457
6299
7731
6662
7386
7300
8659
6390
7778
7422
7524
6263
8929
6023
6546
6945
8849
6047
9778
5550
6307
7351
5531
6540
5527
5831
5866
5792
7455
6051
6097
6470
7026
5480
8767
8996
9518
5496
8756
6303
6694
8320
5586
6546
6685
5661
6138
7176
7631
8351
8513
9621
5857
6590
5820
5954
7752
8856
9119
7235
5806
7315
5623
8199
8453
5498
9314
9895
5842
5503
6595
9143
8715
7801
7432
9086
5514
8342
8491
5947
6149
9085
5494
8268
7277
6401
9162
5553
8579
9295
8096
8532
5523
8073
8862
5924
6104
6592
6795
10365
5786
6192
6544
8122
8712
5497
7476
10090
5683
6614
7743
9880
5712
6642
7117
5749
9412
5483
8775
5629
5731
5974
5851
6779
7566
7020
8849
5697
5789
9555
9835
10430
5522
8207
9873
10127
5897
6757
5570
6446
5604
6110
6876
8017
9721
5565
6259
9119
6630
7452
5723
6751
10028
6325
6405
7538
9132
5957
8288
5664
7120
8856
9378
8934
8970
5979
6783
7256
5678
5985
6060
5777
6173
6712
6924
7595
7975
9416
5828
5830
9479
7212
8730
5600
7586
7807
8829
8996
5925
7102
7910
5519
5585
10427
6079
8131
5617
6322
6796
5583
6635
6647
5621
8383
9642
5585
7653
6365
6465
5526
6282
7314
5699
5918
9115
5655
5785
7097
6718
9082
5567
5921
5997
8742
5958
5996
6070
7859
5561
7722
6657
7492
5894
7336
7636
5581
7897
8329
5552
5612
9135
8280
5547
6955
5964
7257
5826
8546
5732
6026
6085
5934
7044
10160
6809
7445
6091
6837
7090
5560
8026
9195
5656
6143
10020
5615
7809
9089
7449
10237
9302
6196
6205
7190
7858
7214
7888
6420
6824
6282
6495
6851
8172
5555
8263
7529
8911
5642
7309
6095
6118
5729
6832
7500
8311
8382
5743
6035
8127
5962
9768
6166
6274
7160
8565
8914
6301
9522
5632
6152
7292
5608
8520
8612
6364
9795
7545
7608
5752
6405
8779
5853
6695
5633
6098
9501
5821
10416
5634
5731
6234
8149
5848
6888
7167
5997
6358
5835
6681
8096
5725
6035
6986
5669
6463
9523
6345
7780
8580
6015
6211
6783
5593
8350
7100
7178
5637
6303
7808
9521
5760
6065
8142
10341
7042
5588
6499
7421
7995
5640
7875
8056
6071
9142
5622
6625
8925
5626
5776
5931
8493
10390
7955
8969
5601
9267
5951
6222
7127
5677
8797
8893
5858
10031
7474
9985
6758
7710
9074
6218
7172
8718
5881
6402
8951
6629
7970
5670
5679
10350
5686
7864
9146
5627
8676
9043
8771
7645
9541
7681
5770
6918
8973
6376
6920
5756
6065
7024
5859
6738
10057
6485
8041
5795
5766
7104
9672
6369
7630
6293
6946
6924
9324
7278
7889
5662
9762
8642
5970
6925
8635
5665
7882
8681
5745
6304
7198
7729
5836
8313
7539
8343
5794
6814
7431
5667
10431
6271
9624
5681
7366
7056
9398
5663
5714
8655
5888
5915
6780
5937
10037
5807
6381
8681
6225
7202
5652
8173
9024
5849
6016
8181
5738
7964
8042
5969
6952
8680
5655
7226
5881
6805
5784
6172
6970
5790
7309
7609
5726
6678
7004
8439
9139
9563
5819
7070
8669
5852
6731
9955
8062
8124
7778
8614
9948
8354
9792
6003
6385
6707
6958
6967
8046
6256
6683
5674
7493
7306
7987
6029
8478
9695
7840
8146
6616
7160
5816
7575
5735
6568
7029
5944
6384
8572
5931
7548
5812
5978
7366
6786
7353
6553
6734
6290
6939
6560
6102
8119
9113
9865
7111
7466
6100
5741
8085
10137
5736
5857
9695
6574
8087
8759
9020
5818
7271
7365
6032
6963
7943
5704
5920
7117
5754
6049
8026
7608
9839
5833
6083
8361
6576
7947
7654
8170
5740
6498
10275
7428
9401
6537
6890
7854
6140
7357
5971
7008
10016
7474
9978
5875
7376
7996
6282
6643
5712
5763
5937
7763
6107
8111
9147
7114
8908
5823
8842
6180
6413
8819
6249
6544
8289
6129
6332
7668
7513
6334
6733
7219
9660
5755
7390
5829
7220
8476
5907
9365
9766
5928
6087
6675
8679
8779
7822
8983
6530
7207
10081
6602
7999
9915
8679
8521
6706
6833
7497
8553
9621
9899
7319
5914
7341
8519
5942
7143
6908
9566
6964
9307
5754
7934
9195
7518
8536
7816
8429
9230
9814
6014
7656
9027
6676
9915
5890
10274
8117
9226
5809
7798
8765
6175
6762
8758
5960
7412
9128
8133
5874
5940
7138
7967
8355
6382
6432
6038
7299
9442
8349
6288
9929
6415
8036
7153
8452
10036
6695
9929
6115
7512
7662
6020
7511
5923
7454
6319
6454
10144
5844
10060
5824
7338
7013
7766
7846
7970
8674
5887
6365
8078
8825
6238
9346
5913
6335
6456
10152
5855
7417
7594
6182
6418
7717
5913
7076
6359
6869
6156
6665
9516
8116
5845
6993
8294
7356
9568
7334
9569
6548
6859
7634
7541
7703
6324
9260
9301
6525
8402
8496
5894
7065
8630
6427
6896
7268
7643
6649
7951
6850
6168
6207
9978
6089
6678
6748
5924
7377
5993
8407
9718
10207
6070
6343
9774
5838
7289
9748
6556
7335
8210
6622
9554
5843
6059
8157
6008
6142
6773
6305
6523
6781
7463
7192
8201
6390
8877
6090
6866
8516
10127
7580
8074
5959
10306
5848
6586
7816
6673
7420
8371
6163
6377
6770
7339
7508
6207
6310
6244
8228
6212
6716
6564
9942
9478
6042
6699
7828
8137
8879
5872
7457
5849
6583
8544
5889
5886
6363
7341
6835
9620
6498
7341
6526
8198
6171
7224
5866
7797
7969
6307
8619
6559
7726
9139
5929
7777
5906
6017
6642
6033
7153
10083
10397
7937
8603
6795
7071
5903
7835
8393
10159
5873
6598
8737
8059
8456
9461
9830
6379
8233
7472
8701
6071
7367
7365
9120
7519
6072
6716
8458
8391
6203
6386
10087
6248
7212
8104
7320
7921
6190
6426
10110
5879
6074
7071
6179
6488
6492
6057
8490
8607
6073
6693
6869
6648
6954
8785
7168
6109
6989
10147
5896
6677
9669
6230
8830
9241
8836
8870
6097
9489
6322
7402
6318
6300
6241
6675
7134
6748
8822
6221
6802
6031
7243
7094
9373
7355
7841
9781
6683
8844
6265
6810
6079
6604
8302
6394
7588
7101
6208
7634
6907
6625
8372
6229
6661
10388
5953
6727
6116
6842
8064
7709
6194
6422
9122
7316
8899
10084
6063
7611
10322
6107
7632
6492
8782
6671
7174
5943
8954
8043
9735
5959
6055
10288
8858
9293
8803
9173
6688
9297
5963
6825
6220
7262
6053
6807
6021
7375
8325
7185
7588
9192
7166
9720
5994
7367
9909
6037
7900
9824
6448
6542
5927
8683
9722
6226
7192
6756
9587
6133
8195
8718
6514
8056
7203
6015
7487
6120
6247
6927
6472
8486
8380
10003
8915
8932
7913
10107
6441
7656
10280
6632
9444
6050
7783
6006
6828
7713
6078
6724
9261
7749
6417
6703
8677
6436
7966
5988
9007
8884
9321
8913
9904
7937
9032
7628
10191
7284
8800
6298
6773
7187
8597
9904
6199
7482
6155
7549
9094
6102
7705
6342
7665
8207
8775
6759
6901
7048
8069
5964
8307
9989
5972
6363
6498
6090
7587
8219
7532
7896
6874
7251
6171
9872
6519
10399
6457
6112
6872
10061
8380
9666
6522
7478
8487
6128
6424
10362
8412
8777
8427
8790
6396
9703
6000
7273
6277
7010
9553
6581
8067
6027
8727
9796
6017
6060
7513
8623
8873
8080
8272
6085
7022
7493
6002
6336
7070
6789
6626
6769
7136
9750
10375
6251
8223
5996
7838
8044
6054
8242
8955
6334
8047
6430
7576
7720
6201
7567
7845
9558
6345
6502
8990
8109
9781
6980
7223
6145
7158
9432
7878
6847
10330
6134
7110
6045
9010
6205
9556
6161
6970
6019
7873
6379
8269
6082
7181
8355
9102
6621
8677
8479
10048
6326
6476
6484
6129
9424
10267
6012
8030
9194
9019
9212
6040
6093
8766
6506
10066
7275
7350
7894
6290
6272
10150
6550
9148
6119
10364
6445
8401
6361
6822
9545
9111
6177
6412
6965
6580
7036
6317
8260
8447
10222
7046
7436
6844
9177
7404
6738
6238
7584
7898
8637
8988
6910
6115
6882
9561
8195
8607
7963
9996
7425
6180
6550
6450
9952
6162
6677
6762
6083
6141
6150
9287
6254
6295
7028
7108
9685
6934
9974
8979
9313
6140
8641
6178
8038
6899
7033
8543
7849
8140
8383
9058
7035
8416
6135
7584
9988
7753
8242
8890
9439
9902
8437
6387
6459
9169
6854
8265
9664
6409
7788
6747
7242
8075
6930
9048
9950
6658
7217
7264
6130
9088
6507
6652
8162
8888
9831
8307
7083
8280
6278
8732
6316
8357
8479
9741
6664
7238
7265
9590
9794
6157
7390
8087
9438
9787
6312
7967
8353
9241
8440
6440
7236
9268
6182
9498
10285
6101
6152
9176
6214
9616
6184
7704
6273
6276
10277
9060
6217
6603
7428
9990
6999
6117
8444
8803
6412
6977
8461
9139
7524
8819
9596
8116
8128
6176
7490
8750
6132
7863
7526
7811
9053
7644
8138
6226
6256
6634
6934
9964
6453
7492
6152
7103
7791
9628
7535
6290
9726
9634
9688
7492
8121
8454
6443
7590
8045
6720
7323
7564
9285
9286
6389
6587
6779
6399
10167
6717
9617
6927
7337
8227
6711
6749
7880
6225
6251
7677
8866
6968
7247
6830
8358
6701
7679
7147
7372
6215
9518
7658
10158
6727
7904
6153
7315
6518
9190
7280
9326
8860
10062
7955
8783
6477
8098
6317
6715
6247
7022
7548
6227
7944
9499
10331
10349
6363
6566
7536
8359
8722
7542
6172
6458
8039
6407
7393
8524
9512
6257
6755
6766
7401
7612
6329
7701
6215
7681
6212
6479
8305
9575
7719
10282
6169
8908
7149
9374
7352
8563
9750
10046
7347
9816
7741
10004
6219
6905
9613
6967
8488
6356
6248
6400
7379
8305
8277
8554
6534
7425
8798
7298
10280
6407
6725
10091
7930
6561
7156
8670
6534
7872
6681
6767
8308
6260
7475
10355
6706
8904
6233
8988
9933
7570
9494
8414
9071
6320
6911
8629
7274
8064
6509
6889
7098
6810
7646
6197
10384
6350
8192
7494
9663
6217
6559
8891
7262
9011
6297
7535
8199
8084
8451
6520
6855
7124
8421
9075
6373
6511
7353
10032
6261
7378
8017
8815
7189
8410
6297
6374
6880
6242
9030
10118
8216
8272
7431
8041
8581
6778
8045
8189
8118
6740
7221
7363
7454
6338
10255
7287
7680
6447
9432
9296
10425
6555
7043
10279
9088
8201
6561
7216
6294
9364
7497
10266
9551
10232
6684
7843
6281
7432
7427
10263
7729
6481
6973
6724
7739
7796
6977
7440
9912
7756
9610
6497
6979
7236
8900
8033
9120
6367
9715
7473
8834
7211
9622
6862
7526
9467
8984
7274
7555
8423
10420
9573
6657
8007
6314
6844
7849
6346
7436
7253
7927
8962
6693
7142
8075
6696
6811
7782
6708
6966
7545
9136
7793
7907
6323
6331
7452
6302
6857
6460
6600
8222
7568
6740
6953
7312
6702
9044
9633
6831
7582
6307
8650
6829
7589
6275
8724
7223
7911
6648
7956
8230
8725
9048
9301
7595
8414
9263
6572
6777
6963
6764
8710
9579
8517
9426
6570
6957
9034
6950
7819
10044
9154
6770
8625
9132
7329
7481
7143
6392
7569
9460
7007
7316
8290
6781
6932
7646
8395
8901
6989
6726
8068
8609
6842
7280
8918
7281
9544
6807
7074
6599
7171
8853
6473
6557
7230
8682
6560
7180
7434
6605
7700
7952
6886
7358
8422
9757
10121
7618
10112
6464
9524
6388
6855
10140
8503
9285
6698
7149
8622
8149
9862
9607
9356
6668
7994
6330
8749
6344
6353
6667
9036
7093
9574
7232
8677
8203
9278
6398
8592
8726
6991
9804
6420
7345
8306
8739
9874
6349
9490
6589
6714
7998
6353
6472
6806
6984
7708
7482
7457
9821
6389
6980
7399
6429
6889
10143
6669
9609
9441
9582
6458
7015
9105
6563
9005
6659
6988
10292
6547
8499
8922
6947
8714
8974
6710
7288
9141
6517
7755
9316
8039
6644
6718
8254
6535
7344
9387
6466
9702
9712
7971
8443
7083
8626
6400
7276
8709
7572
8421
6965
8095
9294
6669
9223
8684
6656
8101
9195
8691
7188
6428
6626
7021
8098
6680
7099
10095
6567
6609
6774
7263
8420
7375
7307
8724
6433
6475
9095
9257
6625
10417
6416
6606
10055
6483
9043
6653
7000
6591
9355
7307
9846
6863
9784
6554
9238
7237
8893
6576
6978
7367
6570
7082
7528
8160
7684
7957
9410
8373
10068
6663
8237
8759
6500
10225
7395
8923
9878
9986
7372
8050
8244
6587
8504
7125
10148
6998
7090
7522
6617
7909
10309
8399
6524
8090
9184
9312
6748
6431
8315
6838
8190
8738
6539
7062
7583
9639
8613
8644
6432
8411
6990
10211
6447
7127
8843
9930
6513
7562
7208
6824
9354
7610
6445
9762
9869
6860
9882
6494
7129
8794
6598
9250
7075
8928
6514
7397
6602
7025
7379
9376
8054
9790
9997
9926
6650
6801
8003
7125
7499
9527
6674
8286
6893
7405
6516
6820
8128
6501
6913
10055
7600
7935
8092
9093
7126
7501
7690
6473
9126
6814
8180
9810
6531
8040
6477
8099
9534
6590
7887
6467
6515
6821
7054
6612
9088
7511
10014
6618
7760
9734
10017
6506
8549
7132
7932
9714
8660
10113
7403
8643
6700
8203
10025
7338
8009
6797
9023
7373
7486
7403
7424
8429
7556
8580
6622
8029
8975
9037
9118
6585
7139
8906
6885
7989
6730
6911
7949
6558
6692
6621
7813
6522
6624
7131
7199
6565
7703
6485
9868
7012
7061
6533
6871
8216
7106
7369
6793
9045
9844
6886
6914
6511
6562
9870
6519
7459
6611
8191
9219
7234
7241
6791
7102
9210
9359
7173
7553
7746
8942
9484
7490
8750
6594
7471
7811
7027
7063
6504
6650
8083
10191
7774
8938
6723
9008
6637
7118
7660
7715
7722
7861
9829
7659
7926
7049
7086
7123
8022
10217
6868
7177
7869
8562
6683
6972
7140
8254
6737
8022
7199
8165
6631
9236
9359
8052
10212
6969
7037
9361
7876
6985
7682
7258
9646
7380
7652
8293
7222
7305
8518
7110
7862
6582
7218
6761
9991
6904
10201
6572
7147
7625
6729
8052
9511
6548
9358
6615
7903
9581
7967
9023
6545
7311
7992
8241
9552
7855
6547
6564
7018
8131
8302
6735
7692
7698
7112
8535
8705
6656
7144
7156
7512
6553
8574
8710
8317
9164
7087
7308
8459
7422
7728
7097
7226
9419
10287
9959
7827
9520
6607
8743
10068
10196
6817
7577
10135
6674
7180
7640
7718
6629
7364
7714
7584
6616
8034
10260
6579
9905
9742
9798
10102
7125
9343
9777
6647
7574
9388
9948
8023
9464
6774
9899
8862
6628
7825
6823
9768
6612
8965
6705
8840
9584
6596
8608
8955
6651
6733
7252
8250
8629
6957
6723
8296
9771
7003
7406
7812
7412
9017
7133
7344
8144
9653
8170
7057
7516
8240
10101
9555
7078
8185
7830
6640
10050
7757
6686
7222
9109
7009
8155
6619
7180
7348
9730
6694
6692
9079
9482
7645
6884
10130
8202
8392
9668
9827
6682
7541
6975
9218
8188
7866
7313
7698
7711
9384
9549
9894
9371
7177
9375
6791
7256
8306
7318
7783
7896
9128
6949
8621
8811
6869
7754
6900
8687
6672
8782
9359
8347
9615
6660
9083
10421
6943
8795
8938
10096
10438
9656
6857
7151
8887
9057
6746
9340
7225
8011
8122
8059
8725
9130
7476
10034
7652
7721
9456
9997
6762
8250
8949
8289
10203
8914
7597
8473
7055
7466
7294
7974
8976
9724
6691
10080
6782
7870
7599
8482
7866
9554
7296
7317
9907
6885
6968
7809
9925
8403
9508
7030
9463
9101
10399
8998
9823
7016
7860
8290
8187
8065
8879
6997
7908
8070
7248
7703
7141
9456
9845
6697
9149
9477
9062
10041
8582
8587
7382
9202
6920
7480
7874
7575
9847
8476
9026
7611
9091
8429
8618
9619
7038
8564
8051
7478
10271
7204
7839
6816
10234
7297
9869
7475
7651
8105
9137
9355
10229
7754
9349
6812
8920
9090
7864
9803
7163
8778
8139
9107
8123
8967
6736
6760
9668
6794
8286
8743
9014
9175
7081
7266
8297
9731
6845
7489
9460
6809
8900
9277
9793
8205
9816
6981
7781
6940
7212
10382
7724
8018
7174
10114
6832
8918
9223
6793
8208
9696
7877
7066
7417
7593
7109
7912
9172
8451
8508
7104
7324
7338
7498
9260
8210
8114
10204
8012
9476
6942
7268
9421
9627
6834
7829
9349
6883
6951
7229
6983
7139
8206
7255
7483
6868
8048
6988
10138
6777
8824
7694
7030
9201
9120
10283
7001
7785
9699
9248
9797
6921
9426
9887
8176
8986
7728
7794
7146
8413
9848
7653
9100
8221
7164
10153
6972
7440
7107
10344
6870
7782
6898
8333
9240
8835
9801
7150
7332
8492
6819
8209
7102
7209
9667
10094
6985
8481
8612
7020
9011
6818
7371
8134
7886
8594
9104
9483
7862
8103
7910
7080
8771
8987
9158
6813
8229
7115
9274
7619
10396
6920
9012
9452
7229
8659
9513
9965
10170
7064
7240
8530
10425
6804
10062
10320
7923
8860
6872
9332
9013
7079
9039
7134
8570
8200
7503
8139
7771
7346
7045
7453
9091
6888
8968
8851
9376
9194
8335
9222
7203
7552
6984
8518
7990
7261
7603
9444
7058
7683
8287
7540
7973
9134
10119
8086
8425
6915
7221
8091
8431
7187
7777
8527
8477
9403
8120
9887
7219
9806
7539
8433
9780
7018
7048
8337
6927
9680
6873
7415
7725
10290
6910
6973
8127
6850
7455
7258
7981
8135
6895
10174
7200
7580
10031
9755
10153
8861
6879
8985
6853
8956
7473
7498
8834
9368
8831
6944
8447
8605
7423
7848
7947
8723
7133
8370
7054
10379
7186
7208
9016
7380
8584
7416
9453
6930
6979
8142
6905
7040
10106
6881
7035
8036
8346
7874
7196
8154
7275
9179
7069
8150
9059
7260
7733
9072
7714
6972
6977
9623
6913
7089
9954
7331
7700
7527
10290
8037
8529
7429
9167
7005
8781
6938
7079
7444
10311
7550
8528
9538
8010
8876
8866
8972
6894
7736
7768
10089
7103
7292
8275
8363
7541
8488
7157
9320
8721
8731
7000
7222
9178
10192
9388
9941
6987
6958
8785
8890
7128
8441
8415
7231
9320
7004
8187
8325
10248
7215
8919
7514
7039
9550
9666
7085
7494
8388
8360
8547
9586
7195
7855
9333
7214
8521
7170
9517
8132
8237
7019
7413
7191
7240
7963
6953
8378
9603
7152
7166
7460
7682
10119
6951
7076
7185
7546
7922
7999
8789
8636
9122
6968
7015
7537
7591
7032
9719
7051
7231
7942
7169
7570
9742
9258
7677
9676
7468
10090
7398
7840
9789
10035
10184
7183
9377
7378
7479
7141
8323
6961
8338
7171
8719
7348
8094
8214
8631
9472
9973
10079
7172
7205
9860
7195
8035
7547
7565
7583
9860
10263
10429
7698
8906
8395
9625
7800
8338
9385
7075
7252
9511
9214
9824
8039
9407
9503
8869
9924
10144
9310
10137
7205
7535
8453
9268
9970
8874
7785
7733
7364
7374
10042
9235
9932
8812
8959
9366
9572
9463
9151
9571
7277
9951
7272
8636
9940
10152
7616
7637
7660
7068
8711
8901
7194
8941
7539
7591
7234
8864
7926
8162
7008
8599
7615
7190
8652
7080
9499
7039
8629
8702
7462
9347
7155
8699
7127
7232
9609
7162
9323
8936
10345
7333
8081
8699
7479
8355
10071
9618
9741
8375
7447
10327
9743
7826
7319
7140
10404
9395
9597
9326
10006
7463
7193
9336
7034
10147
7091
8950
8983
7598
8047
10039
9015
10324
8442
10097
8408
9041
8866
8972
7249
7430
7972
8051
8329
10124
7861
8284
9371
7835
7751
9962
7250
9649
9712
8729
7078
7781
9311
7580
9099
7207
7614
7958
7157
8136
7244
9550
9707
7869
8300
9375
9335
7159
8114
7480
8991
8118
8891
7960
8106
7274
8872
7803
8907
7400
7786
8367
7409
7330
8921
7314
8065
8879
7485
8882
9024
8424
8942
7371
7554
8683
8239
7320
7340
7113
9046
9685
9022
9258
8318
8652
8200
8845
8945
7142
8810
7944
9047
9094
9018
9918
8406
7385
7599
8846
7805
8525
7769
8126
7392
10382
7391
7597
8850
7108
9893
8750
8927
7547
9572
7097
7198
9273
9407
8405
10236
7101
7258
8628
8391
7573
7800
7627
7168
7224
8350
7233
8740
8456
10121
7701
9880
8564
8763
10292
8977
10128
7627
9570
7176
8278
7349
8246
8701
8930
7857
8450
8182
8954
9786
7122
8230
8895
8563
8842
7303
7985
7348
8647
8053
9572
7991
10202
7201
7616
9597
7152
9713
7465
8147
8952
7182
9547
7630
8491
7386
8330
8661
7411
9967
7310
8778
9541
7242
7213
7321
8443
9738
10127
10230
7993
7387
9618
9775
7453
9670
7314
7654
9341
7345
7178
7800
8591
8693
10099
9200
7287
7442
7286
9464
7514
9935
7662
9818
7303
7836
7284
9107
9772
7906
7239
8269
8179
7991
9368
10254
9653
8490
8115
9597
9840
7245
8168
10002
8947
7924
8745
7267
8188
7451
10071
8775
10274
7402
7559
8692
9361
7295
9833
7354
9211
7332
7396
8514
7554
7671
8740
7546
9949
8357
9862
7798
7210
7243
8239
8867
8459
10164
7392
8107
8078
9381
7609
8813
7301
8143
7290
7891
8620
8276
8749
9494
9798
8077
9805
8925
9358
8204
7691
9961
8620
7821
7228
7814
8024
9725
10275
7745
8474
8280
8707
7989
7244
8156
8566
7527
7429
8959
8865
9158
7672
8309
9501
7283
9055
8831
8797
9405
7853
9225
9477
8640
7464
9243
9311
10057
10166
9791
10186
7477
8010
9225
7444
9585
7640
8743
7884
9278
7522
8285
8154
8055
7720
9141
7523
7531
9412
7550
8997
8100
8301
9829
7311
7639
9267
7781
8185
9611
9743
7282
10082
8587
8850
8582
8846
7670
8708
8401
9810
7351
7437
8733
9878
7498
9260
7610
9122
7596
9435
7381
9571
7321
7460
7652
8271
8541
8876
9020
9677
10199
9012
9738
9138
8922
9037
8600
7686
8962
10063
8005
9843
8379
7393
9070
9697
7899
7515
7561
7916
8339
8340
7389
9362
7850
8571
7415
7554
7325
7858
7953
7635
7644
9817
7543
7592
7768
8333
9545
7463
7621
9624
8653
7692
7313
7557
8906
10086
9263
8868
8964
9650
9673
7505
7906
7352
7518
7560
7706
9144
9046
9523
7449
8872
7441
8204
8973
7639
8703
8093
8363
9811
8082
7620
9130
8089
9908
7824
9403
8505
10210
8088
8173
9698
8984
10228
8036
7680
7686
7450
7567
9099
9637
9644
9476
9036
7361
7899
8205
9760
8593
8194
7638
9870
7534
10007
7357
8944
8534
10215
9534
8362
7909
8430
9380
7969
8179
8832
8419
9319
7456
7690
7730
7763
10124
9210
8033
8713
7387
7458
8892
7469
7933
7979
8575
7702
8929
8384
9820
10056
10438
7953
8614
7537
7455
7721
8008
7968
8661
7467
9056
9530
7694
9187
7918
10190
9208
10220
7917
8283
8500
10317
8828
7928
10197
7676
8978
7962
8796
7742
8684
9718
9902
7454
9894
7888
8504
9699
7939
8425
7792
9191
7468
7667
9629
9755
7978
9344
7408
8894
7504
7772
7914
8883
7948
8431
7471
9356
10196
8548
10239
7832
7997
8685
7904
9407
7495
7746
7775
7756
8198
8351
7626
9087
8314
8982
7794
7837
8303
9349
9403
7865
8014
7795
7790
7435
8224
9106
8818
8132
8012
10301
7674
9447
9392
8408
8705
9031
8024
8316
9684
8217
8729
7467
7525
8075
8997
7668
8019
9133
7484
7530
8020
7867
8215
8348
8004
8846
8896
8460
8792
8516
9067
7600
7602
7821
7920
9999
7802
8920
8646
7839
7933
9841
8851
9117
8234
8513
7479
9092
8267
9688
7764
9945
8025
8850
8909
8246
9546
10224
9971
8034
8076
9764
9604
8965
8097
9548
10009
7620
8486
9655
7551
8996
8008
8674
7664
7968
9181
8305
9539
10096
10339
7984
9316
7853
7959
7727
10027
8279
8169
8951
7624
8063
7920
9366
7987
9409
9462
8232
8585
8171
8801
7665
9223
8127
8869
7717
8049
9183
7782
9059
7566
8762
8859
7680
8145
9786
8670
8016
9366
8611
9242
8125
9506
7707
7934
9279
8497
8142
8874
7847
8498
9550
7943
8394
8935
8133
8220
9500
7538
8130
9454
8533
10314
7854
9255
9488
7669
9626
8533
9408
8029
8151
9286
10111
7863
8221
8040
8653
9466
8150
9360
8295
8548
8735
9395
8385
8092
7892
9150
8472
7563
8432
9387
7959
9395
8257
7693
9105
8480
7657
8373
8686
9378
10090
8112
7889
9623
9629
8684
9987
9245
9687
7786
8438
9142
7581
7594
8026
7673
9539
9798
9013
9039
7708
9328
9502
9876
8255
10222
7577
7927
10344
7723
8219
9448
7901
9079
7772
9428
7918
9228
8960
7646
8299
8672
9271
9889
9345
9448
8686
7928
9231
8189
9226
8285
7736
7902
8391
8770
9313
9324
9230
10227
8086
7657
9007
8091
7983
8747
9390
9799
8655
9475
8193
8511
10379
7678
7860
7861
7789
8344
7675
8776
7908
9423
9282
9704
7776
8377
8894
8448
9975
10408
8982
9953
9509
10043
9585
8956
9409
7740
7988
8018
7697
7869
7874
7951
8824
9732
8032
9216
10053
7773
7892
9094
9117
8293
8706
9454
8756
9151
7906
7935
7983
7797
7960
7857
8475
8600
8650
9203
8286
8570
9735
7833
9531
10145
7823
10171
7822
8961
7744
10339
8160
8510
9348
8573
9252
9274
10408
9082
8303
7977
8576
9618
8613
8417
7685
8165
8541
9025
7786
8326
8774
8875
7687
8799
9734
7729
9202
9275
7850
8471
7824
8821
7753
9017
9509
10411
7979
8027
7802
9107
8208
10259
8863
8849
9743
7804
9415
8023
8281
9915
8721
8870
8606
8492
8028
8404
7810
8567
7755
10205
9275
8963
9679
7880
8896
10323
8205
8754
9752
9188
9114
9538
7823
8220
9759
8506
7758
9625
9708
7857
8366
8802
8304
9929
7921
10021
9308
8316
9451
7713
9532
8806
9500
7848
7938
8321
8883
9445
7923
8545
9520
9838
7867
8823
9782
8841
7831
7954
8003
7930
8909
10334
7778
8312
10058
8758
9454
8314
8511
9582
7890
8455
7768
9871
7728
8173
7942
8865
8123
8227
7779
9261
9330
9272
7919
7935
8328
7737
9064
9186
7765
9716
10432
9668
10114
7873
9350
9987
8751
9182
7849
9177
7877
8465
9234
7871
9119
8247
8284
9244
8113
7972
8870
9008
8341
9753
7759
9921
7900
7829
8388
9661
9942
9796
10011
8912
9018
7988
9679
9130
9585
8602
8698
9805
7799
8634
10432
8886
10422
8515
8784
7769
7985
8520
7881
8262
8300
9256
9367
7779
8125
8525
8176
8223
8437
9047
8061
7818
8331
9308
7911
7813
9049
8215
8673
8260
8440
8768
10356
8551
7922
8015
7863
9500
8637
9851
8512
10429
8035
10133
8343
8731
8139
8048
9587
8107
9006
8058
8669
8683
8700
8752
9492
9825
7997
8861
9562
10002
9045
8888
9068
8183
9289
8108
8562
10227
7830
8379
9559
9694
8028
8062
8599
8638
9463
8455
8741
8181
9299
9034
9884
9431
10227
8500
8868
10089
8384
8485
8041
8818
8591
10011
8567
8595
8766
7842
9612
8761
8929
8231
9345
8426
9132
7982
7872
9511
8623
9717
8011
8147
9825
9479
7913
9457
8282
8668
9245
8852
8225
8981
9671
8042
8805
8808
8651
9573
8291
8184
8643
8821
8781
9019
10194
7940
8014
8087
8828
8799
9413
8275
9363
9811
8045
9850
8856
9786
7925
8947
9729
10315
8098
9884
7971
8462
8887
10317
7914
9422
10029
8082
8522
9337
9373
8183
8248
8352
8319
9716
8946
9728
8654
7988
8006
8583
8801
8240
8181
8249
8368
8249
8378
8110
8645
7915
8226
9362
7986
9535
8071
8971
9482
8258
9350
9671
9966
7938
8578
9097
7919
7955
8294
10368
7970
8706
9898
9938
7916
8126
8715
9626
7980
8040
10201
10337
9935
9282
8752
8048
8544
9532
9817
8970
10342
8331
8405
8985
7932
8243
9543
9794
10040
8101
7961
8159
8857
9021
8282
9157
9323
7985
8598
9533
9346
7976
8138
10115
8747
9080
9970
9163
9336
10365
8417
9481
10039
9607
9209
8344
8044
8321
8953
9033
10092
10111
9949
8148
8622
9423
8057
9400
8921
8112
8234
8005
8983
9485
8565
8650
10219
8793
8990
9286
10047
8907
8863
10005
8670
9628
8381
8755
8071
9182
9701
8515
8610
8116
9296
9510
9512
10122
10142
9215
9943
8104
8804
10075
8050
8588
7997
9953
8292
8014
10006
8021
8031
8159
10228
10316
8015
8649
9161
8327
10001
10190
9036
8948
9430
8377
9999
10313
9727
10132
8144
8038
8334
9868
8381
8605
9838
8505
10105
8223
9573
8371
8135
8428
9938
10019
10197
8213
8640
8436
8963
8073
8526
9252
8273
8228
10013
8336
9844
8502
8841
9134
8158
9475
9872
10034
8534
10116
8806
8061
8214
8385
9645
8928
8946
8595
8838
9458
8757
10052
9861
8468
9283
8990
8341
8260
9607
8163
8080
8155
9874
9919
8107
9921
8196
8751
8241
9069
9097
8337
9462
8167
8168
9947
10134
9484
8165
8611
9736
8153
8477
9553
9370
8365
10053
8583
9367
8129
9310
9157
8878
9469
8182
9209
8102
8297
9163
8121
8550
9104
8272
9410
9629
9639
10300
8663
10134
8169
9237
9210
10042
9111
8261
10178
9044
9303
9493
10359
9227
9035
9230
8630
8113
8664
8412
9243
8734
8267
8448
9690
8124
8459
9131
8427
8209
8237
10246
9221
8341
9543
9428
8135
8645
9080
8245
9060
9237
8833
9525
8150
8270
10351
8252
9206
8503
8621
8380
9334
9414
8426
9154
10325
8609
9616
8625
10326
10173
8298
8934
9152
8616
9351
9610
8713
9761
9059
9773
8291
9327
9001
9855
8327
8854
8998
9006
8836
9008
9014
8706
9513
8192
8217
9948
8352
9112
9244
8235
9727
9247
10067
9567
8871
8950
9290
8347
9127
9161
8191
8324
10200
9281
8589
8708
9047
8345
9827
9843
10156
9319
9889
9981
8368
9124
9256
8259
9930
9980
8433
9905
8361
9473
8509
9214
8588
9732
8289
10131
10149
8658
9820
9847
8663
10273
10372
8953
8274
8353
8596
8796
9697
8428
9602
9851
8854
9185
8216
8315
8389
8753
8840
9302
8312
9567
9836
8715
9337
9807
10118
10106
10317
9086
8265
8364
10264
8820
8854
9867
8393
10295
8340
8509
8502
9143
10002
8268
9516
9632
8313
8943
8364
9937
10371
9017
9405
9506
8689
8736
8312
8816
10302
8774
8889
8777
8790
8290
8342
9857
10341
8536
8639
8479
9402
9507
9952
8727
9269
8566
8814
9327
8362
8872
8423
9987
10016
8505
9731
8802
8910
9419
10296
9834
9847
10118
8636
8682
10340
9116
9554
8845
8923
9360
8496
8667
9087
9883
9620
9871
8359
9991
9372
10199
8348
8579
9724
9028
8723
9558
9620
9028
10109
8298
8365
8839
9176
8988
9022
8351
8357
8361
8619
9179
9497
10015
8492
9577
9050
8615
9515
9265
9050
8452
9123
8588
8806
9138
9651
8403
8865
8407
10023
8532
9522
9804
8522
9170
9200
8632
8644
8678
9038
8349
8330
8416
9683
10162
8534
9780
8791
8889
8640
8738
9715
9631
8390
8474
9800
10150
9478
8484
10262
9740
9877
10281
10142
9708
8544
8907
8356
9936
9748
9767
8416
10391
9389
8820
10223
8858
9140
9908
10242
8697
10421
8411
8692
8631
8465
9598
8460
9064
8484
8702
8847
8910
8931
9504
8884
9198
9284
8410
9001
9118
8432
8925
9654
8586
9816
10045
8499
10142
8569
9524
10043
9288
9630
8789
9153
10287
8490
8561
8960
8687
8717
9521
10098
8422
8855
9041
9818
8690
8746
8902
8586
10265
10044
10056
10076
10105
8815
9747
9861
9619
8466
10099
8483
8584
9864
8599
8702
9290
8855
10069
10116
9855
8547
9293
8516
9480
9468
8462
9103
10186
8420
9647
10388
8457
10361
10357
9505
10238
9186
9634
9856
9589
9321
9676
8528
9114
9358
8762
9002
10304
8446
9669
9769
9227
9753
8648
8461
8882
8905
9462
8485
8561
8539
9559
9892
8575
9849
10167
9709
9963
9092
9025
8748
9890
8989
9557
10042
9860
9578
10100
10073
9757
8751
9813
8669
10176
8551
10106
9262
9352
8531
8885
9879
9224
10193
8720
9724
9814
9826
10028
9467
8485
8604
8698
8716
9998
8638
9157
9662
8675
8519
9529
8495
10126
8535
8771
9560
8651
9163
8867
9972
8507
8786
10173
8555
9087
9118
9347
9526
9737
8800
9009
9173
9425
10338
9591
8563
8639
9386
9414
9913
9042
9114
9922
8553
8811
8728
8557
10239
8583
9630
8697
8533
9427
8537
9233
9420
8553
9015
9881
8624
9496
9661
8558
9180
8598
8642
9440
8572
8898
10316
9535
9900
9979
10086
8915
10009
8809
9911
8609
9497
9204
10054
8917
9031
8808
9441
10377
8644
8819
9397
9746
8693
8699
8741
9875
8561
10122
8604
9429
8568
9240
8593
10216
10051
9155
8550
9812
9027
8966
9085
9398
8603
9032
9213
10041
9802
9136
10355
8812
9109
8736
8744
9078
8580
9433
9647
9044
8600
10151
10049
8860
9051
10018
10104
8672
8615
10066
9658
9466
10086
9415
9635
9744
9455
9507
9828
8980
9144
9733
8739
9489
8896
10159
10020
8909
9175
9261
8618
9278
9361
9708
8624
8939
8613
9027
9729
9400
10226
8913
8656
8968
9143
9042
9947
10199
10029
9776
8827
9599
8718
8696
9155
8611
9829
9809
10324
8645
9339
9842
8911
8871
8810
9220
9822
9257
8752
8992
9737
9184
10143
9510
9081
8634
10040
8804
9074
10261
9716
8916
9113
9602
9682
8842
8944
10400
8825
8654
9713
9219
10140
8774
9028
9054
9191
9692
9093
10279
9242
9470
9416
9927
8665
8964
9941
9317
9887
8781
9073
9174
9683
9137
9920
10221
9977
8747
9080
9318
9969
8686
9247
10186
8689
8744
9097
9707
8704
9562
10307
8772
8823
9091
8802
9050
8933
10026
8926
9906
9147
8694
9392
9576
10059
8769
8753
8769
9941
9875
9237
10273
8843
9556
9214
10029
8788
8848
8897
8795
9270
10010
9436
10343
9606
10350
8726
9779
9052
9084
8797
8794
8785
9799
9858
8982
9522
9232
9891
9917
8936
9379
9686
10275
8811
9285
9386
9747
10108
10011
9728
9770
8855
8893
9305
9641
9928
10128
9390
10037
9128
9473
9084
9681
10340
9919
9145
8924
8853
9591
9362
10145
10368
9098
9217
9793
10154
8832
9903
9161
9775
9029
9442
9722
9189
8833
9084
9165
9315
9451
9801
9098
9340
8809
8814
9486
9333
9911
8841
9021
9131
10226
9166
10095
9156
9735
8838
9728
8813
8858
10410
8864
8873
9287
10196
9148
8969
9953
8939
10189
8877
9884
8816
9923
9655
9455
8884
8931
9391
9066
8867
10021
9900
10022
9367
9411
9267
9016
8902
8952
10325
9833
10130
9911
9760
10058
9202
9681
8979
8924
9657
9649
8993
9249
9229
9800
8835
9866
9254
9518
9140
9329
10212
9950
9020
9931
9451
9974
9077
9810
8946
9632
10244
10093
9980
9600
9477
8989
9471
9551
9304
8904
10010
9252
9601
10230
10358
9460
8888
10393
10077
9499
9356
9167
9208
10217
9034
9024
10269
8905
9409
9546
9052
9251
9509
8966
9013
8933
10353
9064
9104
9913
9112
9799
8937
9004
9417
9039
8979
9382
8958
10191
9394
9769
10212
9665
10310
9300
9849
9961
9931
8947
9124
10250
9942
9528
9217
9890
8943
10084
10217
9061
9563
9369
9972
9062
9443
10232
9372
9566
9458
9145
9656
9564
9168
9808
10213
9885
9051
9385
9490
9691
9797
10108
9129
9257
9939
9253
10180
9530
9061
9332
9026
9834
9211
10073
9189
9355
9994
9534
9001
9045
10120
9391
9546
9090
9832
10070
10225
9561
9069
10162
9314
10007
10154
9932
10069
9727
10112
10318
9106
9626
9065
9056
9041
10115
9152
9306
9035
9647
9301
9928
9312
9765
9069
9645
9030
9966
9673
9308
10076
9560
9628
9608
9085
9896
9436
9898
9745
9889
10112
9125
9343
9711
10252
9173
9656
9992
9055
9452
9665
9264
9393
9012
9482
9746
9043
10026
9840
9918
9654
9411
9487
9435
9897
9910
9542
10100
9995
9357
10146
10177
9127
9725
10050
10283
9040
9049
10049
9814
9213
9382
10277
9380
9778
9592
10046
10020
9640
9127
9690
9364
9484
9103
9322
9446
9642
9688
9213
9153
10268
9110
10177
9070
9162
9480
9524
9594
10151
9393
9514
9553
9309
9650
9599
10394
9450
9545
9215
9239
9962
9869
9165
10268
9991
10218
9322
9168
9198
9754
10295
10132
9881
9129
9174
9158
9565
9709
10138
9428
9331
9613
9453
9784
9532
9533
9331
9771
9824
9121
10070
9404
9251
9279
10161
9236
9515
9241
10245
9342
9837
10258
9976
9527
10256
9850
9937
9731
9874
9156
9452
9856
9187
10370
10022
9469
9189
9873
9221
9651
9262
9815
9467
9784
9180
9225
9595
9697
10050
9445
9421
10004
10250
9577
9164
9412
9693
9408
9508
9864
9264
9711
9917
10093
9528
9305
9886
9276
9307
9204
10370
9436
9678
10251
10286
9632
10305
9542
9764
10306
9483
9780
9930
10178
9212
9701
10422
9221
9645
9281
9247
9764
9284
10398
9701
9238
9640
9259
10046
10308
9472
9966
10218
10351
9485
9827
9643
10281
9592
9752
9760
9833
9250
9642
9818
10374
9867
9274
10386
10129
10367
10200
9601
9383
9850
9689
10014
10150
10017
9622
9805
10123
9281
9690
10331
10336
9309
9505
9466
10279
9385
9736
9289
9352
10403
9325
9635
9381
9468
10396
9298
10095
9945
10433
9292
9759
9299
10254
9729
10049
9394
9584
9315
9567
9492
9984
10163
9334
9318
9531
9377
10314
9319
10343
9650
9337
9432
10351
10103
10321
9418
9955
10062
9399
10253
9990
9291
9603
9371
10236
9822
9897
10148
9612
9755
10255
9646
9883
10206
9375
10167
9525
9633
9342
9494
10098
9396
9981
9339
9659
9944
10328
9866
9549
9426
9661
9388
9555
9331
9682
9468
9959
9402
9333
9505
9469
9471
9543
9794
10270
9465
9387
9476
9692
9459
10159
10129
9720
10401
9693
9483
9449
9985
9936
9415
9674
9360
9680
10012
10032
10184
10374
9611
10063
9449
9867
9588
9976
9540
9662
10202
9417
9832
9548
10243
10082
9475
9956
9457
9614
10172
9443
10092
9399
10401
9465
9756
9971
9439
9446
10435
9765
9641
9695
9841
10040
9636
10356
9458
10356
9519
9845
9579
9438
9939
9434
9730
9559
9951
9666
9891
10168
10223
10390
9926
9590
10406
10023
9429
10213
10252
9489
10038
10286
9508
9853
10354
9679
10007
9435
10027
9474
9583
9859
10380
10085
9711
10243
9583
10059
9551
9473
9698
10393
10175
10175
9478
10424
9503
9519
9495
10107
10335
9593
9744
9851
9970
9660
9712
10269
10130
9705
10332
9558
10104
9791
10307
9843
9493
10434
9694
9693
9777
10394
10244
10383
10330
9705
9598
10051
9610
10012
10428
9556
10078
9631
9819
10402
9540
9766
9691
9741
9781
10291
10290
9529
10415
9981
10291
9916
9933
10006
9605
9984
9789
9806
9898
9706
9634
9969
9817
9748
9783
9848
10104
9570
9852
9893
9998
10257
9564
10162
9964
9710
9614
9960
10289
9663
9766
10155
9593
9830
9561
9791
9998
9800
9609
9963
9723
9687
10116
9704
10105
10233
9619
10025
9758
10257
9588
9871
10119
9680
10324
9691
9957
10126
10352
9675
10194
9774
9801
9627
10384
9596
9841
9714
9747
9608
9774
10360
9937
10226
10004
9689
9836
9828
10405
10136
9890
10271
9840
10376
9643
9849
10206
10153
9894
9653
9830
10198
9919
9763
9672
9639
9846
9721
9826
10089
10133
9700
9674
9663
10366
9667
10094
10406
9739
10367
9667
10428
9973
10072
10139
9992
9696
9758
10259
9967
10269
9802
10416
9803
9906
9684
9909
9742
9807
9856
9758
9720
10253
9675
10414
10426
9853
9726
9703
9993
9813
10361
10080
9935
10219
9702
9893
9725
9733
10069
9845
9949
10392
9709
10098
9770
9804
9710
10076
10360
9977
10067
10371
10225
10164
10157
9980
9822
9785
9809
10188
9776
9996
9788
10357
10136
9745
9834
9767
10164
10320
9746
9769
9795
10047
10092
9988
9779
10308
9792
10081
10117
9950
9888
9844
10327
10355
9861
10378
9773
9857
9820
10303
9900
9946
10378
9835
9936
10391
9796
10148
9789
10369
9951
9944
10303
9982
10195
9821
10008
10248
10388
9823
10322
10028
9995
9925
9959
10036
9846
9938
10421
9812
9989
9880
9905
9842
9854
10366
10060
9909
9837
10389
9866
10185
10376
9863
10364
9876
10358
9954
10211
10174
10330
9902
9858
9865
9882
10377
9895
10302
10027
10182
10030
9910
9956
10230
10284
10131
10026
10168
10246
10333
10041
9899
10318
10094
10157
9943
10000
10024
10044
10180
9932
10331
10113
10170
9955
10156
9958
10204
9969
10145
9982
9988
9952
9924
10001
10398
10123
10263
9927
9921
10258
9961
10010
9965
10272
10065
9963
10272
10234
10277
10202
10146
9940
10019
10403
10326
10074
9962
10018
9956
10172
10055
9983
10338
10381
10107
10417
9974
10088
10068
10030
9996
10392
10211
10233
9989
10289
10045
10407
10083
10319
10000
10265
10149
10038
10022
10016
10135
10231
10321
10051
10008
10005
10323
10071
10033
10380
10368
10034
10064
10337
10053
10342
10091
10334
10057
10035
10136
10262
10382
10078
10163
10393
10087
10085
10385
10064
10411
10224
10111
10121
10059
10185
10293
10079
10088
10110
10109
10270
10328
10240
10165
10190
10280
10273
10208
10096
10363
10439
10169
10197
10108
10261
10154
10395
10363
10435
10357
10413
10300
10375
10424
10373
10411
10234
10122
10305
10125
10246
10143
10210
10140
10215
10214
10365
10160
10415
10251
10376
10147
10179
10242
10429
10133
10187
10431
10131
10161
10222
10309
10346
10141
10292
10412
10367
10165
10254
10158
10434
10169
10166
10371
10223
10406
10203
10400
10337
10185
10342
10373
10184
10439
10309
10174
10194
10237
10311
10396
10210
10276
10209
10213
10284
10383
10294
10341
10188
10348
10193
10231
10261
10345
10244
10354
10346
10207
10247
10220
10391
10215
10205
10245
10238
10209
10299
10301
10310
10328
10414
10278
10302
10283
10288
10229
10359
10265
10426
10362
10236
10245
10386
10247
10276
10407
10348
10327
10260
10307
10249
10311
10407
10256
10298
10266
10348
10314
10282
10322
10401
10369
10289
10259
10293
10350
10264
10323
10385
10287
10400
10296
10417
10387
10364
10353
10373
10353
10334
10395
10339
10306
10305
10370
10427
10310
10316
10426
10319
10352
10319
10347
10325
10304
10358
10315
10389
10397
10430
10326
10380
10375
10344
10390
10335
10347
10333
10359
10362
10418
10349
10372
10435
10361
10394
10413
10381
10387
10383
10434
10438
10384
10439
10379
10398
10408
10423
10419
10409
10403
10436
10402
10410
10415
10412
10427
10437
10436
10424
10419
10436
10422
10433
10431
10428
10437
10433
)


// ************************************************************************* //
