/*--------------------------------*- C++ -*----------------------------------*\
| =========                 |                                                 |
| \\      /  F ield         | OpenFOAM: The Open Source CFD Toolbox           |
|  \\    /   O peration     | Version:  3.0.1                                 |
|   \\  /    A nd           | Web:      www.OpenFOAM.org                      |
|    \\/     M anipulation  |                                                 |
\*---------------------------------------------------------------------------*/
FoamFile
{
    version     2.0;
    format      ascii;
    class       labelList;
    location    "constant/polyMesh";
    object      pointProcAddressing;
}
// * * * * * * * * * * * * * * * * * * * * * * * * * * * * * * * * * * * * * //


13962
(
0
2
11
12
13
16
17
18
22
25
32
34
35
38
42
43
44
45
46
47
48
49
50
51
52
53
54
55
56
57
58
59
60
61
62
63
64
65
66
67
68
69
70
71
72
73
74
92
93
94
95
96
97
98
99
100
101
102
103
104
105
106
107
108
109
110
111
112
113
114
115
116
117
118
119
120
121
140
141
142
143
144
145
146
147
148
149
150
151
152
153
154
155
156
157
158
159
160
161
162
163
164
165
166
188
189
190
191
192
193
194
195
196
197
198
199
200
201
202
203
204
205
206
207
208
209
210
211
212
213
214
236
237
238
239
240
241
242
243
244
245
246
247
248
249
250
251
252
253
254
255
256
257
258
259
260
261
262
263
264
265
266
267
268
269
270
271
272
273
274
275
276
277
278
279
280
281
282
283
801
802
803
804
805
806
807
808
809
810
811
908
909
910
911
912
913
914
915
924
925
926
927
928
929
930
932
933
934
935
936
937
938
940
941
942
943
944
945
948
949
950
951
952
953
956
1075
1076
1077
1078
1079
1080
1081
1082
1083
1084
1085
1086
1087
1088
1089
1090
1091
1092
1093
1094
1095
1096
1097
1098
1099
1100
1101
1102
1103
1104
1105
1106
1107
1108
1109
1110
1111
1112
1113
1114
1115
1116
1117
1118
1119
1238
1239
1240
1241
1242
1243
1244
1245
1246
1247
1248
1249
1250
1251
1252
1253
1254
1255
1256
1257
1258
1259
1260
1261
1262
1263
1264
1265
1266
1267
1268
1269
1270
1271
1272
1273
1274
1275
1276
1277
1278
1279
1280
1281
1282
1283
1284
1285
1286
1287
1288
1289
1290
1291
1292
1293
1294
1295
1296
1297
1298
1299
1300
1301
1358
1359
1360
1361
1362
1363
1364
1365
1366
1367
1368
1369
1370
1434
1435
1436
1437
1438
1439
1440
1441
1442
1443
1444
1445
1446
1447
1448
1449
1450
1451
1452
1453
1454
1455
1456
1457
1458
1459
1460
1461
1462
1463
1464
1551
1552
1553
1554
1555
1556
1557
1558
1559
1560
1561
1562
1563
1564
1565
1566
1567
1568
1569
1570
1571
1572
1573
1574
1575
1576
1577
1578
1579
1580
1581
1582
1583
1584
1585
1586
1587
1588
1589
1590
1591
1592
1593
1594
1595
1596
1597
1598
1599
1600
1601
1602
1603
1604
1605
1606
1607
1608
1609
1610
1611
1612
1613
1614
1615
1616
1617
1618
1619
1620
1621
1622
1623
1624
1625
1644
1645
1646
1647
1648
1649
1650
1651
1652
1653
1654
1655
1656
1657
1658
1659
1660
1661
1662
1663
1664
1665
1666
1667
1668
1669
1670
1671
1672
1673
1674
1675
1676
1677
1678
1679
1680
1681
1682
1683
1684
1685
1686
1687
1688
1689
1690
1691
1692
1693
1694
1695
1696
1697
1698
1699
1700
2287
2288
2289
2290
2291
2292
2293
2294
2295
2296
2297
2298
2299
2300
2301
2302
2303
2304
2305
2306
2307
2308
2309
2310
2311
2312
2324
2325
2326
2327
2328
2329
2330
2331
2332
2333
2334
2335
2339
2340
2341
2342
2343
2344
2345
2346
2347
2348
2349
2350
2351
2352
2353
2354
2355
2356
2357
2358
2359
2360
2361
2362
2363
2364
2365
2485
2486
2487
2488
2489
2490
2491
2492
2493
2494
2495
2496
2497
2498
2499
2500
2501
2502
2503
2504
2505
2506
2507
2508
2509
2510
2511
2512
2513
2514
2515
2516
2517
2518
2519
2520
2521
2522
2523
2524
2525
2526
2527
2528
2529
2530
2531
2532
2533
2534
2535
2536
2537
2538
2539
2540
2541
2660
2661
2780
2781
2782
2783
2784
2785
2786
2787
2788
2789
2790
2791
2792
2793
2794
2795
2796
2797
2798
2799
2800
2801
2802
2803
2804
2805
2806
2807
2808
2809
2810
2811
2812
2813
2814
2815
2816
2817
2818
2819
2820
2821
2822
2823
2824
2825
2826
2827
2828
2829
2830
2831
2832
2833
2834
2835
2836
2837
2838
2839
2840
2841
2842
2843
2844
2845
2846
2847
2848
2849
2850
2851
2852
2853
2854
2855
2856
2857
2858
2859
2860
2861
2862
2863
2864
2865
2866
2867
2868
2869
2870
2871
2872
2873
2874
2875
2876
2877
2878
2879
2880
2881
2882
2883
2884
2885
2886
2887
2888
2889
2890
2891
2892
2893
2894
2895
2896
2897
2898
2899
2900
2901
2902
2903
2904
2905
2906
2907
2908
2909
2910
2911
2912
2913
2914
2915
2916
2917
2918
2919
2920
2921
2922
2923
2924
2925
2926
2927
2928
2929
2930
2931
2932
2933
2934
2935
2936
2937
2938
2939
2940
2941
2942
2943
2944
2945
2946
2947
2948
2949
2950
2951
2952
2953
2954
2955
2956
2957
2958
2959
2960
2961
2962
2963
2964
2965
2966
2967
2968
2969
2970
2971
2972
2973
2974
2975
2976
2977
2978
2979
2980
2981
2982
2983
2984
2985
2986
2987
2988
2989
2990
2991
2992
2993
2994
2995
2996
2997
2998
2999
3000
3001
3002
3003
3004
3005
3006
3007
3008
3009
3010
3011
3012
3013
3014
3015
3016
3017
3018
3019
3020
3021
3022
3023
3024
3025
3026
3027
3028
3029
3030
3031
3032
3033
3034
3035
3036
3037
3038
3039
3040
3041
3042
3043
3044
3045
3046
3047
3048
3049
3050
3051
3052
3053
3054
3055
3056
3057
3058
3059
3060
3061
3062
3063
3064
3065
3066
3067
3068
3069
3070
3071
3072
3073
3074
3075
3076
3077
3078
3079
3080
3081
3082
3083
3084
3085
3086
3087
3088
3089
3090
3091
3092
3093
3094
3095
3096
3097
3098
3099
3100
3101
3102
3103
3104
3105
3106
3107
3108
3109
3110
3111
3112
3113
3114
3115
3116
3117
3118
3119
3120
3121
3122
3123
3124
3125
3126
3127
3128
3129
3130
3131
3132
3133
3134
3135
3136
3137
3138
3139
3140
3141
3142
3143
3144
3145
3146
3147
3148
3149
3150
3151
3152
3153
3154
3155
3156
3157
3158
3159
3160
3161
3162
3163
3164
3165
3166
3167
3168
3169
3170
3171
3172
3173
3174
3175
3176
3177
3178
3179
3180
3181
3182
3183
3184
3185
3186
3187
3188
3189
3190
3191
3192
3193
3194
3195
3196
3197
3198
3199
3200
3201
3202
3203
3204
3205
3206
3207
3208
3209
3210
3211
3212
3213
3214
3215
3216
3217
3218
3219
3220
3221
3222
3223
3224
3225
3226
3227
3228
3229
3230
3231
3232
3233
3234
3235
3236
3237
3238
3239
3240
3241
3242
3243
3244
3245
3246
3247
3248
3249
3250
3251
3252
3253
3254
3255
3256
3257
3258
3259
3260
3261
3262
3263
3264
3265
3266
3267
3268
3269
3270
3271
3272
3273
3274
3275
3276
3277
3278
3279
3280
3281
3282
3283
3284
3285
3286
3287
3288
3289
3290
3291
3292
3293
3294
3295
3296
3297
3298
3299
3300
3301
3302
3303
3304
3305
3306
3307
3308
3309
3310
3311
3312
3313
3314
3315
3316
3317
3318
3319
3320
3321
3322
3323
3324
3325
3326
3327
3328
3329
3330
3331
3332
3333
3334
3335
3336
3337
3338
3339
3340
3341
3342
3343
3344
3345
3346
3347
3348
3349
3350
3351
3352
3353
3354
3355
3356
3357
3358
3359
3360
3361
3362
3363
3364
3365
3366
3367
3368
3369
3370
3371
3372
3373
3374
3375
3376
3377
3378
3379
3380
3381
3382
3383
3384
3385
3386
3387
3388
3389
3390
3391
3392
3393
3394
3395
3396
3397
3398
3399
3400
3401
3402
3403
3404
3405
3406
3407
3408
3409
3410
3411
3412
3413
3414
3415
3416
3417
3418
3419
3420
3421
3422
3423
3424
3425
3426
3427
3428
3429
3430
3431
3432
3433
3434
3435
3436
3437
3438
3439
3440
3441
3442
3443
3444
3445
3446
3447
3448
3449
3450
3451
3452
3453
3454
3455
3456
3457
3458
3459
3460
3461
3462
3463
3464
3465
3466
3467
3468
3469
3470
3471
3472
3473
3474
3475
3476
3477
3478
3479
3480
3481
3482
3483
3484
3485
3486
3487
3488
3489
3490
3491
3492
3493
3494
3495
3496
3497
3498
3499
3500
3501
3502
3503
3504
3505
3506
3507
3508
3509
3510
3511
3512
3513
3514
3515
3516
3517
3518
3519
3520
3521
3522
3523
3524
3525
3526
3527
3528
3529
3530
3531
3532
3533
3534
3535
3536
3537
3538
3539
3540
3541
3542
3543
3544
3545
3546
3547
3548
3549
3550
3551
3552
3553
3554
3555
3556
3557
3558
3559
3560
3561
3562
3563
3564
3565
3566
3567
3568
3569
3570
3571
3572
3573
3574
3575
3576
3577
3578
3579
3580
3581
3582
3583
3584
3585
3586
3587
3588
3589
3590
3591
3592
3593
3594
3595
3596
3597
3598
3599
3600
3601
3602
3603
3604
3605
3606
3607
3608
3609
3610
3611
3612
3613
3614
3615
3616
3617
3618
3619
3620
3621
3622
3623
3624
3625
3626
3627
3628
3629
3630
3631
3632
3633
3634
3635
3636
3637
3638
3639
3640
3641
3642
3643
3644
3645
3646
3647
3648
3649
3650
3651
3652
3653
3654
3655
3656
3657
3658
3659
3660
3661
3662
3663
3664
3665
3666
3667
3668
3669
3670
3671
3672
3673
3674
3675
3676
3677
3678
3679
3680
3681
3682
3683
3684
3685
3686
3687
3688
3689
3690
3691
3692
3693
3694
3695
3696
3697
3698
3699
3700
3701
3702
3703
3704
3705
3706
3707
3708
3709
3710
3711
3712
3713
3714
3715
3716
3717
3718
3719
3720
3721
3722
3723
3724
3725
3726
3727
3728
3729
3730
3731
3732
3733
3734
3735
3736
3737
3738
3739
3740
3741
3742
3743
3744
3745
3746
3747
3748
3749
3750
3751
3752
3753
3754
3755
3756
3757
3758
3759
3760
3761
3762
3763
3764
3765
3766
3767
3768
3769
3770
3771
3772
3773
3774
3775
3776
3777
3778
3779
3780
3781
3782
3783
3784
3785
3786
3787
3788
3789
3790
3791
3792
3793
3794
3795
3796
3797
3798
3799
3800
3801
3802
3803
3804
3805
3806
3807
3808
3809
3810
3811
3812
3813
3814
3815
3816
3817
3818
3819
3820
3821
3822
3823
3824
3825
3826
3827
3828
3829
3830
3831
3832
3833
3834
3835
3836
3837
3838
3839
3840
3841
3842
3843
3844
3845
3846
3847
3848
3849
3850
3851
3852
3853
3854
3855
3856
3857
3858
3859
3860
3861
3862
3863
3864
3865
3866
3867
3868
3869
3870
3871
3872
3873
3874
3875
3876
3877
3878
3879
3880
3881
3882
3883
3884
3885
3886
3887
3888
3889
3890
3891
3892
3893
3894
3895
3896
3897
3898
3899
3900
3901
3902
3903
3904
3905
3906
3907
3908
3909
3910
3911
3912
3913
3914
3915
3916
3917
3918
3919
3920
3921
3922
3923
3924
3925
3926
3927
3928
3929
3930
3931
3932
3933
3934
3935
3936
3937
3938
3939
3940
3941
3942
3943
3944
3945
3946
3947
3948
3949
3950
3951
3952
3953
3954
3955
3956
3957
3958
3959
3960
3961
3962
3963
3964
3965
3966
3967
3968
3969
3970
3971
3972
3973
3974
3975
3976
3977
3978
3979
3980
3981
3982
3983
3984
3985
3986
3987
3988
3989
3990
3991
3992
3993
3994
3995
3996
3997
3998
3999
4000
4001
4002
4003
4004
4005
4006
4007
4008
4009
4010
4011
4012
4013
4014
4015
4016
4017
4018
4019
4020
4021
4022
4023
4024
4025
4026
4027
4028
4029
4030
4031
4032
4033
4034
4035
4036
4037
4038
4039
4040
4041
4042
4043
4044
4045
4046
4047
4048
4049
4050
4051
4052
4053
4054
4055
4056
4057
4058
4059
4060
4061
4062
4063
4064
4065
4066
4067
4068
4069
4070
4071
4072
4073
4074
4075
4076
4077
4078
4079
4080
4081
4082
4083
4084
4085
4086
4087
4088
4089
4090
4091
4092
4093
4094
4095
4096
4097
4098
4099
4100
4101
4102
4103
4104
4105
4106
4107
4108
4109
4110
4111
4112
4113
4114
4115
4116
4117
4118
4119
4120
4121
4122
4123
4124
4125
4126
4127
4128
4129
4130
4131
4132
4133
4134
4135
4136
4137
4138
4139
4140
4141
4142
4143
4144
4145
4146
4147
4148
4149
4150
4151
4152
4153
4154
4155
4156
4157
4158
4159
4160
4161
4162
4163
4164
4168
4169
4170
4171
4172
4173
4174
4175
4176
4177
4178
4179
4180
4181
4182
4183
4184
4185
4186
4187
4188
4189
4190
4191
4192
4193
4194
4195
4196
4197
4198
4199
4200
4201
4202
4203
4204
4205
4206
4207
4216
4217
4218
4219
4220
4221
4222
4223
4224
4225
4226
4227
4228
4229
4230
4231
4232
4233
4234
4235
4236
4237
4238
4239
4240
4241
4242
4243
4244
4245
4246
4247
4264
4265
4266
4267
4268
4269
4270
4271
4272
4273
5128
5129
5130
5131
5132
5133
5134
5135
5136
5137
5138
5139
5140
5141
5142
5143
5144
5145
5146
5147
5148
5149
5150
5151
5152
5153
5154
5155
5156
5157
5158
5159
5160
5161
5162
5163
5164
5165
5166
5167
5168
5169
5170
5171
5172
5173
5174
5175
5176
5177
5178
5179
5180
5181
5182
5183
5184
5185
5186
5187
5188
5189
5190
5191
5192
5193
5194
5195
5196
5197
5198
5199
5200
5201
5202
5203
5204
5205
5206
5207
5208
5209
5210
5211
5212
5213
5214
5215
5216
5217
5218
5219
5220
5221
5222
5223
5224
5225
5226
5227
5228
5229
5230
5231
5232
5233
5234
5235
5236
5237
5238
5239
5240
5241
5242
5243
5244
5245
5246
5247
5248
5249
5250
5251
5252
5253
5254
5255
5256
5257
5258
5259
5260
5261
5262
5263
5264
5265
5266
5267
5268
5269
5270
5271
5272
5273
5274
5275
5276
5277
5278
5279
5280
5281
5282
5283
5284
5285
5286
5287
5288
5289
5290
5291
5292
5293
5294
5295
5296
5297
5298
5299
5300
5301
5302
5303
5304
5305
5306
5307
5308
5309
5310
5311
5312
5313
5314
5315
5316
5317
5318
5319
5320
5321
5322
5323
5324
5325
5326
5327
5328
5329
5330
5331
5332
5333
5334
5335
5336
5337
5338
5339
5340
5341
5342
5343
5344
5345
5346
5347
5348
5349
5350
5351
5352
5353
5354
5355
5356
5357
5358
5359
5360
5361
5362
5363
5364
5365
5366
5367
5368
5369
5370
5371
5372
5373
5374
5375
5376
5377
5378
5379
5380
5381
5382
5383
5384
5385
5386
5387
5388
5389
5390
5391
5392
5393
5394
5395
5396
5397
5398
5399
5400
5401
5402
5403
5404
5405
5406
5407
5408
5409
5410
5411
5412
5413
5414
5415
5416
5417
5418
5419
5420
5421
5422
5423
5424
5425
5426
5427
5428
5429
5430
5431
5432
5433
5434
5435
5436
5437
5438
5439
5440
5441
5442
5443
5444
5445
5446
5447
5448
5449
5450
5451
5452
5453
5454
5455
5456
5457
5458
5459
5460
5461
5462
5463
5464
5465
5466
5467
5468
5469
5470
5471
5472
5473
5474
5475
5476
5477
5478
5479
5480
5481
5482
5483
5484
5485
5486
5487
5488
5489
5490
5491
5492
5493
5494
5495
5496
5497
5498
5499
5500
5501
5502
5503
5504
5505
5506
5507
5508
5509
5510
5511
5512
5513
5514
5515
5516
5517
5518
5519
5520
5521
5522
5523
5524
5525
5526
5527
5528
5529
5530
5531
5532
5533
5534
5535
5536
5537
5538
5539
5540
5541
5542
5543
5544
5545
5546
5547
5548
5549
5550
5551
5552
5553
5554
5555
5556
5557
5558
5559
5560
5561
5562
5563
5564
5565
5566
5567
5568
5569
5570
5571
5572
5573
5574
5575
5576
5577
5578
5579
5580
5581
5582
5583
5584
5585
5586
5587
5588
5589
5590
5591
5592
5593
5594
5595
5596
5597
5598
5599
5600
5601
5602
5603
5604
5605
5606
5607
5608
5609
5610
5611
5612
5613
5614
5615
5616
5617
5618
5619
5620
5621
5622
5623
5624
5625
5626
5627
5628
5629
5630
5631
5632
5633
5634
5635
5636
5637
5638
5639
5640
5641
5642
5643
5644
5645
5646
5647
5648
5649
5650
5651
5652
5653
5654
5655
5656
5657
5658
5659
5660
5661
5662
5663
5664
5665
5666
5667
5668
5669
5670
5671
5672
5673
5674
5675
5676
5677
5678
5679
5680
5681
5682
5683
5684
5685
5686
5687
5688
5689
5690
5691
5692
5693
5694
5695
5696
5697
5698
5699
5700
5701
5702
5703
5704
5705
5706
5707
5708
5709
5710
5711
5712
5713
5714
5715
5716
5717
5718
5719
5720
5721
5722
5723
5724
5725
5726
5727
5728
5729
5730
5731
5732
5733
5734
5735
5736
5737
5738
5739
5740
5741
5742
5743
5744
5745
5746
5747
5748
5749
5750
5751
5752
5753
5754
5755
5756
5757
5758
5759
5760
5761
5762
5763
5764
5765
5766
5767
5768
5769
5770
5771
5772
5773
5774
5775
5776
5777
5778
5779
5780
5781
5782
5783
5784
5785
5786
5787
5788
5789
5790
5791
5792
5793
5794
5795
5796
5797
5798
5799
5800
5801
5802
5803
5804
5805
5806
5807
5808
5809
5810
5811
5812
5813
5814
5815
5816
5817
5818
5819
5820
5821
5822
5823
5824
5825
5826
5827
5828
5829
5830
5831
5832
5833
5834
5835
5836
5837
5838
5839
5840
5841
5842
5843
5844
5845
5846
5847
5848
5849
5850
5851
5852
5853
5854
5855
5856
5857
5858
5859
5860
5861
5862
5863
5864
5865
5866
5867
5868
5869
5870
5871
5872
5873
5874
5875
5876
5877
5878
5879
5880
5881
5882
5883
5884
5885
5886
5887
5888
5889
5890
5891
5892
5893
5894
5895
5896
5897
5898
5899
5900
5901
5902
5903
5904
5905
5906
5907
5908
5909
5910
5911
5912
5913
5914
5915
5916
5917
5918
5919
5920
5921
5922
5923
5924
5925
5926
5927
5928
5929
5930
5931
5932
5933
5934
5935
5936
5937
5938
5939
5940
5941
5942
5943
5944
5945
5946
5947
5948
5949
5950
5951
5952
5953
5954
5955
5956
5957
5958
5959
5960
5961
5962
5963
5964
5965
5966
5967
5968
5969
5970
5971
5972
5973
5974
5975
5976
5977
5978
5979
5980
5981
5982
5983
5984
5985
5986
5987
5988
5989
5990
5991
5992
5993
5994
5995
5996
5997
5998
5999
6000
6001
6002
6003
6004
6005
6006
6007
6008
6009
6010
6011
6012
6013
6014
6015
6016
6017
6018
6019
6020
6021
6022
6023
6024
6025
6026
6027
6028
6029
6030
6031
6032
6033
6034
6035
6036
6037
6038
6039
6040
6041
6042
6043
6044
6045
6046
6047
6048
6049
6050
6051
6052
6053
6054
6055
6056
6057
6058
6059
6060
6061
6062
6063
6064
6065
6066
6067
6068
6069
6070
6071
6072
6073
6074
6075
6076
6077
6078
6079
6080
6081
6082
6083
6084
6085
6086
6087
6088
6089
6090
6091
6092
6093
6094
6095
6096
6097
6098
6099
6100
6101
6102
6103
6104
6105
6106
6107
6108
6109
6110
6111
6112
6113
6114
6115
6116
6117
6118
6119
6120
6121
6122
6123
6124
6125
6126
6127
6128
6129
6130
6131
6132
6133
6134
6135
6136
6137
6138
6139
6140
6141
6142
6143
6144
6145
6146
6147
6148
6149
6150
6151
6152
6153
6154
6155
6156
6157
6158
6159
6160
6161
6162
6163
6164
6165
6166
6167
6168
6169
6170
6171
6172
6173
6174
6175
6176
6177
6178
6179
6180
6181
6182
6183
6184
6185
6186
6187
6188
6189
6190
6191
6192
6193
6194
6195
6196
6197
6198
6199
6200
6201
6202
6203
6204
6205
6206
6207
6208
6209
6210
6211
6212
6213
6214
6215
6216
6217
6218
6219
6220
6221
6222
6223
6224
6225
6226
6227
6228
6229
6230
6231
6232
6233
6234
6235
6236
6237
6238
6239
6240
6241
6242
6243
6244
6245
6246
6247
6248
6249
6250
6251
6252
6253
6254
6255
6256
6257
6258
6259
6260
6261
6262
6263
6264
6265
6266
6267
6268
6269
6270
6271
6272
6273
6274
6275
6276
6277
6278
6279
6280
6281
6282
6283
6284
6285
6286
6287
6288
6289
6290
6291
6292
6293
6294
6295
6296
6297
6298
6299
6300
6301
6302
6303
6304
6305
6306
6307
6308
6309
6310
6311
6312
6313
6314
6315
6316
6317
6318
6319
6320
6321
6322
6323
6324
6325
6326
6327
6328
6329
6330
6331
6332
6333
6334
6335
6336
6337
6338
6339
6340
6341
6342
6343
6344
6345
6346
6347
6348
6349
6350
6351
6352
6353
6354
6355
6356
6357
6358
6359
6360
6361
6362
6363
6364
6365
6366
6367
6368
6369
6370
6371
6372
6373
6374
6375
6376
6377
6378
6379
6380
6381
6382
6383
6384
6385
6386
6387
6388
6389
6390
6391
6392
6393
6394
6395
6396
6397
6398
6399
6400
6401
6402
6403
6404
6405
6406
6407
6408
6409
6410
6411
6412
6413
6414
6415
6416
6417
6418
6419
6420
6421
6422
6423
6424
6425
6426
6427
6428
6429
6430
6431
6432
6433
6434
6435
6436
6437
6438
6439
6440
6441
6442
6443
6444
6445
6446
6447
6448
6449
6450
6451
6452
6453
6454
6455
6456
6457
6458
6459
6460
6461
6462
6463
6464
6465
6466
6467
6468
6472
6473
6474
6475
6476
6477
6478
6479
6480
6481
6482
6483
6484
6485
6486
6487
6488
6489
6490
6491
6492
6493
6494
6495
6496
6497
6498
6499
6500
6501
6502
6503
6504
6505
6506
6507
6508
6509
6510
6520
6521
6522
6523
6524
6525
6526
6527
6528
6529
6530
6531
6532
6533
6534
6535
6536
6537
6538
6539
6540
6541
6542
6543
6544
6545
6546
6547
6548
6549
16263
16311
16359
16407
16455
16503
16551
16599
16647
16648
16649
16650
16651
16652
16653
16654
16656
16657
16658
16659
16660
16661
16662
16664
16665
16666
16667
16668
16669
16670
16672
16673
16674
16675
16676
16677
16678
16680
16681
16682
16683
16684
16685
16688
16689
16690
16691
16692
16693
16696
16697
16698
16699
16700
16701
16704
16705
16706
16707
16708
16709
16712
16713
16714
16715
16716
16717
16718
16720
16721
16722
16723
16724
16725
16726
16728
16729
16730
16731
16732
16733
16734
16736
16737
16738
16739
16740
16741
16742
16744
16745
16746
16747
16748
16749
16752
16753
16754
16755
16756
16757
16760
16761
16762
16763
16764
16765
16768
16769
16770
16771
16772
16773
16776
16782
16784
16788
16790
16793
16796
16799
16801
16804
16808
16811
16814
16817
16819
16822
16826
16828
16831
16834
16838
16841
16843
16847
16849
16853
16856
16857
16860
16862
16865
16866
16871
16873
16877
16880
16884
16886
16889
16891
16893
16897
16898
16905
16915
16916
16920
16925
16926
16931
16934
16935
16942
16945
16948
16951
16955
16956
16960
16964
16967
16970
16972
16975
16982
16984
16988
16991
16992
16997
16998
17002
17003
17007
17011
17012
17013
17019
17021
17022
17023
17031
17032
17035
17038
17042
17048
17051
17054
17056
17059
17061
17065
17069
17072
17075
17078
17080
17082
17086
17087
17090
17092
17093
17099
17103
17105
17106
17110
17114
17117
17124
17126
17130
17132
17136
17140
17142
17144
17145
17150
17152
17153
17158
17162
17164
17169
17172
17174
17176
17185
17186
17188
17193
17194
17196
17199
17201
17203
17209
17214
17215
17218
17221
17225
17227
17229
17232
17234
17239
17240
17243
17247
17250
17252
17255
17262
17265
17266
17270
17272
17279
17280
17285
17291
17292
17296
17301
17305
17306
17307
17310
17312
17314
17318
17323
17327
17332
17334
17335
17337
17340
17343
17354
17355
17356
17358
17362
17363
17367
17371
17373
17377
17381
17383
17384
17386
17393
17394
17395
17397
17401
17405
17407
17410
17411
17415
17419
17423
17427
17431
17432
17435
17436
17437
17441
17446
17447
17452
17453
17457
17458
17465
17467
17471
17472
17473
17477
17478
17481
17482
17488
17492
17493
17497
17503
17504
17507
17509
17513
17516
17519
17520
17523
17526
17531
17532
17536
17542
17544
17545
17547
17555
17562
17564
17569
17572
17575
17582
17583
17585
17589
17594
17598
17601
17602
17605
17612
17613
17614
17616
17618
17619
17622
17625
17627
17629
17635
17637
17640
17643
17644
17647
17651
17657
17659
17660
17661
17668
17671
17674
17677
17679
17682
17686
17687
17690
17694
17700
17702
17710
17712
17713
17716
17718
17719
17722
17729
17733
17738
17739
17741
17747
17749
17750
17755
17756
17764
17766
17770
17772
17773
17778
17783
17784
17785
17788
17794
17803
17804
17810
17812
17814
17816
17817
17819
17820
17824
17827
17830
17831
17834
17836
17838
17843
17845
17849
17851
17856
17860
17861
17865
17867
17873
17874
17879
17881
17882
17884
17887
17890
17891
17894
17900
17901
17906
17909
17913
17918
17920
17922
17924
17927
17928
17932
17934
17935
17937
17941
17947
17951
17954
17958
17960
17963
17965
17967
17973
17975
17978
17982
17985
17987
17990
17993
17994
17997
17999
18005
18006
18007
18012
18013
18017
18020
18022
18026
18035
18040
18041
18044
18048
18051
18055
18056
18058
18059
18062
18066
18068
18070
18074
18076
18077
18084
18086
18088
18093
18095
18097
18100
18102
18104
18106
18110
18113
18117
18120
18125
18128
18129
18131
18133
18139
18141
18144
18147
18150
18154
18156
18159
18166
18167
18169
18174
18175
18181
18183
18188
18190
18193
18194
18199
18200
18207
18209
18216
18217
18221
18225
18229
18230
18231
18236
18239
18244
18245
18249
18255
18256
18261
18262
18265
18272
18277
18278
18281
18284
18285
18286
18291
18296
18300
18301
18304
18307
18311
18315
18316
18319
18325
18328
18333
18335
18338
18340
18342
18347
18352
18358
18360
18364
18365
18366
18371
18373
18374
18375
18387
18388
18389
18391
18394
18398
18401
18404
18406
18410
18417
18418
18420
18421
18423
18426
18428
18430
18437
18440
18441
18443
18448
18452
18454
18459
18462
18465
18467
18470
18474
18479
18482
18484
18489
18491
18493
18495
18496
18498
18504
18506
18517
18520
18522
18523
18527
18532
18534
18536
18545
18551
18554
18557
18558
18559
18567
18570
18571
18574
18575
18577
18581
18582
18584
18592
18594
18603
18604
18605
18607
18610
18611
18612
18614
18616
18620
18624
18626
18628
18634
18636
18637
18640
18642
18650
18652
18656
18659
18661
18664
18668
18674
18675
18676
18680
18684
18686
18688
18691
18698
18701
18704
18708
18714
18719
18720
18722
18724
18727
18729
18734
18735
18739
18740
18745
18749
18752
18753
18755
18767
18768
18769
18772
18774
18775
18780
18781
18786
18788
18789
18790
18791
18792
18795
18798
18800
18803
18806
18808
18810
18812
18819
18825
18826
18830
18833
18839
18841
18846
18849
18855
18858
18860
18861
18864
18871
18873
18878
18882
18883
18885
18886
18890
18896
18898
18905
18912
18915
18917
18918
18922
18924
18931
18932
18934
18935
18941
18947
18950
18955
18959
18962
18965
18966
18968
18970
18975
18977
18985
18989
18991
18996
18997
19000
19001
19003
19010
19013
19015
19020
19026
19028
19029
19030
19033
19034
19037
19044
19045
19052
19055
19059
19064
19068
19069
19073
19076
19078
19080
19085
19088
19090
19091
19092
19096
19099
19101
19108
19109
19117
19122
19123
19127
19128
19129
19130
19132
19134
19142
19144
19145
19146
19148
19149
19150
19157
19163
19166
19169
19172
19178
19185
19186
19189
19191
19194
19195
19196
19201
19206
19207
19208
19209
19216
19218
19220
19221
19226
19227
19228
19232
19235
19241
19244
19245
19246
19256
19258
19263
19270
19271
19275
19277
19279
19281
19287
19289
19290
19294
19298
19300
19310
19311
19315
19317
19319
19321
19323
19324
19331
19334
19337
19339
19345
19348
19351
19353
19354
19359
19361
19362
19363
19364
19365
19366
19370
19371
19373
19382
19383
19387
19388
19390
19395
19398
19401
19402
19403
19408
19412
19416
19417
19421
19423
19426
19433
19434
19438
19439
19440
19441
19445
19446
19449
19451
19460
19463
19464
19465
19466
19469
19470
19476
19478
19479
19482
19484
19486
19487
19493
19494
19497
19501
19503
19505
19509
19511
19512
19515
19519
19521
19522
19527
19528
19540
19542
19544
19551
19554
19560
19563
19564
19565
19573
19574
19579
19581
19583
19584
19585
19589
19593
19603
19604
19607
19613
19614
19615
19617
19621
19629
19630
19635
19637
19643
19645
19652
19656
19657
19658
19663
19666
19668
19673
19674
19682
19684
19685
19687
19690
19692
19696
19698
19701
19702
19713
19716
19719
19721
19727
19728
19735
19736
19748
19749
19750
19751
19756
19758
19763
19764
19765
19767
19770
19771
19774
19775
19780
19783
19787
19789
19793
19804
19805
19806
19811
19814
19815
19818
19820
19829
19830
19832
19835
19836
19837
19839
19843
19845
19847
19857
19862
19863
19865
19868
19872
19875
19878
19881
19882
19887
19889
19891
19897
19904
19906
19908
19912
19913
19914
19915
19916
19920
19923
19932
19938
19941
19945
19948
19951
19952
19958
19960
19961
19965
19966
19967
19971
19974
19975
19976
19988
19993
19997
20001
20002
20003
20004
20005
20006
20007
20009
20011
20013
20014
20015
20016
20022
20023
20025
20029
20030
20035
20037
20040
20043
20048
20049
20054
20055
20056
20059
20060
20068
20069
20072
20075
20076
20080
20084
20090
20091
20099
20102
20105
20109
20114
20116
20118
20120
20128
20129
20136
20139
20141
20142
20144
20147
20148
20155
20156
20162
20164
20165
20172
20173
20174
20176
20179
20183
20187
20188
20193
20196
20199
20200
20203
20205
20210
20211
20215
20216
20225
20228
20229
20232
20233
20234
20235
20237
20246
20248
20250
20252
20254
20255
20256
20257
20260
20261
20266
20269
20277
20278
20279
20287
20293
20294
20300
20303
20305
20308
20315
20317
20318
20320
20323
20327
20328
20332
20333
20336
20338
20342
20343
20351
20357
20358
20362
20364
20365
20372
20373
20376
20378
20384
20386
20395
20399
20402
20404
20405
20406
20408
20412
20421
20423
20426
20429
20431
20434
20436
20443
20446
20451
20454
20456
20458
20459
20465
20467
20468
20472
20474
20477
20484
20486
20490
20491
20492
20493
20496
20497
20499
20502
20505
20508
20512
20513
20518
20522
20524
20526
20530
20532
20536
20548
20549
20550
20558
20561
20562
20567
20568
20576
20577
20581
20583
20584
20588
20589
20590
20594
20595
20596
20604
20608
20610
20615
20618
20620
20622
20624
20631
20634
20638
20639
20640
20648
20650
20652
20653
20658
20663
20665
20668
20669
20673
20675
20677
20682
20685
20688
20694
20700
20704
20707
20710
20713
20714
20715
20716
20719
20723
20726
20727
20730
20733
20734
20736
20738
20751
20757
20758
20761
20762
20764
20767
20772
20773
20779
20780
20782
20783
20795
20796
20797
20799
20800
20803
20806
20807
20808
20816
20817
20821
20823
20824
20829
20832
20839
20844
20846
20850
20851
20853
20855
20856
20859
20865
20867
20877
20878
20879
20881
20882
20886
20888
20893
20894
20899
20909
20914
20917
20919
20921
20922
20924
20926
20934
20938
20939
20942
20944
20948
20951
20959
20961
20965
20967
20969
20970
20972
20976
20982
20983
20988
20997
21000
21002
21004
21005
21009
21014
21017
21018
21020
21022
21024
21025
21027
21028
21031
21032
21041
21044
21048
21050
21056
21057
21061
21063
21065
21074
21077
21081
21087
21089
21090
21092
21093
21094
21095
21098
21100
21104
21111
21112
21120
21127
21131
21135
21136
21137
21140
21148
21154
21155
21156
21159
21164
21168
21169
21175
21176
21179
21184
21192
21195
21200
21201
21202
21209
21210
21211
21213
21214
21224
21226
21229
21231
21234
21236
21237
21241
21243
21244
21248
21250
21251
21254
21256
21257
21260
21262
21263
21264
21270
21273
21274
21279
21281
21283
21285
21288
21290
21293
21294
21297
21302
21306
21309
21317
21319
21321
21323
21329
21331
21332
21335
21336
21338
21343
21345
21347
21351
21364
21369
21371
21372
21375
21382
21384
21385
21387
21390
21392
21393
21397
21407
21410
21411
21415
21421
21423
21427
21428
21432
21436
21439
21441
21443
21444
21445
21452
21454
21458
21459
21461
21463
21464
21465
21473
21475
21484
21489
21493
21494
21501
21503
21504
21505
21509
21510
21512
21513
21519
21522
21525
21527
21529
21534
21535
21540
21544
21549
21551
21554
21556
21559
21563
21564
21565
21566
21574
21578
21579
21580
21584
21586
21587
21595
21597
21600
21604
21608
21612
21619
21624
21626
21627
21629
21631
21632
21634
21635
21638
21640
21641
21643
21647
21649
21656
21657
21658
21665
21667
21675
21677
21682
21684
21686
21688
21690
21693
21694
21697
21700
21704
21712
21715
21717
21721
21723
21727
21730
21738
21739
21742
21745
21748
21751
21752
21754
21757
21758
21759
21767
21768
21769
21776
21777
21783
21786
21787
21790
21800
21802
21807
21808
21810
21812
21813
21814
21815
21816
21819
21820
21830
21833
21834
21835
21838
21840
21846
21853
21854
21863
21864
21866
21869
21870
21871
21874
21886
21889
21891
21894
21896
21898
21899
21901
21904
21905
21906
21909
21916
21917
21921
21922
21924
21927
21928
21930
21935
21937
21940
21943
21945
21950
21951
21954
21973
21978
21982
21983
21985
21986
21989
21991
21994
22005
22007
22010
22013
22017
22018
22020
22022
22023
22029
22030
22038
22039
22043
22049
22050
22052
22053
22058
22059
22060
22061
22063
22066
22074
22077
22078
22091
22099
22101
22104
22105
22108
22109
22114
22116
22117
22123
22127
22131
22138
22140
22141
22151
22154
22156
22163
22164
22166
22167
22169
22172
22177
22180
22182
22185
22187
22190
22191
22194
22196
22207
22208
22210
22213
22223
22224
22226
22230
22234
22236
22237
22238
22241
22244
22248
22249
22250
22251
22259
22261
22262
22271
22273
22279
22283
22286
22288
22291
22293
22297
22301
22305
22307
22313
22319
22325
22326
22329
22331
22333
22335
22341
22346
22347
22350
22353
22359
22361
22364
22369
22370
22373
22378
22379
22380
22381
22389
22392
22396
22397
22404
22407
22409
22412
22417
22421
22422
22427
22432
22433
22436
22439
22440
22444
22446
22450
22452
22453
22458
22460
22465
22469
22470
22471
22480
22482
22485
22487
22489
22491
22492
22495
22496
22499
22501
22503
22511
22515
22516
22521
22525
22527
22528
22533
22535
22537
22541
22542
22545
22546
22548
22551
22552
22559
22561
22562
22563
22564
22571
22572
22574
22577
22580
22589
22590
22594
22595
22596
22600
22602
22607
22610
22612
22614
22617
22618
22622
22630
22635
22636
22637
22642
22644
22647
22648
22653
22656
22657
22658
22659
22662
22665
22666
22670
22672
22677
22678
22683
22685
22686
22687
22694
22695
22696
22704
22709
22711
22713
22714
22716
22717
22718
22722
22730
22735
22740
22744
22746
22750
22751
22753
22755
22760
22764
22767
22770
22775
22781
22784
22786
22787
22790
22791
22794
22795
22797
22803
22805
22809
22810
22812
22813
22817
22822
22831
22834
22837
22838
22840
22843
22846
22855
22857
22858
22862
22866
22870
22874
22879
22883
22884
22888
22889
22892
22902
22903
22905
22908
22913
22922
22924
22931
22936
22939
22944
22945
22949
22954
22958
22959
22966
22970
22978
22985
22987
22989
22992
22993
22995
22998
23002
23006
23008
23014
23015
23017
23022
23024
23028
23029
23034
23039
23040
23045
23055
23056
23060
23061
23063
23067
23072
23077
23084
23087
23088
23089
23094
23100
23102
23104
23107
23112
23113
23115
23116
23117
23118
23119
23120
23126
23129
23132
23139
23144
23145
23152
23153
23155
23157
23158
23162
23163
23164
23170
23171
23173
23174
23175
23182
23184
23188
23190
23191
23193
23195
23198
23206
23207
23209
23211
23216
23217
23219
23224
23225
23228
23234
23235
23236
23241
23247
23249
23250
23253
23254
23257
23262
23267
23269
23272
23273
23279
23280
23288
23293
23294
23295
23296
23301
23303
23305
23308
23310
23313
23319
23322
23326
23327
23328
23330
23332
23333
23337
23342
23344
23346
23353
23357
23360
23366
23371
23373
23381
23383
23384
23385
23386
23389
23391
23392
23394
23397
23398
23401
23402
23403
23405
23407
23414
23420
23421
23424
23428
23433
23437
23438
23439
23442
23446
23447
23452
23454
23458
23460
23463
23467
23471
23475
23477
23478
23480
23482
23487
23489
23493
23502
23511
23512
23518
23519
23521
23524
23525
23526
23527
23534
23535
23538
23539
23541
23543
23548
23549
23552
23561
23563
23565
23566
23571
23574
23575
23579
23580
23581
23582
23583
23590
23593
23598
23601
23613
23615
23616
23618
23619
23621
23624
23626
23627
23633
23635
23642
23643
23648
23653
23657
23658
23660
23661
23662
23665
23666
23668
23673
23675
23678
23680
23683
23684
23690
23693
23694
23696
23698
23699
23702
23705
23707
23710
23713
23720
23721
23723
23726
23734
23736
23737
23742
23744
23747
23755
23760
23761
23762
23765
23769
23773
23774
23777
23786
23789
23791
23792
23793
23795
23797
23802
23805
23807
23809
23811
23812
23813
23816
23823
23825
23835
23837
23838
23844
23848
23850
23855
23856
23857
23858
23860
23864
23870
23871
23872
23873
23875
23880
23882
23889
23893
23901
23905
23910
23913
23916
23917
23918
23920
23921
23924
23930
23931
23942
23945
23949
23950
23953
23957
23959
23960
23963
23965
23966
23973
23974
23975
23978
23983
23988
23990
23994
23996
23998
24003
24005
24008
24009
24012
24025
24026
24027
24029
24030
24031
24034
24036
24037
24039
24042
24049
24052
24054
24059
24064
24072
24074
24076
24079
24080
24081
24084
24085
24086
24094
24095
24100
24107
24113
24117
24121
24122
24124
24128
24129
24134
24136
24137
24140
24141
24143
24145
24147
24148
24149
24151
24152
24153
24159
24163
24166
24170
24171
24178
24186
24191
24192
24195
24200
24204
24205
24211
24215
24216
24224
24225
24227
24230
24231
24232
24233
24237
24240
24243
24244
24249
24258
24260
24261
24263
24265
24268
24269
24274
24275
24282
24288
24295
24299
24301
24305
24308
24311
24315
24316
24323
24327
24330
24332
24333
24334
24336
24337
24342
24349
24351
24352
24353
24356
24357
24359
24362
24368
24369
24371
24373
24377
24379
24380
24382
24383
24394
24396
24397
24399
24404
24409
24411
24418
24419
24420
24425
24426
24429
24431
24432
24434
24437
24443
24444
24453
24454
24461
24463
24464
24468
24471
24473
24477
24479
24480
24483
24495
24498
24503
24508
24511
24514
24516
24522
24526
24529
24531
24533
24539
24544
24545
24548
24550
24553
24556
24557
24560
24563
24565
24567
24573
24575
24577
24578
24581
24583
24588
24589
24593
24595
24596
24598
24600
24601
24603
24610
24614
24616
24626
24627
24628
24630
24633
24634
24635
24644
24646
24650
24652
24657
24660
24663
24668
24672
24673
24677
24679
24680
24682
24683
24693
24696
24701
24706
24707
24708
24711
24716
24719
24726
24728
24734
24735
24739
24741
24744
24745
24746
24753
24755
24756
24757
24758
24761
24763
24764
24768
24776
24779
24780
24782
24785
24787
24788
24794
24796
24798
24809
24811
24813
24814
24819
24820
24821
24826
24829
24835
24837
24842
24846
24847
24853
24857
24860
24864
24874
24875
24882
24886
24887
24888
24889
24893
24894
24896
24906
24909
24912
24914
24916
24919
24920
24922
24928
24934
24936
24940
24941
24945
24949
24967
24971
24974
24978
24982
24983
24987
24989
24991
24993
24997
24999
25001
25010
25011
25017
25022
25024
25025
25026
25027
25029
25030
25033
25034
25035
25038
25040
25041
25046
25049
25051
25061
25063
25065
25066
25069
25076
25078
25079
25084
25085
25087
25089
25091
25092
25099
25104
25106
25108
25110
25112
25121
25123
25124
25126
25129
25131
25132
25136
25138
25140
25145
25146
25151
25154
25160
25162
25167
25169
25170
25172
25173
25175
25177
25178
25185
25186
25190
25194
25195
25197
25204
25218
25219
25222
25223
25228
25229
25232
25233
25236
25241
25246
25248
25250
25253
25255
25259
25263
25276
25277
25278
25279
25283
25285
25288
25289
25291
25295
25296
25297
25299
25305
25307
25310
25316
25317
25318
25328
25333
25335
25338
25340
25343
25345
25352
25358
25359
25360
25361
25363
25364
25365
25366
25368
25369
25370
25384
25387
25391
25393
25395
25397
25402
25403
25404
25405
25407
25409
25411
25414
25417
25423
25426
25434
25436
25438
25446
25450
25455
25458
25460
25465
25477
25479
25484
25490
25493
25494
25502
25508
25511
25521
25525
25529
25533
25534
25536
25538
25545
25547
25549
25559
25561
25567
25571
25581
25586
25594
25606
25609
25611
25619
25623
25627
25633
25638
25639
25642
25643
25645
25654
25655
25661
25663
25668
25674
25681
25687
25692
25693
25697
25707
25710
25712
25714
25721
25722
25723
25725
25736
25743
25746
25749
25751
25756
25759
25761
25762
25771
25788
25793
25794
25797
25799
25802
25809
25811
25820
25831
25832
25840
25848
25850
25851
25853
25864
25867
25872
25874
25875
25877
25881
25882
25884
25886
25888
25893
25901
25904
25912
25913
25923
25925
25933
25935
25940
25948
25951
25961
25963
25964
25966
25970
25977
25980
25987
25990
26006
26008
26011
26013
26026
26033
26036
26040
26047
26053
26057
26060
26072
26075
26080
26087
26089
26090
26103
26117
26121
26123
26129
26136
26145
26149
26158
26162
26163
26167
26169
26181
26183
26184
26188
26195
26197
26202
26203
26212
26214
26215
26219
26223
26228
26229
26235
26237
26247
26249
26253
26256
26259
26261
26264
26267
26269
26272
26282
26285
26288
26292
26296
26299
26300
26305
26306
26314
26319
26320
26327
26332
26336
26348
26354
26358
26359
26361
26363
26364
26373
26374
26380
26383
26390
26396
26399
26408
26409
26411
26415
26420
26421
26422
26426
26427
26432
26443
26451
26463
26467
26473
26480
26481
26482
26483
26484
26489
26500
26501
26503
26504
26506
26516
26525
26528
26538
26541
26543
26545
26552
26556
26558
26561
26570
26573
26574
26576
26585
26588
26592
26596
26598
26603
26609
26611
26618
26621
26628
26633
26636
26638
26641
26649
26651
26665
26667
26676
26687
26688
26691
26699
26700
26710
26714
26726
26729
26742
26743
26745
26750
26756
26769
26777
26779
26780
26790
26792
26795
26797
26804
26807
26809
26811
26819
26825
26828
26830
26831
26833
26834
26838
26842
26846
26847
26849
26855
26865
26866
26872
26873
26874
26877
26881
26890
26893
26895
26897
26898
26900
26917
26926
26928
26932
26941
26944
26945
26950
26960
26965
26970
26973
27001
27006
27014
27035
27039
27041
27044
27055
27071
27072
27074
27075
27079
27084
27088
27098
27102
27105
27119
27121
27122
27123
27132
27133
27145
27147
27148
27149
27157
27163
27164
27175
27177
27188
27191
27194
27195
27206
27208
27220
27221
27228
27235
27245
27249
27259
27260
27262
27263
27266
27268
27276
27282
27283
27288
27293
27295
27299
27300
27301
27308
27310
27311
27312
27318
27319
27322
27323
27324
27326
27329
27333
27334
27336
27350
27351
27353
27357
27368
27377
27379
27380
27381
27384
27387
27388
27395
27396
27399
27400
27407
27412
27415
27420
27421
27427
27433
27434
27435
27447
27450
27451
27452
27455
27462
27469
27479
27487
27488
27494
27497
27501
27506
27508
27520
27525
27530
27532
27534
27536
27540
27543
27546
27551
27554
27558
27563
27569
27572
27575
27577
27583
27594
27596
27597
27612
27627
27640
27643
27645
27647
27653
27655
27656
27658
27660
27667
27670
27672
27673
27679
27686
27695
27696
27700
27706
27707
27708
27709
27710
27713
27719
27720
27726
27736
27739
27744
27753
27757
27759
27760
27763
27769
27775
27782
27784
27790
27793
27799
27800
27801
27804
27806
27808
27811
27814
27817
27823
27828
27835
27837
27845
27858
27866
27873
27877
27880
27882
27884
27885
27891
27895
27900
27903
27906
27910
27914
27923
27924
27927
27930
27935
27942
27961
27975
27989
27990
27992
27995
27999
28003
28011
28012
28015
28022
28024
28025
28027
28039
28045
28046
28047
28048
28054
28062
28064
28068
28070
28074
28080
28083
28093
28111
28114
28122
28123
28132
28133
28134
28136
28137
28138
28140
28143
28148
28156
28170
28173
28175
28187
28190
28191
28199
28205
28206
28210
28221
28225
28228
28231
28232
28234
28244
28251
28273
28275
28278
28279
28291
28293
28296
28297
28305
28309
28313
28316
28321
28323
28326
28332
28337
28350
28362
28372
28373
28376
28381
28385
28392
28399
28400
28401
28406
28407
28410
28412
28417
28418
28420
28424
28427
28428
28431
28435
28440
28442
28447
28455
28459
28462
28468
28469
28479
28480
28493
28506
28509
28510
28514
28526
28531
28533
28539
28542
28545
28546
28548
28557
28561
28566
28572
28583
28584
28586
28590
28595
28607
28611
28614
28616
28621
28622
28627
28637
28639
28647
28648
28654
28659
28666
28672
28677
28679
28682
28683
28687
28690
28691
28693
28704
28706
28707
28716
28725
28728
28730
28731
28735
28744
28749
28750
28759
28761
28763
28767
28769
28770
28774
28780
28782
28789
28790
28792
28796
28799
28802
28804
28811
28825
28826
28834
28850
28852
28854
28856
28857
28861
28862
28863
28864
28877
28878
28885
28887
28893
28896
28897
28899
28902
28910
28926
28931
28935
28937
28942
28943
28951
28953
28955
28964
28966
28974
28977
28979
28980
28982
28988
28990
28993
29000
29006
29011
29018
29030
29031
29037
29038
29041
29043
29044
29047
29050
29051
29053
29058
29067
29068
29072
29082
29083
29086
29087
29089
29092
29096
29097
29098
29100
29104
29105
29109
29120
29125
29126
29130
29135
29139
29144
29145
29148
29150
29155
29157
29160
29161
29164
29172
29183
29186
29191
29199
29203
29212
29218
29223
29226
29228
29235
29237
29241
29251
29252
29255
29257
29263
29274
29276
29278
29283
29285
29293
29295
29298
29301
29303
29311
29312
29315
29324
29333
29342
29343
29349
29356
29362
29366
29368
29383
29386
29387
29388
29396
29403
29404
29406
29407
29408
29410
29413
29421
29422
29441
29443
29451
29454
29456
29457
29462
29463
29465
29470
29482
29486
29487
29494
29500
29504
29506
29507
29511
29518
29528
29536
29540
29544
29547
29551
29556
29562
29563
29567
29569
29571
29573
29583
29586
29587
29600
29605
29607
29612
29619
29648
29649
29650
29651
29652
29653
29654
29655
29656
29657
29658
29659
29660
29661
29662
29663
29664
29665
29666
29667
29668
29669
29670
29671
29672
29673
29674
29675
29676
29677
29678
29679
29680
29681
29682
29683
29684
29685
29686
29687
29688
29689
29690
29691
29692
29693
29694
29695
29696
29697
29698
29699
29700
29701
29702
29703
29704
29705
29706
29707
29708
29709
29710
29711
29712
29713
29714
29715
29716
29717
29718
29719
29720
29721
29722
29723
29724
29725
29726
29727
29728
29729
29730
29731
29732
29733
29734
29735
29736
29737
29738
29739
29740
29741
29742
29743
29744
29745
29746
29747
29748
29749
29750
29751
29752
29753
29754
29755
29756
29757
29758
29759
29760
29761
29762
29763
29764
29765
29766
29767
29768
29769
29770
29771
29772
29773
29774
29775
29776
29777
29778
29779
29780
29781
29782
29783
29784
29785
29786
29787
29788
29789
29790
29791
29792
29793
29794
29795
29796
29797
29798
29799
29800
29801
29802
29803
29804
29805
29806
29807
29808
29809
29810
29811
29812
29813
29814
29815
29816
29817
29818
29819
29820
29821
29822
29823
29824
29825
29826
29827
29828
29829
29830
29831
29832
29833
29834
29835
29836
29837
29838
29839
29840
29841
29842
29843
29844
29845
29846
29847
29848
29849
29850
29851
29852
29853
29854
29855
29856
29857
29858
29859
29860
29861
29862
29863
29864
29865
29866
29867
29868
29869
29870
29871
29872
29873
29874
29875
29876
29877
29878
29879
29880
29881
29882
29883
29884
29885
29886
29887
29888
29889
29890
29891
29892
29893
29894
29895
29896
29897
29898
29899
29900
29901
29902
29903
29904
29905
29906
29907
29908
29909
29910
29911
29912
29913
29914
29915
29916
29917
29918
29919
29920
29921
29922
29923
29924
29925
29926
29927
29928
29929
29930
29931
29932
29933
29934
29935
29936
29937
29938
29939
29940
29941
29942
29943
29944
29945
29946
29947
29948
29949
29950
29951
29952
29953
29954
29955
29956
29957
29958
29959
29960
29961
29962
29963
29964
29965
29966
29967
29968
29969
29970
29971
29972
29973
29974
29975
29976
29977
29978
29979
29980
29981
29982
29983
29984
29985
29986
29987
29988
29989
29990
29991
29992
29993
29994
29995
29996
29997
29998
29999
30000
30001
30002
30003
30004
30005
30006
30007
30008
30009
30010
30011
30012
30013
30014
30015
30016
30017
30018
30019
30020
30021
30022
30023
30024
30025
30026
30027
30028
30029
30030
30031
30032
30033
30034
30035
30036
30037
30038
30039
30040
30041
30042
30043
30044
30045
30046
30047
30048
30049
30050
30051
30052
30053
30054
30055
30056
30057
30058
30059
30060
30061
30062
30063
30064
30065
30066
30067
30068
30069
30070
30071
30072
30073
30074
30075
30076
30077
30078
30079
30080
30081
30082
30083
30084
30085
30086
30087
30088
30089
30090
30091
30092
30093
30094
30095
30096
30097
30098
30099
30100
30101
30102
30103
30104
30105
30106
30107
30108
30109
30110
30111
30112
30113
30114
30115
30116
30117
30118
30119
30120
30121
30122
30123
30124
30125
30126
30127
30128
30129
30130
30131
30132
30133
30134
30135
30136
30137
30138
30139
30140
30141
30142
30143
30144
30145
30146
30147
30148
30149
30150
30151
30152
30153
30154
30155
30156
30157
30158
30159
30160
30161
30162
30163
30164
30165
30166
30167
30168
30169
30170
30171
30172
30173
30174
30175
30176
30177
30178
30179
30180
30181
30182
30183
30184
30185
30186
30187
30188
30189
30190
30191
30192
30193
30194
30195
30196
30197
30198
30199
30200
30201
30202
30203
30204
30205
30206
30207
30208
30209
30210
30211
30212
30213
30214
30215
30216
30217
30218
30219
30220
30221
30222
30223
30224
30225
30226
30227
30228
30229
30230
30231
30232
30233
30234
30235
30236
30237
30238
30239
30240
30241
30242
30243
30244
30245
30246
30247
30248
30249
30250
30251
30252
30253
30254
30255
30256
30257
30258
30259
30260
30261
30262
30263
30264
30265
30266
30267
30268
30269
30270
30271
30272
30273
30274
30275
30276
30277
30278
30279
30280
30281
30282
30283
30284
30285
30286
30287
30288
30289
30290
30291
30292
30293
30294
30295
30296
30297
30298
30299
30300
30301
30302
30303
30304
30305
30306
30307
30308
30309
30310
30311
30312
30313
30314
30315
30316
30317
30318
30319
30320
30321
30322
30323
30324
30325
30326
30327
30328
30329
30330
30331
30332
30333
30334
30335
30336
30337
30338
30339
30340
30341
30342
30343
30344
30345
30346
30347
30348
30349
30350
30351
30352
30353
30354
30355
30356
30357
30358
30359
30360
30361
30362
30363
30364
30365
30366
30367
30368
30369
30370
30371
30372
30373
30374
30375
30376
30377
30378
30379
30380
30381
30382
30383
30384
30385
30386
30387
30388
30389
30390
30391
30392
30393
30394
30395
30396
30397
30398
30399
30400
30401
30402
30403
30404
30405
30406
30407
30408
30409
30410
30411
30412
30413
30414
30415
30416
30417
30418
30419
30420
30421
30422
30423
30424
30425
30426
30427
30428
30429
30430
30431
30432
30433
30434
30435
30436
30437
30438
30439
30440
30441
30442
30443
30444
30445
30446
30447
30448
30449
30450
30451
30452
30453
30454
30455
30456
30457
30458
30459
30460
30461
30462
30463
30464
30465
30466
30467
30468
30469
30470
30471
30472
30473
30474
30475
30476
30477
30478
30479
30480
30481
30482
30483
30484
30485
30486
30487
30488
30489
30490
30491
30492
30493
30494
30495
30496
30497
30498
30499
30500
30501
30502
30503
30504
30505
30506
30507
30508
30509
30510
30511
30512
30513
30514
30515
30516
30517
30518
30519
30520
30521
30522
30523
30524
30525
30526
30527
30528
30529
30530
30531
30532
30533
30534
30535
30536
30537
30538
30539
30540
30541
30542
30543
30544
30545
30546
30547
30548
30549
30550
30551
30552
30553
30554
30555
30556
30557
30558
30559
30560
30561
30562
30563
30564
30565
30566
30567
30568
30569
30570
30571
30572
30573
30574
30575
30576
30577
30578
30579
30580
30581
30582
30583
30584
30585
30586
30587
30588
30589
30590
30591
30592
30593
30594
30595
30596
30597
30598
30599
30600
30601
30602
30603
30604
30605
30606
30607
30608
30609
30610
30611
30612
30613
30614
30615
30616
30617
30618
30619
30620
30621
30622
30623
30624
30625
30626
30627
30628
30629
30630
30631
30632
30633
30634
30635
30636
30637
30638
30639
30640
30641
30642
30643
30644
30645
30646
30647
30648
30649
30650
30651
30652
30653
30654
30655
30656
30657
30658
30659
30660
30661
30662
30663
30664
30665
30666
30667
30668
30669
30670
30671
30672
30673
30674
30675
30676
30677
30678
30679
30680
30681
30682
30683
30684
30685
30686
30687
30688
30689
30690
30691
30692
30693
30694
30695
30696
30697
30698
30699
30700
30701
30702
30703
30704
30705
30706
30707
30708
30709
30710
30711
30712
30713
30714
30715
30716
30717
30718
30719
30720
30721
30722
30723
30724
30725
30726
30727
30728
30729
30730
30731
30732
30733
30734
30735
30736
30737
30738
30739
30740
30741
30742
30743
30744
30745
30746
30747
30748
30749
30750
30751
30752
30753
30754
30755
30756
30757
30758
30759
30760
30761
30762
30763
30764
30765
30766
30767
30768
30769
30770
30771
30772
30773
30774
30775
30776
30777
30778
30779
30780
30781
30782
30783
30784
30785
30786
30787
30788
30789
30790
30791
30792
30793
30794
30795
30796
30797
30798
30799
30800
30801
30802
30803
30804
30805
30806
30807
30808
30809
30810
30811
30812
30813
30814
30815
30816
30817
30818
30819
30820
30821
30822
30823
30824
30825
30826
30827
30828
30829
30830
30831
30832
30833
30834
30835
30836
30837
30838
30839
30840
30841
30842
30843
30844
30845
30846
30847
30848
30849
30850
30851
30852
30853
30854
30855
30856
30857
30858
30859
30860
30861
30862
30863
30864
30865
30866
30867
30868
30869
30870
30871
30872
30873
30874
30875
30876
30877
30878
30879
30880
30881
30882
30883
30884
30885
30886
30887
30888
30889
30890
30891
30892
30893
30894
30895
30896
30897
30898
30899
30900
30901
30902
30903
30904
30905
30906
30907
30908
30909
30910
30911
30912
30913
30914
30915
30916
30917
30918
30919
30920
30921
30922
30923
30924
30925
30926
30927
30928
30929
30930
30931
30932
30933
30934
30935
30936
30937
30938
30939
30940
30941
30942
30943
30944
30945
30946
30947
30948
30949
30950
30951
30952
30953
30954
30955
30956
30957
30958
30959
30960
30961
30962
30963
30964
30965
30966
30967
30968
30969
30970
30971
30972
30973
30974
30975
30976
30977
30978
30979
30980
30981
30982
30983
30984
30985
30986
30987
30988
30992
30993
30994
30995
30996
30997
30998
30999
31000
31001
31002
31003
31004
31005
31006
31007
31008
31009
31010
31011
31012
31013
31014
31015
31016
31017
31018
31019
31020
31021
31022
31023
31024
31025
31026
31027
31028
31029
31030
31031
31040
31041
31042
31043
31044
31045
31046
31047
31048
31049
31050
31051
31052
31053
31054
31055
31056
31057
31058
31059
31060
31061
31062
31063
31064
31065
31066
31067
31068
31069
31070
31071
31088
31089
31090
31091
31092
31093
31094
31095
31096
31097
31952
31953
31954
31955
31956
31957
31958
31959
31960
31961
31962
31963
31964
31965
31966
31967
31968
31969
31970
31971
31972
31973
31974
31975
31976
31977
31978
31979
31980
31981
31982
31983
31984
31985
31986
31987
31988
31989
31990
31991
31992
31993
31994
31995
31996
31997
31998
31999
32000
32001
32002
32003
32004
32005
32006
32007
32008
32009
32010
32011
32012
32013
32014
32015
32016
32017
32018
32019
32020
32021
32022
32023
32024
32025
32026
32027
32028
32029
32030
32031
32032
32033
32034
32035
32036
32037
32038
32039
32040
32041
32042
32043
32044
32045
32046
32047
32048
32049
32050
32051
32052
32053
32054
32055
32056
32057
32058
32059
32060
32061
32062
32063
32064
32065
32066
32067
32068
32069
32070
32071
32072
32073
32074
32075
32076
32077
32078
32079
32080
32081
32082
32083
32084
32085
32086
32087
32088
32089
32090
32091
32092
32093
32094
32095
32096
32097
32098
32099
32100
32101
32102
32103
32104
32105
32106
32107
32108
32109
32110
32111
32112
32113
32114
32115
32116
32117
32118
32119
32120
32121
32122
32123
32124
32125
32126
32127
32128
32129
32130
32131
32132
32133
32134
32135
32136
32137
32138
32139
32140
32141
32142
32143
32144
32145
32146
32147
32148
32149
32150
32151
32152
32153
32154
32155
32156
32157
32158
32159
32160
32161
32162
32163
32164
32165
32166
32167
32168
32169
32170
32171
32172
32173
32174
32175
32176
32177
32178
32179
32180
32181
32182
32183
32184
32185
32186
32187
32188
32189
32190
32191
32192
32193
32194
32195
32196
32197
32198
32199
32200
32201
32202
32203
32204
32205
32206
32207
32208
32209
32210
32211
32212
32213
32214
32215
32216
32217
32218
32219
32220
32221
32222
32223
32224
32225
32226
32227
32228
32229
32230
32231
32232
32233
32234
32235
32236
32237
32238
32239
32240
32241
32242
32243
32244
32245
32246
32247
32248
32249
32250
32251
32252
32253
32254
32255
32256
32257
32258
32259
32260
32261
32262
32263
32264
32265
32266
32267
32268
32269
32270
32271
32272
32273
32274
32275
32276
32277
32278
32279
32280
32281
32282
32283
32284
32285
32286
32287
32288
32289
32290
32291
32292
32293
32294
32295
32296
32297
32298
32299
32300
32301
32302
32303
32304
32305
32306
32307
32308
32309
32310
32311
32312
32313
32314
32315
32316
32317
32318
32319
32320
32321
32322
32323
32324
32325
32326
32327
32328
32329
32330
32331
32332
32333
32334
32335
32336
32337
32338
32339
32340
32341
32342
32343
32344
32345
32346
32347
32348
32349
32350
32351
32352
32353
32354
32355
32356
32357
32358
32359
32360
32361
32362
32363
32364
32365
32366
32367
32368
32369
32370
32371
32372
32373
32374
32375
32376
32377
32378
32379
32380
32381
32382
32383
32384
32385
32386
32387
32388
32389
32390
32391
32392
32393
32394
32395
32396
32397
32398
32399
32400
32401
32402
32403
32404
32405
32406
32407
32408
32409
32410
32411
32412
32413
32414
32415
32416
32417
32418
32419
32420
32421
32422
32423
32424
32425
32426
32427
32428
32429
32430
32431
32432
32433
32434
32435
32436
32437
32438
32439
32440
32441
32442
32443
32444
32445
32446
32447
32448
32449
32450
32451
32452
32453
32454
32455
32456
32457
32458
32459
32460
32461
32462
32463
32464
32465
32466
32467
32468
32469
32470
32471
32472
32473
32474
32475
32476
32477
32478
32479
32480
32481
32482
32483
32484
32485
32486
32487
32488
32489
32490
32491
32492
32493
32494
32495
32496
32497
32498
32499
32500
32501
32502
32503
32504
32505
32506
32507
32508
32509
32510
32511
32512
32513
32514
32515
32516
32517
32518
32519
32520
32521
32522
32523
32524
32525
32526
32527
32528
32529
32530
32531
32532
32533
32534
32535
32536
32537
32538
32539
32540
32541
32542
32543
32544
32545
32546
32547
32548
32549
32550
32551
32552
32553
32554
32555
32556
32557
32558
32559
32560
32561
32562
32563
32564
32565
32566
32567
32568
32569
32570
32571
32572
32573
32574
32575
32576
32577
32578
32579
32580
32581
32582
32583
32584
32585
32586
32587
32588
32589
32590
32591
32592
32593
32594
32595
32596
32597
32598
32599
32600
32601
32602
32603
32604
32605
32606
32607
32608
32609
32610
32611
32612
32613
32614
32615
32616
32617
32618
32619
32620
32621
32622
32623
32624
32625
32626
32627
32628
32629
32630
32631
32632
32633
32634
32635
32636
32637
32638
32639
32640
32641
32642
32643
32644
32645
32646
32647
32648
32649
32650
32651
32652
32653
32654
32655
32656
32657
32658
32659
32660
32661
32662
32663
32664
32665
32666
32667
32668
32669
32670
32671
32672
32673
32674
32675
32676
32677
32678
32679
32680
32681
32682
32683
32684
32685
32686
32687
32688
32689
32690
32691
32692
32693
32694
32695
32696
32697
32698
32699
32700
32701
32702
32703
32704
32705
32706
32707
32708
32709
32710
32711
32712
32713
32714
32715
32716
32717
32718
32719
32720
32721
32722
32723
32724
32725
32726
32727
32728
32729
32730
32731
32732
32733
32734
32735
32736
32737
32738
32739
32740
32741
32742
32743
32744
32745
32746
32747
32748
32749
32750
32751
32752
32753
32754
32755
32756
32757
32758
32759
32760
32761
32762
32763
32764
32765
32766
32767
32768
32769
32770
32771
32772
32773
32774
32775
32776
32777
32778
32779
32780
32781
32782
32783
32784
32785
32786
32787
32788
32789
32790
32791
32792
32793
32794
32795
32796
32797
32798
32799
32800
32801
32802
32803
32804
32805
32806
32807
32808
32809
32810
32811
32812
32813
32814
32815
32816
32817
32818
32819
32820
32821
32822
32823
32824
32825
32826
32827
32828
32829
32830
32831
32832
32833
32834
32835
32836
32837
32838
32839
32840
32841
32842
32843
32844
32845
32846
32847
32848
32849
32850
32851
32852
32853
32854
32855
32856
32857
32858
32859
32860
32861
32862
32863
32864
32865
32866
32867
32868
32869
32870
32871
32872
32873
32874
32875
32876
32877
32878
32879
32880
32881
32882
32883
32884
32885
32886
32887
32888
32889
32890
32891
32892
32893
32894
32895
32896
32897
32898
32899
32900
32901
32902
32903
32904
32905
32906
32907
32908
32909
32910
32911
32912
32913
32914
32915
32916
32917
32918
32919
32920
32921
32922
32923
32924
32925
32926
32927
32928
32929
32930
32931
32932
32933
32934
32935
32936
32937
32938
32939
32940
32941
32942
32943
32944
32945
32946
32947
32948
32949
32950
32951
32952
32953
32954
32955
32956
32957
32958
32959
32960
32961
32962
32963
32964
32965
32966
32967
32968
32969
32970
32971
32972
32973
32974
32975
32976
32977
32978
32979
32980
32981
32982
32983
32984
32985
32986
32987
32988
32989
32990
32991
32992
32993
32994
32995
32996
32997
32998
32999
33000
33001
33002
33003
33004
33005
33006
33007
33008
33009
33010
33011
33012
33013
33014
33015
33016
33017
33018
33019
33020
33021
33022
33023
33024
33025
33026
33027
33028
33029
33030
33031
33032
33033
33034
33035
33036
33037
33038
33039
33040
33041
33042
33043
33044
33045
33046
33047
33048
33049
33050
33051
33052
33053
33054
33055
33056
33057
33058
33059
33060
33061
33062
33063
33064
33065
33066
33067
33068
33069
33070
33071
33072
33073
33074
33075
33076
33077
33078
33079
33080
33081
33082
33083
33084
33085
33086
33087
33088
33089
33090
33091
33092
33093
33094
33095
33096
33097
33098
33099
33100
33101
33102
33103
33104
33105
33106
33107
33108
33109
33110
33111
33112
33113
33114
33115
33116
33117
33118
33119
33120
33121
33122
33123
33124
33125
33126
33127
33128
33129
33130
33131
33132
33133
33134
33135
33136
33137
33138
33139
33140
33141
33142
33143
33144
33145
33146
33147
33148
33149
33150
33151
33152
33153
33154
33155
33156
33157
33158
33159
33160
33161
33162
33163
33164
33165
33166
33167
33168
33169
33170
33171
33172
33173
33174
33175
33176
33177
33178
33179
33180
33181
33182
33183
33184
33185
33186
33187
33188
33189
33190
33191
33192
33193
33194
33195
33196
33197
33198
33199
33200
33201
33202
33203
33204
33205
33206
33207
33208
33209
33210
33211
33212
33213
33214
33215
33216
33217
33218
33219
33220
33221
33222
33223
33224
33225
33226
33227
33228
33229
33230
33231
33232
33233
33234
33235
33236
33237
33238
33239
33240
33241
33242
33243
33244
33245
33246
33247
33248
33249
33250
33251
33252
33253
33254
33255
33256
33257
33258
33259
33260
33261
33262
33263
33264
33265
33266
33267
33268
33269
33270
33271
33272
33273
33274
33275
33276
33277
33278
33279
33280
33281
33282
33283
33284
33285
33286
33287
33288
33289
33290
33291
33292
33296
33297
33298
33299
33300
33301
33302
33303
33304
33305
33306
33307
33308
33309
33310
33311
33312
33313
33314
33315
33316
33317
33318
33319
33320
33321
33322
33323
33324
33325
33326
33327
33328
33329
33330
33331
33332
33333
33334
33344
33345
33346
33347
33348
33349
33350
33351
33352
33353
33354
33355
33356
33357
33358
33359
33360
33361
33362
33363
33364
33365
33366
33367
33368
33369
33370
33371
33372
33373
43087
43135
43183
43231
43279
43327
43375
43423
43471
43472
43473
43474
43475
43476
43477
43478
43480
43481
43482
43483
43484
43485
43486
43488
43489
43490
43491
43492
43493
43494
43496
43497
43498
43499
43500
43501
43502
43504
43505
43506
43507
43508
43509
43512
43513
43514
43515
43516
43517
43520
43521
43522
43523
43524
43525
43528
43529
43530
43531
43532
43533
43536
43537
43538
43539
43540
43541
43542
43544
43545
43546
43547
43548
43549
43550
43552
43553
43554
43555
43556
43557
43558
43560
43561
43562
43563
43564
43565
43566
43568
43569
43570
43571
43572
43573
43576
43577
43578
43579
43580
43581
43584
43585
43586
43587
43588
43589
43592
43593
43594
43595
43596
43597
43606
43608
43610
43618
43622
43627
43630
43632
43637
43649
43651
43656
43662
43665
43666
43674
43680
43683
43693
43697
43701
43705
43706
43708
43710
43717
43719
43721
43731
43733
43739
43743
43753
43758
43766
43778
43781
43783
43791
43795
43799
43805
43810
43811
43814
43815
43817
43826
43827
43833
43835
43840
43846
43853
43859
43864
43865
43869
43879
43882
43884
43886
43893
43894
43895
43897
43908
43915
43918
43921
43923
43928
43931
43933
43934
43943
43960
43965
43966
43969
43971
43974
43981
43983
43992
44003
44004
44012
44020
44022
44023
44025
44036
44039
44044
44046
44047
44049
44053
44054
44056
44058
44060
44065
44073
44076
44084
44085
44095
44097
44105
44107
44112
44120
44123
44133
44135
44136
44138
44142
44149
44152
44159
44162
44178
44180
44183
44185
44198
44205
44208
44212
44219
44225
44229
44232
44244
44247
44252
44259
44261
44262
44275
44289
44293
44295
44301
44308
44317
44321
44330
44334
44335
44339
44341
44353
44355
44356
44360
44367
44369
44374
44375
44384
44386
44387
44391
44395
44400
44401
44407
44409
44419
44421
44425
44428
44431
44433
44436
44439
44441
44444
44454
44457
44460
44464
44468
44471
44472
44477
44478
44486
44491
44492
44499
44504
44508
44520
44526
44530
44531
44533
44535
44536
44545
44546
44552
44555
44562
44568
44571
44580
44581
44583
44587
44592
44593
44594
44598
44599
44604
44615
44623
44635
44639
44645
44652
44653
44654
44655
44656
44661
44672
44673
44675
44676
44678
44688
44697
44700
44710
44713
44715
44717
44724
44728
44730
44733
44742
44745
44746
44748
44757
44760
44764
44768
44770
44775
44781
44783
44790
44793
44800
44805
44808
44810
44813
44821
44823
44837
44839
44848
44859
44860
44863
44871
44872
44882
44886
44898
44901
44914
44915
44917
44922
44928
44941
44949
44951
44952
44962
44964
44967
44969
44976
44979
44981
44983
44991
44997
45000
45002
45003
45005
45006
45010
45014
45018
45019
45021
45027
45037
45038
45044
45045
45046
45049
45053
45062
45065
45067
45069
45070
45072
45089
45098
45100
45104
45113
45116
45117
45122
45132
45137
45142
45145
45173
45178
45186
45207
45211
45213
45216
45227
45243
45244
45246
45247
45251
45256
45260
45270
45274
45277
45291
45293
45294
45295
45304
45305
45317
45319
45320
45321
45329
45335
45336
45347
45349
45360
45363
45366
45367
45378
45380
45392
45393
45400
45407
45417
45421
45431
45432
45434
45435
45438
45440
45448
45454
45455
45460
45465
45467
45471
45472
45473
45480
45482
45483
45484
45490
45491
45494
45495
45496
45498
45501
45505
45506
45508
45522
45523
45525
45529
45540
45549
45551
45552
45553
45556
45559
45560
45567
45568
45571
45572
45579
45584
45587
45592
45593
45599
45605
45606
45607
45619
45622
45623
45624
45627
45634
45641
45651
45659
45660
45666
45669
45673
45678
45680
45692
45697
45702
45704
45706
45708
45712
45715
45718
45723
45726
45730
45735
45741
45744
45747
45749
45755
45766
45768
45769
45784
45799
45812
45815
45817
45819
45825
45827
45828
45830
45832
45839
45842
45844
45845
45851
45858
45867
45868
45872
45878
45879
45880
45881
45882
45885
45891
45892
45898
45908
45911
45916
45925
45929
45931
45932
45935
45941
45947
45954
45956
45962
45965
45971
45972
45973
45976
45978
45980
45983
45986
45989
45995
46000
46007
46009
46017
46030
46038
46045
46049
46052
46054
46056
46057
46063
46067
46072
46075
46078
46082
46086
46095
46096
46099
46102
46107
46114
46133
46147
46161
46162
46164
46167
46171
46175
46183
46184
46187
46194
46196
46197
46199
46211
46217
46218
46219
46220
46226
46234
46236
46240
46242
46246
46252
46255
46265
46283
46286
46294
46295
46304
46305
46306
46308
46309
46310
46312
46315
46320
46328
46342
46345
46347
46359
46362
46363
46371
46377
46378
46382
46393
46397
46400
46403
46404
46406
46416
46423
46445
46447
46450
46451
46463
46465
46468
46469
46477
46481
46485
46488
46493
46495
46498
46504
46509
46522
46534
46544
46545
46548
46553
46557
46564
46571
46572
46573
46578
46579
46582
46584
46589
46590
46592
46596
46599
46600
46603
46607
46612
46614
46619
46627
46631
46634
46640
46641
46651
46652
46665
46678
46681
46682
46686
46698
46703
46705
46711
46714
46717
46718
46720
46729
46733
46738
46744
46755
46756
46758
46762
46767
46779
46783
46786
46788
46793
46794
46799
46809
46811
46819
46820
46826
46831
46838
46844
46849
46851
46854
46855
46859
46862
46863
46865
46876
46878
46879
46888
46897
46900
46902
46903
46907
46916
46921
46922
46931
46933
46935
46939
46941
46942
46946
46952
46954
46961
46962
46964
46968
46971
46974
46976
46983
46997
46998
47006
47022
47024
47026
47028
47029
47033
47034
47035
47036
47049
47050
47057
47059
47065
47068
47069
47071
47074
47082
47098
47103
47107
47109
47114
47115
47123
47125
47127
47136
47138
47146
47149
47151
47152
47154
47160
47162
47165
47172
47178
47183
47190
47202
47203
47209
47210
47213
47215
47216
47219
47222
47223
47225
47230
47239
47240
47244
47254
47255
47258
47259
47261
47264
47268
47269
47270
47272
47276
47277
47281
47292
47297
47298
47302
47307
47311
47316
47317
47320
47322
47327
47329
47332
47333
47336
47344
47355
47358
47363
47371
47375
47384
47390
47395
47398
47400
47407
47409
47413
47423
47424
47427
47429
47435
47446
47448
47450
47455
47457
47465
47467
47470
47473
47475
47483
47484
47487
47496
47505
47514
47515
47521
47528
47534
47538
47540
47555
47558
47559
47560
47568
47575
47576
47578
47579
47580
47582
47585
47593
47594
47613
47615
47623
47626
47628
47629
47634
47635
47637
47642
47654
47658
47659
47666
47672
47676
47678
47679
47683
47690
47700
47708
47712
47716
47719
47723
47728
47734
47735
47739
47741
47743
47745
47755
47758
47759
47772
47777
47779
47784
47791
47820
47826
47828
47832
47834
47837
47840
47843
47845
47848
47852
47855
47858
47861
47863
47866
47870
47872
47875
47878
47882
47885
47887
47891
47893
47897
47900
47901
47904
47906
47909
47910
47915
47917
47921
47924
47928
47930
47933
47935
47937
47941
47942
47949
47959
47960
47964
47969
47970
47975
47978
47979
47986
47989
47992
47995
47999
48000
48004
48008
48011
48014
48016
48019
48026
48028
48032
48035
48036
48041
48042
48046
48047
48051
48055
48056
48057
48063
48065
48066
48067
48075
48076
48079
48082
48086
48092
48095
48098
48100
48103
48105
48109
48113
48116
48119
48122
48124
48126
48130
48131
48134
48136
48137
48143
48147
48149
48150
48154
48158
48161
48168
48170
48174
48176
48180
48184
48186
48188
48189
48194
48196
48197
48202
48206
48208
48213
48216
48218
48220
48229
48230
48232
48237
48238
48240
48243
48245
48247
48253
48258
48259
48262
48265
48269
48271
48273
48276
48278
48283
48284
48287
48291
48294
48296
48299
48306
48309
48310
48314
48316
48323
48324
48329
48335
48336
48340
48345
48349
48350
48351
48354
48356
48358
48362
48367
48371
48376
48378
48379
48381
48384
48387
48398
48399
48400
48402
48406
48407
48411
48415
48417
48421
48425
48427
48428
48430
48437
48438
48439
48441
48445
48449
48451
48454
48455
48459
48463
48467
48471
48475
48476
48479
48480
48481
48485
48490
48491
48496
48497
48501
48502
48509
48511
48515
48516
48517
48521
48522
48525
48526
48532
48536
48537
48541
48547
48548
48551
48553
48557
48560
48563
48564
48567
48570
48575
48576
48580
48586
48588
48589
48591
48599
48606
48608
48613
48616
48619
48626
48627
48629
48633
48638
48642
48645
48646
48649
48656
48657
48658
48660
48662
48663
48666
48669
48671
48673
48679
48681
48684
48687
48688
48691
48695
48701
48703
48704
48705
48712
48715
48718
48721
48723
48726
48730
48731
48734
48738
48744
48746
48754
48756
48757
48760
48762
48763
48766
48773
48777
48782
48783
48785
48791
48793
48794
48799
48800
48808
48810
48814
48816
48817
48822
48827
48828
48829
48832
48838
48847
48848
48854
48856
48858
48860
48861
48863
48864
48868
48871
48874
48875
48878
48880
48882
48887
48889
48893
48895
48900
48904
48905
48909
48911
48917
48918
48923
48925
48926
48928
48931
48934
48935
48938
48944
48945
48950
48953
48957
48962
48964
48966
48968
48971
48972
48976
48978
48979
48981
48985
48991
48995
48998
49002
49004
49007
49009
49011
49017
49019
49022
49026
49029
49031
49034
49037
49038
49041
49043
49049
49050
49051
49056
49057
49061
49064
49066
49070
49079
49084
49085
49088
49092
49095
49099
49100
49102
49103
49106
49110
49112
49114
49118
49120
49121
49128
49130
49132
49137
49139
49141
49144
49146
49148
49150
49154
49157
49161
49164
49169
49172
49173
49175
49177
49183
49185
49188
49191
49194
49198
49200
49203
49210
49211
49213
49218
49219
49225
49227
49232
49234
49237
49238
49243
49244
49251
49253
49260
49261
49265
49269
49273
49274
49275
49280
49283
49288
49289
49293
49299
49300
49305
49306
49309
49316
49321
49322
49325
49328
49329
49330
49335
49340
49344
49345
49348
49351
49355
49359
49360
49363
49369
49372
49377
49379
49382
49384
49386
49391
49396
49402
49404
49408
49409
49410
49415
49417
49418
49419
49431
49432
49433
49435
49438
49442
49445
49448
49450
49454
49461
49462
49464
49465
49467
49470
49472
49474
49481
49484
49485
49487
49492
49496
49498
49503
49506
49509
49511
49514
49518
49523
49526
49528
49533
49535
49537
49539
49540
49542
49548
49550
49561
49564
49566
49567
49571
49576
49578
49580
49589
49595
49598
49601
49602
49603
49611
49614
49615
49618
49619
49621
49625
49626
49628
49636
49638
49647
49648
49649
49651
49654
49655
49656
49658
49660
49664
49668
49670
49672
49678
49680
49681
49684
49686
49694
49696
49700
49703
49705
49708
49712
49718
49719
49720
49724
49728
49730
49732
49735
49742
49745
49748
49752
49758
49763
49764
49766
49768
49771
49773
49778
49779
49783
49784
49789
49793
49796
49797
49799
49811
49812
49813
49816
49818
49819
49824
49825
49830
49832
49833
49834
49835
49836
49839
49842
49844
49847
49850
49852
49854
49856
49863
49869
49870
49874
49877
49883
49885
49890
49893
49899
49902
49904
49905
49908
49915
49917
49922
49926
49927
49929
49930
49934
49940
49942
49949
49956
49959
49961
49962
49966
49968
49975
49976
49978
49979
49985
49991
49994
49999
50003
50006
50009
50010
50012
50014
50019
50021
50029
50033
50035
50040
50041
50044
50045
50047
50054
50057
50059
50064
50070
50072
50073
50074
50077
50078
50081
50088
50089
50096
50099
50103
50108
50112
50113
50117
50120
50122
50124
50129
50132
50134
50135
50136
50140
50143
50145
50152
50153
50161
50166
50167
50171
50172
50173
50174
50176
50178
50186
50188
50189
50190
50192
50193
50194
50201
50207
50210
50213
50216
50222
50229
50230
50233
50235
50238
50239
50240
50245
50250
50251
50252
50253
50260
50262
50264
50265
50270
50271
50272
50276
50279
50285
50288
50289
50290
50300
50302
50307
50314
50315
50319
50321
50323
50325
50331
50333
50334
50338
50342
50344
50354
50355
50359
50361
50363
50365
50367
50368
50375
50378
50381
50383
50389
50392
50395
50397
50398
50403
50405
50406
50407
50408
50409
50410
50414
50415
50417
50426
50427
50431
50432
50434
50439
50442
50445
50446
50447
50452
50456
50460
50461
50465
50467
50470
50477
50478
50482
50483
50484
50485
50489
50490
50493
50495
50504
50507
50508
50509
50510
50513
50514
50520
50522
50523
50526
50528
50530
50531
50537
50538
50541
50545
50547
50549
50553
50555
50556
50559
50563
50565
50566
50571
50572
50584
50586
50588
50595
50598
50604
50607
50608
50609
50617
50618
50623
50625
50627
50628
50629
50633
50637
50647
50648
50651
50657
50658
50659
50661
50665
50673
50674
50679
50681
50687
50689
50696
50700
50701
50702
50707
50710
50712
50717
50718
50726
50728
50729
50731
50734
50736
50740
50742
50745
50746
50757
50760
50763
50765
50771
50772
50779
50780
50792
50793
50794
50795
50800
50802
50807
50808
50809
50811
50814
50815
50818
50819
50824
50827
50831
50833
50837
50848
50849
50850
50855
50858
50859
50862
50864
50873
50874
50876
50879
50880
50881
50883
50887
50889
50891
50901
50906
50907
50909
50912
50916
50919
50922
50925
50926
50931
50933
50935
50941
50948
50950
50952
50956
50957
50958
50959
50960
50964
50967
50976
50982
50985
50989
50992
50995
50996
51002
51004
51005
51009
51010
51011
51015
51018
51019
51020
51032
51037
51041
51045
51046
51047
51048
51049
51050
51051
51053
51055
51057
51058
51059
51060
51066
51067
51069
51073
51074
51079
51081
51084
51087
51092
51093
51098
51099
51100
51103
51104
51112
51113
51116
51119
51120
51124
51128
51134
51135
51143
51146
51149
51153
51158
51160
51162
51164
51172
51173
51180
51183
51185
51186
51188
51191
51192
51199
51200
51206
51208
51209
51216
51217
51218
51220
51223
51227
51231
51232
51237
51240
51243
51244
51247
51249
51254
51255
51259
51260
51269
51272
51273
51276
51277
51278
51279
51281
51290
51292
51294
51296
51298
51299
51300
51301
51304
51305
51310
51313
51321
51322
51323
51331
51337
51338
51344
51347
51349
51352
51359
51361
51362
51364
51367
51371
51372
51376
51377
51380
51382
51386
51387
51395
51401
51402
51406
51408
51409
51416
51417
51420
51422
51428
51430
51439
51443
51446
51448
51449
51450
51452
51456
51465
51467
51470
51473
51475
51478
51480
51487
51490
51495
51498
51500
51502
51503
51509
51511
51512
51516
51518
51521
51528
51530
51534
51535
51536
51537
51540
51541
51543
51546
51549
51552
51556
51557
51562
51566
51568
51570
51574
51576
51580
51592
51593
51594
51602
51605
51606
51611
51612
51620
51621
51625
51627
51628
51632
51633
51634
51638
51639
51640
51648
51652
51654
51659
51662
51664
51666
51668
51675
51678
51682
51683
51684
51692
51694
51696
51697
51702
51707
51709
51712
51713
51717
51719
51721
51726
51729
51732
51738
51744
51748
51751
51754
51757
51758
51759
51760
51763
51767
51770
51771
51774
51777
51778
51780
51782
51795
51801
51802
51805
51806
51808
51811
51816
51817
51823
51824
51826
51827
51839
51840
51841
51843
51844
51847
51850
51851
51852
51860
51861
51865
51867
51868
51873
51876
51883
51888
51890
51894
51895
51897
51899
51900
51903
51909
51911
51921
51922
51923
51925
51926
51930
51932
51937
51938
51943
51953
51958
51961
51963
51965
51966
51968
51970
51978
51982
51983
51986
51988
51992
51995
52003
52005
52009
52011
52013
52014
52016
52020
52026
52027
52032
52041
52044
52046
52048
52049
52053
52058
52061
52062
52064
52066
52068
52069
52071
52072
52075
52076
52085
52088
52092
52094
52100
52101
52105
52107
52109
52118
52121
52125
52131
52133
52134
52136
52137
52138
52139
52142
52144
52148
52155
52156
52164
52171
52175
52179
52180
52181
52184
52192
52198
52199
52200
52203
52208
52212
52213
52219
52220
52223
52228
52236
52239
52244
52245
52246
52253
52254
52255
52257
52258
52268
52270
52273
52275
52278
52280
52281
52285
52287
52288
52292
52294
52295
52298
52300
52301
52304
52306
52307
52308
52314
52317
52318
52323
52325
52327
52329
52332
52334
52337
52338
52341
52346
52350
52353
52361
52363
52365
52367
52373
52375
52376
52379
52380
52382
52387
52389
52391
52395
52408
52413
52415
52416
52419
52426
52428
52429
52431
52434
52436
52437
52441
52451
52454
52455
52459
52465
52467
52471
52472
52476
52480
52483
52485
52487
52488
52489
52496
52498
52502
52503
52505
52507
52508
52509
52517
52519
52528
52533
52537
52538
52545
52547
52548
52549
52553
52554
52556
52557
52563
52566
52569
52571
52573
52578
52579
52584
52588
52593
52595
52598
52600
52603
52607
52608
52609
52610
52618
52622
52623
52624
52628
52630
52631
52639
52641
52644
52648
52652
52656
52663
52668
52670
52671
52673
52675
52676
52678
52679
52682
52684
52685
52687
52691
52693
52700
52701
52702
52709
52711
52719
52721
52726
52728
52730
52732
52734
52737
52738
52741
52744
52748
52756
52759
52761
52765
52767
52771
52774
52782
52783
52786
52789
52792
52795
52796
52798
52801
52802
52803
52811
52812
52813
52820
52821
52827
52830
52831
52834
52844
52846
52851
52852
52854
52856
52857
52858
52859
52860
52863
52864
52874
52877
52878
52879
52882
52884
52890
52897
52898
52907
52908
52910
52913
52914
52915
52918
52930
52933
52935
52938
52940
52942
52943
52945
52948
52949
52950
52953
52960
52961
52965
52966
52968
52971
52972
52974
52979
52981
52984
52987
52989
52994
52995
52998
53017
53022
53026
53027
53029
53030
53033
53035
53038
53049
53051
53054
53057
53061
53062
53064
53066
53067
53073
53074
53082
53083
53087
53093
53094
53096
53097
53102
53103
53104
53105
53107
53110
53118
53121
53122
53135
53143
53145
53148
53149
53152
53153
53158
53160
53161
53167
53171
53175
53182
53184
53185
53195
53198
53200
53207
53208
53210
53211
53213
53216
53221
53224
53226
53229
53231
53234
53235
53238
53240
53251
53252
53254
53257
53267
53268
53270
53274
53278
53280
53281
53282
53285
53288
53292
53293
53294
53295
53303
53305
53306
53315
53317
53323
53327
53330
53332
53335
53337
53341
53345
53349
53351
53357
53363
53369
53370
53373
53375
53377
53379
53385
53390
53391
53394
53397
53403
53405
53408
53413
53414
53417
53422
53423
53424
53425
53433
53436
53440
53441
53448
53451
53453
53456
53461
53465
53466
53471
53476
53477
53480
53483
53484
53488
53490
53494
53496
53497
53502
53504
53509
53513
53514
53515
53524
53526
53529
53531
53533
53535
53536
53539
53540
53543
53545
53547
53555
53559
53560
53565
53569
53571
53572
53577
53579
53581
53585
53586
53589
53590
53592
53595
53596
53603
53605
53606
53607
53608
53615
53616
53618
53621
53624
53633
53634
53638
53639
53640
53644
53646
53651
53654
53656
53658
53661
53662
53666
53674
53679
53680
53681
53686
53688
53691
53692
53697
53700
53701
53702
53703
53706
53709
53710
53714
53716
53721
53722
53727
53729
53730
53731
53738
53739
53740
53748
53753
53755
53757
53758
53760
53761
53762
53766
53774
53779
53784
53788
53790
53794
53795
53797
53799
53804
53808
53811
53814
53819
53825
53828
53830
53831
53834
53835
53838
53839
53841
53847
53849
53853
53854
53856
53857
53861
53866
53875
53878
53881
53882
53884
53887
53890
53899
53901
53902
53906
53910
53914
53918
53923
53927
53928
53932
53933
53936
53946
53947
53949
53952
53957
53966
53968
53975
53980
53983
53988
53989
53993
53998
54002
54003
54010
54014
54022
54029
54031
54033
54036
54037
54039
54042
54046
54050
54052
54058
54059
54061
54066
54068
54072
54073
54078
54083
54084
54089
54099
54100
54104
54105
54107
54111
54116
54121
54128
54131
54132
54133
54138
54144
54146
54148
54151
54156
54157
54159
54160
54161
54162
54163
54164
54170
54173
54176
54183
54188
54189
54196
54197
54199
54201
54202
54206
54207
54208
54214
54215
54217
54218
54219
54226
54228
54232
54234
54235
54237
54239
54242
54250
54251
54253
54255
54260
54261
54263
54268
54269
54272
54278
54279
54280
54285
54291
54293
54294
54297
54298
54301
54306
54311
54313
54316
54317
54323
54324
54332
54337
54338
54339
54340
54345
54347
54349
54352
54354
54357
54363
54366
54370
54371
54372
54374
54376
54377
54381
54386
54388
54390
54397
54401
54404
54410
54415
54417
54425
54427
54428
54429
54430
54433
54435
54436
54438
54441
54442
54445
54446
54447
54449
54451
54458
54464
54465
54468
54472
54477
54481
54482
54483
54486
54490
54491
54496
54498
54502
54504
54507
54511
54515
54519
54521
54522
54524
54526
54531
54533
54537
54546
54555
54556
54562
54563
54565
54568
54569
54570
54571
54578
54579
54582
54583
54585
54587
54592
54593
54596
54605
54607
54609
54610
54615
54618
54619
54623
54624
54625
54626
54627
54634
54637
54642
54645
54657
54659
54660
54662
54663
54665
54668
54670
54671
54677
54679
54686
54687
54692
54697
54701
54702
54704
54705
54706
54709
54710
54712
54717
54719
54722
54724
54727
54728
54734
54737
54738
54740
54742
54743
54746
54749
54751
54754
54757
54764
54765
54767
54770
54778
54780
54781
54786
54788
54791
54799
54804
54805
54806
54809
54813
54817
54818
54821
54830
54833
54835
54836
54837
54839
54841
54846
54849
54851
54853
54855
54856
54857
54860
54867
54869
54879
54881
54882
54888
54892
54894
54899
54900
54901
54902
54904
54908
54914
54915
54916
54917
54919
54924
54926
54933
54937
54945
54949
54954
54957
54960
54961
54962
54964
54965
54968
54974
54975
54986
54989
54993
54994
54997
55001
55003
55004
55007
55009
55010
55017
55018
55019
55022
55027
55032
55034
55038
55040
55042
55047
55049
55052
55053
55056
55069
55070
55071
55073
55074
55075
55078
55080
55081
55083
55086
55093
55096
55098
55103
55108
55116
55118
55120
55123
55124
55125
55128
55129
55130
55138
55139
55144
55151
55157
55161
55165
55166
55168
55172
55173
55178
55180
55181
55184
55185
55187
55189
55191
55192
55193
55195
55196
55197
55203
55207
55210
55214
55215
55222
55230
55235
55236
55239
55244
55248
55249
55255
55259
55260
55268
55269
55271
55274
55275
55276
55277
55281
55284
55287
55288
55293
55302
55304
55305
55307
55309
55312
55313
55318
55319
55326
55332
55339
55343
55345
55349
55352
55355
55359
55360
55367
55371
55374
55376
55377
55378
55380
55381
55386
55393
55395
55396
55397
55400
55401
55403
55406
55412
55413
55415
55417
55421
55423
55424
55426
55427
55438
55440
55441
55443
55448
55453
55455
55462
55463
55464
55469
55470
55473
55475
55476
55478
55481
55487
55488
55497
55498
55505
55507
55508
55512
55515
55517
55521
55523
55524
55527
55539
55542
55547
55552
55555
55558
55560
55566
55570
55573
55575
55577
55583
55588
55589
55592
55594
55597
55600
55601
55604
55607
55609
55611
55617
55619
55621
55622
55625
55627
55632
55633
55637
55639
55640
55642
55644
55645
55647
55654
55658
55660
55670
55671
55672
55674
55677
55678
55679
55688
55690
55694
55696
55701
55704
55707
55712
55716
55717
55721
55723
55724
55726
55727
55737
55740
55745
55750
55751
55752
55755
55760
55763
55770
55772
55778
55779
55783
55785
55788
55789
55790
55797
55799
55800
55801
55802
55805
55807
55808
55812
55820
55823
55824
55826
55829
55831
55832
55838
55840
55842
55853
55855
55857
55858
55863
55864
55865
55870
55873
55879
55881
55886
55890
55891
55897
55901
55904
55908
55918
55919
55926
55930
55931
55932
55933
55937
55938
55940
55950
55953
55956
55958
55960
55963
55964
55966
55972
55978
55980
55984
55985
55989
55993
56011
56015
56018
56022
56026
56027
56031
56033
56035
56037
56041
56043
56045
56054
56055
56061
56066
56068
56069
56070
56071
56073
56074
56077
56078
56079
56082
56084
56085
56090
56093
56095
56105
56107
56109
56110
56113
56120
56122
56123
56128
56129
56131
56133
56135
56136
56143
56148
56150
56152
56154
56156
56165
56167
56168
56170
56173
56175
56176
56180
56182
56184
56189
56190
56195
56198
56204
56206
56211
56213
56214
56216
56217
56219
56221
56222
56229
56230
56234
56238
56239
56241
56248
56262
56263
56266
56267
56272
56273
56276
56277
56280
56285
56290
56292
56294
56297
56299
56303
56307
56320
56321
56322
56323
56327
56329
56332
56333
56335
56339
56340
56341
56343
56349
56351
56354
56360
56361
56362
56372
56377
56379
56382
56384
56387
56389
56396
56402
56403
56404
56405
56407
56408
56409
56410
56412
56413
56414
56428
56431
56435
56437
56439
56441
56446
56447
56448
56449
56451
56453
56455
56458
56461
56467
56470
)


// ************************************************************************* //
