/*--------------------------------*- C++ -*----------------------------------*\
| =========                 |                                                 |
| \\      /  F ield         | OpenFOAM: The Open Source CFD Toolbox           |
|  \\    /   O peration     | Version:  3.0.1                                 |
|   \\  /    A nd           | Web:      www.OpenFOAM.org                      |
|    \\/     M anipulation  |                                                 |
\*---------------------------------------------------------------------------*/
FoamFile
{
    version     2.0;
    format      ascii;
    class       labelList;
    location    "constant/polyMesh";
    object      cellProcAddressing;
}
// * * * * * * * * * * * * * * * * * * * * * * * * * * * * * * * * * * * * * //


10117
(
9604
9605
9606
9607
9608
9609
9610
9611
9612
9613
9614
9615
9616
9617
9618
9619
9620
9621
9622
9623
9624
9625
9626
9627
9628
9629
9630
9631
9632
9633
9634
9635
9636
9637
9638
9639
9640
9641
9642
9643
9644
9645
9646
9647
9648
9649
9650
9651
9652
9653
9654
9655
9656
9657
9658
9659
9660
9661
9662
9663
9664
9665
9666
9667
9668
9669
9670
9671
9672
9673
9674
9675
9676
9677
9678
9679
9680
9681
9682
9683
9684
9685
9686
9687
9688
9689
9690
9691
9692
9693
9694
9695
9696
9697
9698
9699
9700
9701
9702
9703
9704
9705
9706
9707
9708
9709
9710
9711
9712
9713
9714
9715
9716
9717
9718
9719
9720
9721
9722
9723
9724
9725
9726
9727
9728
9729
9730
9731
9732
9733
9734
9735
9736
9737
9738
9739
9740
9741
9742
9743
9744
9745
9746
9747
9748
9749
9750
9751
9752
9753
9754
9755
9756
9757
9758
9759
9760
9761
9762
9763
9764
9765
9766
9767
9768
9769
9770
9771
9772
9773
9774
9775
9776
9777
9778
9779
9780
9781
9782
9783
9784
9785
9786
9787
9788
9789
9790
9791
9792
9793
9794
9795
9796
9797
9798
9799
9800
9801
9802
9803
9804
9805
9806
9807
9808
9809
9810
9811
9812
9813
9814
9815
9816
9817
9818
9819
9820
9821
9822
9823
9824
9825
9826
9827
9828
9829
9830
9831
9832
9833
9834
9835
9836
9837
9838
9839
9840
9841
9842
9843
9844
9845
9846
9847
9848
9849
9850
9851
9852
9853
9854
9855
9856
9857
9858
9859
9860
9861
9862
9863
9864
9865
9866
9867
9868
9869
9870
9871
9872
9873
9874
9875
9876
9877
9878
9879
9880
9881
9882
9883
9884
9885
9886
9887
9888
9889
9890
9891
9892
9893
9894
9895
9896
9897
9898
9899
9900
9901
9902
9903
9904
9905
9906
9907
9908
9909
9910
9911
9912
9913
9914
9915
9916
9917
9918
9919
9920
9921
9922
9923
9924
9925
9926
9927
9928
9929
9930
9931
9932
9933
9934
9935
9936
9937
9938
9939
9940
9941
9942
9943
9944
9945
9946
9947
9948
9949
9950
9951
9952
9953
9954
9955
9956
9957
9958
9959
9960
9961
9962
9963
9964
9965
9966
9967
9968
9969
9970
9971
9972
9973
9974
9975
9976
9977
9978
9979
9980
9981
9982
9983
9984
9985
9986
9987
9988
9989
9990
9991
9992
9993
9994
9995
9996
9997
9998
9999
10000
10001
10002
10003
10004
10005
10006
10007
10008
10009
10010
10011
10012
10013
10014
10015
10016
10017
10018
10019
10020
10021
10022
10023
10024
10025
10026
10027
10028
10029
10030
10031
10032
10033
10034
10035
10036
10037
10038
10039
10040
10041
10042
10043
10044
10045
10046
10047
10048
10049
10050
10051
10052
10053
10054
10055
10056
10057
10058
10059
10060
10061
10062
10063
10064
10065
10066
10067
10068
10069
10070
10071
10072
10073
10074
10075
10076
10077
10078
10079
10080
10081
10082
10083
10084
10085
10086
10087
10088
10089
10090
10091
10092
10093
10094
10095
10096
10097
10098
10099
10100
10101
10102
10103
10104
10105
10106
10107
10108
10109
10110
10111
10112
10113
10114
10115
10116
10117
10118
10119
10120
10121
10122
10123
10124
10125
10126
10127
10128
10129
10130
10131
10132
10133
10134
10135
10136
10137
10138
10139
10140
10141
10142
10143
10144
10145
10146
10147
10148
10149
10150
10151
10152
10153
10154
10155
10156
10157
10158
10159
10160
10161
10162
10163
10164
10165
10166
10167
10168
10169
10170
10171
10172
10173
10174
10175
10176
10177
10178
10179
10180
10181
10182
10183
10184
10185
10186
10187
10188
10189
10190
10191
10192
10193
10194
10195
10196
10197
10198
10199
10200
10201
10202
10203
10204
10205
10206
10207
10208
10209
10210
10211
10212
10213
10214
10215
10216
10217
10218
10219
10220
10221
10222
10223
10224
10225
10226
10227
10228
10229
10230
10231
10232
10233
10234
10235
10236
10237
10238
10239
10240
10241
10242
10243
10244
10245
10246
10247
10248
10249
10250
10251
10252
10253
10254
10255
10256
10257
10258
10259
10260
10261
10262
10263
10264
10265
10266
10267
10268
10269
10270
10271
10272
10273
10274
10275
10276
10277
10278
10279
10280
10281
10282
10283
10284
10285
10286
10287
10288
10289
10290
10291
10292
10293
10294
10295
10296
10297
10298
10299
10300
10301
10302
10303
10304
10305
10306
10307
10308
10309
10310
10311
10312
10313
10314
10315
10316
10317
10318
10319
10320
10321
10322
10323
10324
10325
10326
10327
10328
10329
10330
10331
10332
10333
10334
10335
10336
10337
10338
10339
10340
10341
10342
10343
10344
10345
10346
10347
10348
10349
10350
10351
10352
10353
10354
10355
10356
10357
10358
10359
10360
10361
10362
10363
10364
10365
10366
10367
10368
10369
10370
10371
10372
10373
10374
10375
10376
10377
10378
10379
10380
10381
10382
10383
10384
10385
10386
10387
10388
10389
10390
10391
10392
10393
10394
10395
10396
10397
10398
10399
10400
10401
10402
10403
10404
10405
10406
10407
10408
10409
10410
10411
10412
10413
10414
10415
10416
10417
10418
10419
10420
10421
10422
10423
10424
10425
10426
10427
10428
10429
10430
10431
10432
10433
10434
10435
10436
10437
10438
10439
10440
10441
10442
10443
10444
10445
10446
10447
10448
10449
10450
10451
10452
10453
10454
10455
10456
10457
10458
10459
10460
10461
10462
10463
10464
10465
10466
10467
10468
10469
10470
10471
10472
10473
10474
10475
10476
10477
10478
10479
10480
10481
10482
10483
10484
10485
10486
10487
10488
10489
10490
10491
10492
10493
10494
10495
10496
10497
10498
10499
10500
10501
10502
10503
10504
10505
10506
10507
10508
10509
10510
10511
10512
10513
10514
10515
10516
10517
10518
10519
10520
10521
10522
10523
10524
10525
10526
10527
10528
10529
10530
10531
10532
10533
10534
10535
10536
10537
10538
10539
10540
10541
10542
10543
10544
10545
10546
10547
10548
10549
10550
10551
10552
10553
10554
10555
10556
10557
10558
10559
10560
10561
10562
10563
10564
10565
10566
10567
10568
10569
10570
10571
10572
10573
10574
10575
10576
10577
10578
10579
10580
10581
10582
10583
10584
10585
10586
10587
10588
10589
10590
10591
10592
10593
10594
10595
10596
10597
10598
10599
10600
10601
10602
10603
10604
10605
10606
10607
10608
10609
10610
10611
10612
10613
10614
10615
10616
10617
10618
10619
10620
10621
10622
10623
10624
10625
10626
10627
10628
10629
10630
10631
10632
10633
10634
10635
10636
10637
10638
10639
10640
10641
10642
10643
10644
10645
10646
10647
10648
10649
10650
10651
10652
10653
10654
10655
10656
10657
10658
10659
10660
10661
10662
10663
10664
10665
10666
10667
10668
10669
10670
10671
10672
10673
10674
10675
10676
10677
10678
10679
10680
10681
10682
10683
10684
10685
10686
10687
10688
10689
10690
10691
10692
10693
10694
10695
10696
10697
10698
10699
10700
10701
10702
10703
10704
10705
10706
10707
10708
10709
10710
10711
10712
10713
10714
10715
10716
10717
10718
10719
10720
10721
10722
10723
10724
10725
10726
10727
10728
10729
10730
10731
10732
10733
10734
10735
10736
10737
10738
10739
10740
10741
10742
10743
10744
10745
10746
10747
10748
10749
10750
10751
10752
10753
10754
10755
10756
10757
10758
10759
10760
10761
10762
10763
10764
10765
10766
10767
10768
10769
10770
10771
10772
10773
10774
10775
10776
10777
10778
10779
10780
10781
10782
10783
10784
10785
10786
10787
10788
10789
10790
10791
10792
10793
10794
10795
10796
10797
10798
10799
10800
10801
10802
10803
10804
10805
10806
10807
10808
10809
10810
10811
10812
10813
10814
10815
10816
10817
10818
10819
10820
10821
10822
10823
10824
10825
10826
10827
10828
10829
10830
10831
10832
10833
10834
10835
10836
10837
10838
10839
10840
10841
10842
10843
10844
10845
10846
10847
10848
10849
10850
10851
10852
10853
10854
10855
10856
10857
10858
10859
10860
10861
10862
10863
10864
10865
10866
10867
10868
10869
10870
10871
10872
10873
10874
10875
10876
10877
10878
10879
10880
10881
10882
10883
10884
10885
10886
10887
10888
10889
10890
10891
10892
10893
10894
10895
10896
10897
10898
10899
10900
10901
10902
10903
10904
10905
10906
10907
10908
10909
10910
10911
10912
10913
10914
10915
10916
10917
10918
10919
10920
10921
10922
10923
10924
10925
10926
10927
10928
10929
10930
10931
10932
10933
10934
10935
10936
10937
10938
10939
10940
10941
10942
10943
10944
10945
10946
10947
10948
10949
10950
10951
10952
10953
10954
10955
10956
10957
10958
10959
10960
10961
10962
10963
10964
10965
10966
10967
10968
10969
10970
10971
10972
10973
10974
10975
10976
10977
10978
10979
10980
10981
10982
10983
10984
10985
10986
10987
10988
10989
10990
10991
10992
10993
10994
10995
10996
10997
10998
10999
11000
11001
11002
11003
11004
11005
11006
11007
11008
11009
11010
11011
11012
11013
11014
11015
11016
11017
11018
11019
11020
11021
11022
11023
11024
11025
11026
11027
11028
11029
11030
11031
11032
11033
11034
11035
11036
11037
11038
11039
11040
11041
11042
11043
11044
11045
11046
11047
11048
11049
11050
11051
11052
11053
11054
11055
11056
11057
11058
11059
11060
11061
11062
11063
11064
11065
11066
11067
11068
11069
11070
11071
11072
11073
11074
11075
11076
11077
11078
11079
11080
11081
11082
11083
11084
11085
11086
11087
11088
11089
11090
11091
11092
11093
11094
11095
11096
11097
11098
11099
11100
11101
11102
11103
11104
11105
11106
11107
11108
11109
11110
11111
11112
11113
11114
11115
11116
11117
11118
11119
11120
11121
11122
11123
11124
11125
11126
11127
11128
11129
11130
11131
11132
11133
11134
11135
11136
11137
11138
11139
11140
11141
11142
11143
11144
11145
11146
11147
11148
11149
11150
11151
11152
11153
11154
11155
11156
11157
11158
11159
11160
11161
11162
11163
11164
11165
11166
11167
11168
11169
11170
11171
11172
11173
11174
11175
11176
11177
11178
11179
11180
11181
11182
11183
11184
11185
11186
11187
11188
11189
11190
11191
11192
11193
11194
11195
11196
11197
11198
11199
11200
11201
11202
11203
11204
11205
11206
11207
11208
11209
11210
11211
11212
11213
11214
11215
11216
11217
11218
11219
11220
11221
11222
11223
11224
11225
11226
11227
11228
11229
11230
11231
11232
11233
11234
11235
11236
11237
11238
11239
11240
11241
11242
11243
11244
11245
11246
11247
11248
11249
11250
11251
11252
11253
11254
11255
11256
11257
11258
11259
11260
11261
11262
11263
11264
11265
11266
11267
11268
11269
11270
11271
11272
11273
11274
11275
11276
11277
11278
11279
11280
11281
11282
11283
11284
11285
11286
11287
11288
11289
11290
11291
11292
11293
11294
11295
11296
11297
11298
11299
11300
11301
11302
11303
11304
11305
11306
11307
11308
11309
11310
11311
11312
11313
11314
11315
11316
11317
11318
11319
11320
11321
11322
11323
11324
11325
11326
11327
11328
11329
11330
11331
11332
11333
11334
11335
11336
11337
11338
11339
11340
11341
11342
11343
11344
11345
11346
11347
11348
11349
11350
11351
11352
11353
11354
11355
11356
11357
11358
11359
11360
11361
11362
11363
11364
11365
11366
11367
11368
11369
11370
11371
11372
11373
11374
11375
11376
11377
11378
11379
11380
11381
11382
11383
11384
11385
11386
11387
11388
11389
11390
11391
11392
11393
11394
11395
11396
11397
11398
11399
11400
11401
11402
11403
11404
11405
11406
11407
11408
11409
11410
11411
11412
11413
11414
11415
11416
11417
11418
11419
11420
11421
11422
11423
11424
11425
11426
11427
11428
11429
11430
11431
11432
11433
11434
11435
11436
11437
11438
11439
11440
11441
11442
11443
11444
11445
11446
11447
11448
11449
11450
11451
11452
11453
11454
11455
11456
11457
11458
11459
11460
11461
11462
11463
11464
11465
11466
11467
11468
11469
11470
11471
11472
11473
11474
11475
11476
11477
11478
11479
11480
11481
11482
11483
11484
11485
11486
11487
11488
11489
11490
11491
11492
11493
11494
11495
11496
11497
11498
11499
11500
11501
11502
11503
11504
11505
11506
11507
11508
11509
11510
11511
11512
11513
11514
11515
11516
11517
11518
11519
11520
11521
11522
11523
11524
11525
11526
11527
11528
11529
11530
11531
11532
11533
11534
11535
11536
11537
11538
11539
11540
11541
11542
11543
11544
11545
11546
11547
11548
11549
11550
11551
11552
11553
11554
11555
11556
11557
11558
11559
11560
11561
11562
11563
11564
11565
11566
11567
11568
11569
11570
11571
11572
11573
11574
11575
11576
11577
11578
11579
11580
11581
11582
11583
11584
11585
11586
11587
11588
11589
11590
11591
11592
11593
11594
11595
11596
11597
11598
11599
11600
11601
11602
11603
11604
11605
11606
11607
11608
11609
11610
11611
11612
11613
11614
11615
11616
11617
11618
11619
11620
11621
11622
11623
11624
11625
11626
11627
11628
11629
11630
11631
11632
11633
11634
11635
11636
11637
11638
11639
11640
11641
11642
11643
11644
11645
11646
11647
11648
11649
11650
11651
11652
11653
11654
11655
11656
11657
11658
11659
11660
11661
11662
11663
11664
11665
11666
11667
11668
11669
11670
11671
11672
11673
11674
11675
11676
11677
11678
11679
11680
11681
11682
11683
11684
11685
11686
11687
11688
11689
11690
11691
11692
11693
11694
11695
11696
11697
11698
11699
11700
11701
11702
11703
11704
11705
11706
11707
11708
11709
11710
11711
11712
11713
11714
11715
11716
11717
11718
11719
11720
11721
11722
11723
11724
11725
11726
11727
11728
11729
11730
11731
11732
11733
11734
11735
11736
11737
11738
11739
11740
11741
11742
11743
11744
11745
11746
11747
11748
11749
11750
11751
11752
11753
11754
11755
11756
11757
11758
11759
11760
11761
11762
11763
11764
11765
11766
11767
11768
11769
11770
11771
11772
11773
11774
11775
11776
11777
11778
11779
11780
11781
11782
11783
11784
11785
11786
11787
11788
11789
11790
11791
11792
11793
11794
11795
11796
11797
11798
11799
11800
11801
11802
11803
11804
11805
11806
11807
11808
11809
11810
11811
11812
11813
11814
11815
11816
11817
11818
11819
11820
11821
11822
11823
11824
11825
11826
11827
11828
11829
11830
11831
11832
11833
11834
11835
11836
11837
11838
11839
11840
11841
11842
11843
11844
11845
11846
11847
11848
11849
11850
11851
11852
11853
11854
11855
11856
11857
11858
11859
11860
11861
11862
11863
11864
11865
11866
11867
11868
11869
11870
11871
11872
11873
11874
11875
11876
11877
11878
11879
11880
11881
11882
11883
11884
11885
11886
11887
11888
11889
11890
11891
11892
11893
11894
11895
11896
11897
11898
11899
11900
11901
11902
11903
11904
11905
11906
11907
11908
11909
11910
11911
11912
11913
11914
11915
11916
11917
11918
11919
11920
11921
11922
11923
11924
11925
11926
11927
11928
11929
11930
11931
11932
11933
11934
11935
11936
11937
11938
11939
11940
11941
11942
11943
11944
11945
11946
11947
11948
11949
11950
11951
11952
11953
11954
11955
11956
11957
11958
11959
11960
11961
11962
11963
11964
11965
11966
11967
11968
11969
11970
11971
11972
11973
11974
11975
11976
11977
11978
11979
11980
11981
11982
11983
11984
11985
11986
11987
11988
11989
11990
11991
11992
11993
11994
11995
11996
11997
11998
11999
12000
12001
12002
12003
12004
12005
12006
12007
12008
12009
12010
12011
12012
12013
12014
12015
12016
12017
12018
12019
12020
12021
12022
12023
12024
12025
12026
12027
12028
12029
12030
12031
12032
12033
12034
12035
12036
12037
12038
12039
12040
12041
12042
12043
12044
12045
12046
12047
12048
12049
12050
12051
12052
12053
12054
12055
12056
12057
12058
12059
12060
12061
12062
12063
12064
12065
12066
12067
12068
12069
12070
12071
12072
12073
12074
12075
12076
12077
12078
12079
12080
12081
12082
12083
12084
12085
12086
12087
12088
12089
12090
12091
12092
12093
12094
12095
12096
12097
12098
12099
12100
12101
12102
12103
12104
12105
12106
12107
12108
12109
12110
12111
12112
12113
12114
12115
12116
12117
12118
12119
12120
12121
12122
12123
12124
12125
12126
12127
12128
12129
12130
12131
12132
12133
12134
12135
12136
12137
12138
12139
12140
12141
12142
12143
12144
12145
12146
12147
12148
12149
12150
12151
12152
12153
12154
12155
12156
12157
12158
12159
12160
12161
12162
12163
12164
12165
12166
12167
12168
12169
12170
12171
12172
12173
12174
12175
12176
12177
12178
12179
12180
12181
12182
12183
12184
12185
12186
12187
12188
12189
12190
12191
12192
12193
12194
12195
12196
12197
12198
12199
12200
12201
12202
12203
12204
12205
12206
12207
12208
12209
12210
12211
12212
12213
12214
12215
12216
12217
12218
12219
12220
12221
12222
12223
12224
12225
12226
12227
12228
12229
12230
12231
12232
12233
12234
12235
12236
12237
12238
12239
12240
12241
12242
12243
12244
12245
12246
12247
12248
12249
12250
12251
12252
12253
12254
12255
12256
12257
12258
12259
12260
12261
12262
12263
12264
12265
12266
12267
12268
12269
12270
12271
12272
12273
12274
12275
12276
12277
12278
12279
12280
12281
12282
12283
12284
12285
12286
12287
12288
12289
12290
12291
12292
12293
12294
12295
12296
12297
12298
12299
12300
12301
12302
12303
12304
12305
12306
12307
12308
12309
12310
12311
12312
12313
12314
12315
12316
12317
12318
12319
12320
12321
12322
12323
12324
12325
12326
12327
12328
12329
12330
12331
12332
12333
12334
12335
12336
12337
12338
12339
12340
12341
12342
12343
12344
12345
12346
12347
12348
12349
12350
12351
12352
12353
12354
12355
12356
12357
12358
12359
12360
12361
12362
12363
12364
12365
12366
12367
12368
12369
12370
12371
12372
12373
12374
12375
12376
12377
12378
12379
12380
12381
12382
12383
12384
12385
12386
12387
12388
12389
12390
12391
12392
12393
12394
12395
12396
12397
12398
12399
12400
12401
12402
12403
12404
12405
12406
12407
12408
12409
12410
12411
12412
12413
12414
12415
12416
12417
12418
12419
12420
12421
12422
12423
12424
12425
12426
12427
12428
12429
12430
12431
12432
12433
12434
12435
12436
12437
12438
12439
12440
12441
12442
12443
12444
12445
12446
12447
12448
12449
12450
12451
12452
12453
12454
12455
12456
12457
12458
12459
12460
12461
12462
12463
12464
12465
12466
12467
12468
12469
12470
12471
12472
12473
12474
12475
12476
12477
12478
12479
12480
12481
12482
12483
12484
12485
12486
12487
12488
12489
12490
12491
12492
12493
12494
12495
12496
12497
12498
12499
12500
12501
12502
12503
12504
12505
12506
12507
12508
12509
12510
12511
12512
12513
12514
12515
12516
12517
12518
12519
12520
12521
12522
12523
12524
12525
12526
12527
12528
12529
12530
12531
12532
12533
12534
12535
12536
12537
12538
12539
12540
12541
12542
12543
12544
12545
12546
12547
12548
12549
12550
12551
12552
12553
12554
12555
12556
12557
12558
12559
12560
12561
12562
12563
12564
12565
12566
12567
12568
12569
12570
12571
12572
12573
12574
12575
12576
12577
12578
12579
12580
12581
12582
12583
12584
12585
12586
12587
12588
12589
12590
12591
12592
12593
12594
12595
12596
12597
12598
12599
12600
12601
12602
12603
12604
12605
12606
12607
12608
12609
12610
12611
12612
12613
12614
12615
12616
12617
12618
12619
12620
12621
12622
12623
12624
12625
12626
12627
12628
12629
12630
12631
12632
12633
12634
12635
12636
12637
12638
12639
12640
12641
12642
12643
12644
12645
12646
12647
12648
12649
12650
12651
12652
12653
12654
12655
12656
12657
12658
12659
12660
12661
12662
12663
12664
12665
12666
12667
12668
12669
12670
12671
12672
12673
12674
12675
12676
12677
12678
12679
12680
12681
12682
12683
12684
12685
12686
12687
12688
12689
12690
12691
12692
12693
12694
12695
12696
12697
12698
12699
12700
12701
12702
12703
12704
12705
12706
12707
12708
12709
12710
12711
12712
12713
12714
12715
12716
12717
12718
12719
12720
12721
12722
12723
12724
12725
12726
12727
12728
12729
12730
12731
12732
12733
12734
12735
12736
12737
12738
12739
12740
12741
12742
12743
12744
12745
12746
12747
12748
12749
12750
12751
12752
12753
12754
12755
12756
12757
12758
12759
12760
12761
12762
12763
12764
12765
12766
12767
12768
12769
12770
12771
12772
12773
12774
12775
12776
12777
12778
12779
12780
12781
12782
12783
12784
12785
12786
12787
12788
12789
12790
12791
12792
12793
12794
12795
12796
12797
12798
12799
12800
12801
12802
12803
12804
12805
12806
12807
12808
12809
12810
12811
12812
12813
12814
12815
12816
12817
12818
12819
12820
12821
12822
12823
12824
12825
12826
12827
12828
12829
12830
12831
12832
12833
12834
12835
12836
12837
12838
12839
12840
12841
12842
12843
12844
12845
12846
12847
12848
12849
12850
12851
12852
12853
12854
12855
12856
12857
12858
12859
12860
12861
12862
12863
12864
12865
12866
12867
12868
12869
12870
12871
12872
12873
12874
12875
12876
12877
12878
12879
12880
12881
12882
12883
12884
12885
12886
12887
12888
12889
12890
12891
12892
12893
12894
12895
12896
12897
12898
12899
12900
12901
12902
12903
12904
12905
12906
12907
12908
12909
12910
12911
12912
12913
12914
12915
12916
12917
12918
12919
12920
12921
12922
12923
12924
12925
12926
12927
12928
12929
12930
12931
12932
12933
12934
12935
12936
12937
12938
12939
12940
12941
12942
12943
12944
12945
12946
12947
12948
12949
12950
12951
12952
12953
12954
12955
12956
12957
12958
12959
12960
12961
12962
12963
12964
12965
12966
12967
12968
12969
12970
12971
12972
12973
12974
12975
12976
12977
12978
12979
12980
12981
12982
12983
12984
12985
12986
12987
12988
12989
12990
12991
12992
12993
12994
12995
12996
12997
12998
12999
13000
13001
13002
13003
13004
13005
13006
13007
13008
13009
13010
13011
13012
13013
13014
13015
13016
13017
13018
13019
13020
13021
13022
13023
13024
13025
13026
13027
13028
13029
13030
13031
13032
13033
13034
13035
13036
13037
13038
13039
13040
13041
13042
13043
13044
13045
13046
13047
13048
13049
13050
13051
13052
13053
13054
13055
13056
13057
13058
13059
13060
13061
13062
13063
13064
13065
13066
13067
13068
13069
13070
13071
13072
13073
13074
13075
13076
13077
13078
13079
13080
13081
13082
13083
13084
13085
13086
13087
13088
13089
13090
13091
13092
13093
13094
13095
13096
13097
13098
13099
13100
13101
13102
13103
13104
13105
13106
13107
13108
13109
13110
13111
13112
13113
13114
13115
13116
13117
13118
13119
13120
13121
13122
13123
13124
13125
13126
13127
13128
13129
13130
13131
13132
13133
13134
13135
13136
13137
13138
13139
13140
13141
13142
13143
13144
13145
13146
13147
13148
13149
13150
13151
13152
13153
13154
13155
13156
13157
13158
13159
13160
13161
13162
13163
13164
13165
13166
13167
13168
13169
13170
13171
13172
13173
13174
13175
13176
13177
13178
13179
13180
13181
13182
13183
13184
13185
13186
13187
13188
13189
13190
13191
13192
13193
13194
13195
13196
13197
13198
13199
13200
13201
13202
13203
13204
13205
13206
13207
13208
13209
13210
13211
13212
13213
13214
13215
13216
13217
13218
13219
13220
13221
13222
13223
13224
13225
13226
13227
13228
13229
13230
13231
13232
13233
13234
13235
13236
13237
13238
13239
13240
13241
13242
13243
13244
13245
13246
13247
13248
13249
13250
13251
13252
13253
13254
13255
13256
13257
13258
13259
13260
13261
13262
13263
13264
13265
13266
13267
13268
13269
13270
13271
13272
13273
13274
13275
13276
13277
13278
13279
13280
13281
13282
13283
13284
13285
13286
13287
13288
13289
13290
13291
13292
13293
13294
13295
13296
13297
13298
13299
13300
13301
13302
13303
13304
13305
13306
13307
13308
13309
13310
13311
13312
13313
13314
13315
13316
13317
13318
13319
13320
13321
13322
13323
13324
13325
13326
13327
13328
13329
13330
13331
13332
13333
13334
13335
13336
13337
13338
13339
13340
13341
13342
13343
13344
13345
13346
13347
13348
13349
13350
13351
13352
13353
13354
13355
13356
13357
13358
13359
13360
13361
13362
13363
13364
13365
13366
13367
13368
13369
13370
13371
13372
13373
13374
13375
13376
13377
13378
13379
13380
13381
13382
13383
13384
13385
13386
13387
13388
13389
13390
13391
13392
13393
13394
13395
13396
13397
13398
13399
13400
13401
13402
13403
13404
13405
13406
13407
13408
13409
13410
13411
13412
13413
13414
13415
13416
13417
13418
13419
13420
13421
13422
13423
13424
13425
13426
13427
13428
13429
13430
13431
13432
13433
13434
13435
13436
13437
13438
13439
13440
13441
13442
13443
13444
13445
13446
13447
13448
13449
13450
13451
13452
13453
13454
13455
13456
13457
13458
13459
13460
13461
13462
13463
13464
13465
13466
13467
13468
13469
13470
13471
13472
13473
13474
13475
13476
13477
13478
13479
13480
13481
13482
13483
13484
13485
13486
13487
13488
13489
13490
13491
13492
13493
13494
13495
13496
13497
13498
13499
13500
13501
13502
13503
13504
13505
13506
13507
13508
13509
13510
13511
13512
13513
13514
13515
13516
13517
13518
13519
13520
13521
13522
13523
13524
13525
13526
13527
13528
13529
13530
13531
13532
13533
13534
13535
13536
13537
13538
13539
13540
13541
13542
13543
13544
13545
13546
13547
13548
13549
13550
13551
13552
13553
13554
13555
13556
13557
13558
13559
13560
13561
13562
13563
13564
13565
13566
13567
13568
13569
13570
13571
13572
13573
13574
13575
13576
13577
13578
13579
13580
13581
13582
13583
13584
13585
13586
13587
13588
13589
13590
13591
13592
13593
13594
13595
13596
13597
13598
13599
13600
13601
13602
13603
13604
13605
13606
13607
13608
13609
13610
13611
13612
13613
13614
13615
13616
13617
13618
13619
13620
13621
13622
13623
13624
13625
13626
13627
13628
13629
13630
13631
13632
13633
13634
13635
13636
13637
13638
13639
13640
13641
13642
13643
13644
13645
13646
13647
13648
13649
13650
13651
13652
13653
13654
13655
13656
13657
13658
13659
13660
13661
13662
13663
13664
13665
13666
13667
13668
13669
13670
13671
13672
13673
13674
13675
13676
13677
13678
13679
13680
13681
13682
13683
13684
13685
13686
13687
13688
13689
13690
13691
13692
13693
13694
13695
13696
13697
13698
13699
13700
13701
13702
13703
13704
13705
13706
13707
13708
13709
13710
13711
13712
13713
13714
13715
13716
13717
13718
13719
13720
13721
13722
13723
13724
13725
13726
13727
13728
13729
13730
13731
13732
13733
13734
13735
13736
13737
13738
13739
13740
13741
13742
13743
13744
13745
13746
13747
13748
13749
13750
13751
13752
13753
13754
13755
13756
13757
13758
13759
13760
13761
13762
13763
13764
13765
13766
13767
13768
13769
13770
13771
13772
13773
13774
13775
13776
13777
13778
13779
13780
13781
13782
13783
13784
13785
13786
13787
13788
13789
13790
13791
13792
13793
13794
13795
13796
13797
13798
13799
13800
13801
13802
13803
13804
13805
13806
13807
13808
13809
13810
13811
13812
13813
13814
13815
13816
13817
13818
13819
13820
13821
13822
13823
13824
13825
13826
13827
13828
13829
13830
13831
13832
13833
13834
13835
13836
13837
13838
13839
13840
13841
13842
13843
13844
13845
13846
13847
13848
13849
13850
13851
13852
13853
13854
13855
13856
13857
13858
13859
13860
13861
13862
13863
13864
13865
13866
13867
13868
13869
13870
13871
13872
13873
13874
13875
13876
13877
13878
13879
13880
13881
13882
13883
13884
13885
13886
13887
13888
13889
13890
13891
13892
13893
13894
13895
13896
13897
13898
13899
13900
13901
13902
13903
13904
13905
13906
13907
13908
13909
13910
13911
13912
13913
13914
13915
13916
13917
13918
13919
13920
13921
13922
13923
13924
13925
13926
13927
13928
13929
13930
13931
13932
13933
13934
13935
13936
13937
13938
13939
13940
13941
13942
13943
13944
13945
13946
13947
13948
13949
13950
13951
13952
13953
13954
13955
13956
13957
13958
13959
13960
13961
13962
13963
13964
13965
13966
13967
13968
13969
13970
13971
13972
13973
13974
13975
13976
13977
13978
13979
13980
13981
13982
13983
13984
13985
13986
13987
13988
13989
13990
13991
13992
13993
13994
13995
13996
13997
13998
13999
14000
14001
14002
14003
14004
14005
14006
14007
14008
14009
14010
14011
14012
14014
14015
14016
14017
14018
14019
14020
14021
14022
14023
14024
14025
14026
14027
14028
14029
14030
14031
14032
14033
14034
14035
14036
14037
14038
14039
14040
14041
14042
14043
14044
14045
14046
14047
14048
14049
14050
14051
14052
14053
14054
14055
14056
14057
14058
14059
14060
14061
14063
14064
14065
14066
14067
14068
14069
14070
14071
14072
14073
14074
14075
14076
14077
14078
14079
14080
14081
14082
14083
14084
14085
14086
14087
14088
14089
14090
14091
14092
14093
14094
14095
14096
14097
14098
14099
14100
14101
14102
14103
14104
14105
14106
14107
14108
14109
14110
14112
14113
14114
14115
14116
14117
14118
14119
14120
14121
14122
14123
14124
14125
14126
14127
14128
14129
14130
14131
14132
14133
14134
14135
14136
14137
14138
14139
14140
14141
14142
14143
14144
14145
14146
14147
14148
14149
14150
14151
14152
14153
14154
14155
14156
14157
14158
14159
14161
14162
14163
14164
14165
14166
14167
14168
14169
14170
14171
14172
14173
14174
14175
14176
14177
14178
14179
14180
14181
14182
14183
14184
14185
14186
14187
14188
14189
14190
14191
14192
14193
14194
14195
14196
14197
14198
14199
14200
14201
14202
14203
14204
14205
14206
14207
14208
14210
14211
14212
14213
14214
14215
14216
14217
14218
14219
14220
14221
14222
14223
14224
14225
14226
14227
14228
14229
14230
14231
14232
14233
14234
14235
14236
14237
14238
14239
14240
14241
14242
14243
14244
14245
14246
14247
14248
14249
14250
14251
14252
14253
14254
14255
14256
14257
14259
14260
14261
14262
14263
14264
14265
14266
14267
14268
14269
14270
14271
14272
14273
14274
14275
14276
14277
14278
14279
14280
14281
14282
14283
14284
14285
14286
14287
14288
14289
14290
14291
14292
14293
14294
14295
14296
14297
14298
14299
14300
14301
14302
14303
14304
14305
14306
14308
14309
14310
14311
14312
14313
14314
14315
14316
14317
14318
14319
14320
14321
14322
14323
14324
14325
14326
14327
14328
14329
14330
14331
14332
14333
14334
14335
14336
14337
14338
14339
14340
14341
14342
14343
14344
14345
14346
14347
14348
14349
14350
14351
14352
14353
14354
14355
14357
14358
14359
14360
14361
14362
14363
14364
14365
14366
14367
14368
14369
14370
14371
14372
14373
14374
14375
14376
14377
14378
14379
14380
14381
14382
14383
14384
14385
14386
14387
14388
14389
14390
14391
14392
14393
14394
14395
14396
14397
14398
14399
14400
14401
14402
14403
14404
14405
14579
14604
14608
14613
14617
14618
14629
14638
14643
14647
14650
14651
14653
14662
14664
14671
14674
14683
14684
14695
14699
14702
14710
14718
14739
14748
14760
14791
14792
14793
14803
14817
14826
14829
14832
14834
14848
14849
14856
14858
14863
14872
14875
14888
14890
14893
14906
14910
14916
14921
14932
14933
14936
14945
14957
14972
14986
14997
15000
15006
15009
15021
15025
15028
15029
15037
15041
15044
15047
15053
15070
15071
15092
15100
15108
15110
15117
15118
15120
15134
15142
15146
15152
15163
15170
15171
15176
15179
15183
15190
15194
15196
15197
15200
15206
15215
15218
15220
15230
15231
15242
15244
15246
15252
15260
15263
15267
15273
15278
15281
15288
15291
15292
15294
15299
15301
15308
15310
15316
15323
15326
15328
15332
15341
15367
15371
15373
15386
15388
15392
15393
15397
15398
15411
15417
15418
15438
15439
15442
15447
15463
15469
15473
15478
15480
15484
15488
15494
15507
15515
15518
15519
15522
15525
15527
15547
15549
15553
15555
15559
15561
15563
15564
15566
15568
15575
15578
15582
15586
15591
15603
15606
15614
15621
15622
15625
15628
15631
15651
15661
15663
15667
15668
15672
15677
15683
15704
15710
15716
15717
15719
15720
15722
15733
15746
15752
15754
15756
15763
15773
15779
15787
15792
15793
15796
15803
15815
15817
15819
15825
15828
15831
15833
15837
15844
15845
15847
15848
15852
15857
15861
15863
15868
15876
15877
15882
15888
15895
15905
15907
15909
15923
15924
15940
15956
15960
15963
15964
15965
15966
15968
15974
15976
15977
15980
15988
15999
16002
16009
16010
16013
16019
16036
16038
16040
16044
16051
16054
16057
16058
16060
16062
16064
16069
16071
16077
16079
16081
16091
16095
16098
16100
16102
16116
16121
16122
16126
16133
16140
16147
16152
16157
16164
16168
16178
16179
16180
16188
16191
16195
16199
16208
16213
16218
16219
16220
16222
16237
16242
16245
16250
16259
16262
16266
16267
16269
16283
16288
16289
16295
16297
16303
16305
16306
16307
16310
16335
16343
16355
16362
16367
16376
16378
16382
16383
16385
16386
16387
16395
16401
16406
16410
16415
16420
16426
16428
16429
16434
16444
16446
16450
16452
16458
16464
16470
16471
16478
16481
16485
16489
16492
16497
16498
16499
16502
16504
16510
16529
16530
16531
16534
16536
16542
16547
16549
16551
16555
16560
16564
16565
16567
16571
16580
16586
16593
16595
16603
16607
16608
16612
16624
16627
16639
16652
16657
16660
16673
16679
16680
16698
16706
16708
16709
16711
16712
16717
16728
16729
16734
16738
16741
16751
16753
16766
16772
16779
16781
16785
16791
16795
16806
16808
16813
16815
16816
16818
16820
16822
16826
16827
16828
16831
16838
16841
16853
16854
16865
16870
16874
16875
16898
16904
16909
16913
16915
16917
16919
16921
16933
16935
16939
16942
16943
16947
16953
16961
16968
16970
16971
16974
16975
16976
16982
16985
16989
17010
17013
17015
17016
17024
17026
17030
17039
17042
17046
17047
17048
17050
17052
17054
17056
17058
17062
17064
17079
17080
17092
17121
17127
17129
17133
17134
17135
17150
17159
17161
17169
17172
17173
17177
17178
17185
17204
17205
17230
17231
17237
17238
17239
17245
17249
17250
17257
17265
17266
17268
17270
17275
17278
17282
17290
17291
17293
17316
17322
17325
17329
17331
17336
17347
17348
17356
17361
17369
17370
17374
17375
17382
17393
17396
17400
17403
17405
17409
17410
17413
17422
17426
17434
17440
17446
17453
17457
17458
17473
17490
17491
17492
17493
17497
17500
17509
17510
17522
17530
17537
17539
17541
17542
17546
17548
17556
17563
17564
17568
17573
17577
17588
17595
17605
17606
17610
17611
17612
17614
17615
17621
17623
17628
17629
17631
17635
17645
17646
17649
17650
17656
17658
17660
17662
17663
17665
17678
17682
17686
17687
17688
17696
17697
17698
17705
17706
17710
17711
17729
17731
17745
17758
17763
17766
17772
17774
17775
17776
17779
17782
17784
17789
17790
17795
17806
17808
17810
17813
17820
17824
17832
17839
17843
17847
17849
17856
17864
17872
17879
17880
17897
17914
17921
17924
17925
17927
17928
17936
17955
17966
17969
17971
17976
17977
17983
17998
18002
18004
18007
18014
18020
18027
18031
18033
18034
18035
18042
18053
18059
18073
18076
18080
18081
18084
18087
18095
18099
18113
18114
18123
18128
18139
18145
18146
18147
18155
18158
18160
18171
18175
18178
18185
18186
18204
18205
18207
18208
18214
18220
18222
18234
18246
18252
18255
18256
18260
18269
18271
18275
18279
18284
18285
18286
18288
18296
18307
18311
18312
18314
18319
18328
18335
18337
18340
18341
18345
18349
18352
18353
18357
18367
18368
18371
18373
18380
18384
18386
18393
18394
18395
18397
18399
18403
18411
18415
18420
18423
18425
18444
18446
18449
18457
18458
18463
18468
18472
18479
18481
18482
18486
18488
18490
18492
18498
18502
18503
18512
18525
18527
18532
18549
18553
18567
18573
18575
18576
18580
18584
18586
18588
18590
18594
18595
18596
18602
18612
18614
18623
18630
18636
18637
18651
18654
18656
18662
18668
18669
18682
18684
18689
18700
18717
18722
18727
18736
18739
18743
18749
18757
18771
18787
18790
18796
18800
18807
18809
18815
18823
18828
18832
18833
18835
18836
18846
18848
18849
18860
18867
18871
18877
18894
18898
18901
18905
18906
18915
18920
18929
18946
18949
18955
18956
18957
18958
18968
18973
19000
19018
19019
19023
19024
19026
19037
19043
19051
19055
19057
19063
19064
19067
19069
19071
19079
19084
19087
19093
19096
19097
19101
19104
19106
19109
19126
19129
19137
19139
19140
19146
19147
19150
19153
19156
19157
19167
19172
19185
19188
19205
19212
19221
19252
19255
19258
19259
19273
19274
19276
19277
19280
19284
19288
19292
19296
19302
19310
19313
19314
19316
19318
19324
19326
19328
19332
19345
19348
19350
19356
19366
19371
19373
19380
19383
19393
19394
19426
19439
19441
19444
19448
19456
19457
19465
19473
19474
19482
19485
19490
19499
19507
19512
19514
19521
19522
19539
19540
19548
19559
19563
19570
19575
19576
19581
19592
19595
19600
19634
19638
19642
19647
19659
19663
19668
19673
19677
19688
19689
19696
19700
19710
19712
19723
19726
19730
19732
19735
19739
19748
19758
19763
19764
19770
19772
19775
19776
19778
19779
19785
19802
19812
19816
19823
19826
19829
19834
19836
19838
19853
19856
19858
19862
19863
19866
19874
19880
19881
19884
19888
19899
19905
19911
19915
19916
19920
19922
19928
19948
19950
19954
19961
19968
19971
19974
19981
19983
19985
19988
19993
20006
20012
20019
20027
20029
20032
20033
20036
20041
20045
20051
20057
20059
20063
20065
20074
20078
20083
20085
20088
20097
20099
20112
20115
20119
20126
20129
20136
20150
20154
20157
20166
20167
20170
20173
20176
20179
20181
20184
20186
20189
20197
20200
20202
20209
20211
20214
20222
20226
20238
20240
20242
20249
20251
20257
20262
20271
20281
20287
20289
20293
20295
20301
20307
20313
20317
20318
20327
20338
20340
20342
20362
20376
20382
20384
20388
20391
20400
20401
20405
20410
20411
20434
20437
20456
20457
20460
20470
20476
20478
20486
20498
20513
20514
20517
20520
20522
20524
20542
20550
20563
20583
20584
20597
20599
20603
20605
20611
20613
20615
20620
20626
20635
20639
20641
20645
20649
20651
20653
20655
20657
20665
20672
20673
20675
20686
20688
20690
20691
20695
20698
20700
20702
20707
20709
20712
20716
20720
20724
20726
20728
20730
20738
20748
20749
20754
20759
20762
20771
20772
20775
20779
20780
20785
20786
20788
20790
20800
20803
20813
20821
20824
20828
20834
20838
20843
20844
20855
20865
20867
20869
20878
20886
20887
20893
20917
20918
20921
20922
20923
20927
20933
20936
20938
20940
20944
20947
20954
20967
20977
20982
20988
20990
20992
21002
21009
21012
21024
21026
21027
21028
21032
21050
21053
21057
21060
21069
21075
21078
21086
21087
21089
21107
21118
21120
21131
21136
21140
21141
21142
21143
21172
21173
21177
21181
21186
21204
21210
21216
21220
21222
21224
21225
21226
21228
21229
21235
21236
21238
21241
21245
21247
21254
21256
21261
21271
21275
21281
21285
21289
21293
21301
21302
21305
21312
21320
21321
21323
21325
21335
21338
21344
21349
21359
21364
21369
21371
21373
21388
21392
21393
21398
21406
21414
21422
21423
21428
21429
21451
21453
21456
21458
21463
21466
21475
21483
21484
21487
21492
21497
21501
21506
21510
21513
21514
21515
21522
21539
21541
21542
21546
21562
21567
21570
21577
21579
21587
21596
21602
21603
21606
21612
21619
21624
21629
21638
21639
21643
21644
21653
21654
21657
21658
21661
21662
21672
21680
21682
21685
21686
21693
21700
21730
21734
21737
21743
21748
21749
21760
21762
21779
21781
21786
21791
21792
21809
21818
21826
21840
21855
21858
21862
21864
21867
21880
21881
21896
21898
21909
21911
21914
21917
21919
21934
21978
21980
21987
21997
21998
22003
22009
22021
22022
22028
22034
22035
22040
22043
22055
22057
22061
22065
22066
22069
22078
22097
22108
22110
22112
22117
22125
22138
22141
22143
22144
22146
22151
22154
22162
22164
22166
22168
22173
22176
22182
22187
22189
22192
22195
22196
22198
22201
22209
22211
22213
22222
22225
22240
22242
22245
22251
22255
22259
22263
22264
22268
22274
22275
22285
22290
22296
22301
22303
22306
22307
22311
22313
22328
22333
22335
22337
22350
22354
22356
22358
22359
22367
22373
22376
22378
22382
22385
22388
22391
22395
22398
22406
22414
22417
22419
22426
22431
22432
22435
22449
22463
22464
22465
22471
22480
22490
22496
22508
22519
22531
22535
22540
22544
22545
22550
22556
22559
22562
22566
22573
22577
22582
22586
22589
22595
22596
22599
22604
22618
22625
22632
22635
22636
22637
22649
22660
22661
22663
22665
22668
22675
22676
22679
22681
22685
22690
22697
22708
22711
22720
22721
22724
22727
22741
22742
22751
22755
22758
22761
22767
22770
22786
22791
22801
22803
22806
22809
22810
22811
22815
22825
22827
22829
22831
22834
22843
22849
22853
22854
22856
22857
22858
22860
22865
22875
22883
22887
22890
22895
22901
22904
22906
22907
22922
22926
22929
22930
22938
22943
22946
22947
22952
22953
22956
22958
22961
22962
22964
22966
22970
22973
22978
22987
22988
22990
22994
22995
22997
23000
23001
23006
23007
23027
23028
23034
23035
23044
23047
23053
23057
23060
23061
23064
23073
23079
23080
23087
23092
23104
23105
23108
23110
23112
23118
23128
23129
23132
23136
23138
23139
23140
23142
23145
23151
23159
23160
23168
23171
23183
23185
23186
23193
23197
23199
23208
23210
23224
23236
23239
23246
23260
23263
23264
23268
23272
23287
23296
23298
23303
23332
23337
23339
23346
23348
23355
23362
23363
23366
23381
23386
23389
23390
23399
23409
23411
23419
23420
23422
23435
23437
23438
23440
23445
23450
23464
23476
23477
23478
23483
23493
23497
23500
23504
23506
23519
23523
23528
23530
23532
23541
23556
23557
23559
23564
23565
23566
23571
23574
23586
23590
23591
23595
23596
23598
23600
23607
23608
23614
23616
23639
23650
23651
23657
23658
23665
23670
23671
23672
23673
23675
23683
23692
23695
23697
23708
23709
23717
23718
23721
23733
23735
23763
23772
23774
23779
23784
23785
23787
23789
23792
23797
23807
23810
23816
23821
23823
23828
23835
23841
23844
23846
23850
23852
23853
23855
23857
23859
23862
23863
23867
23873
23877
23882
23886
23892
23895
23896
23899
23900
23902
23904
23911
23918
23922
23927
23935
23942
23946
23951
23954
23958
23961
23962
23965
23969
23972
23976
23977
23981
23989
23991
23996
24001
24005
24022
24023
24024
24025
24029
24033
24040
24042
24046
24051
24052
24056
24057
24075
24083
24086
24088
24090
24092
24097
24112
24116
24121
24122
24126
24134
24136
24138
24148
24161
24171
24177
24178
24180
24182
24183
24186
24193
24199
24201
24210
24214
24219
24225
24228
24229
24245
24247
24249
24250
24259
24265
24267
24268
24273
24274
24276
24277
24278
24290
24293
24294
24298
24303
24305
24306
24307
24319
24320
24321
24330
24342
24344
24345
24348
24356
24359
24363
24376
24378
24379
24388
24397
24399
24402
24405
24408
24410
24415
24431
24432
24440
24445
24450
24453
24464
24484
24485
24493
24498
24499
24502
24505
24523
24529
24533
24537
24542
24543
24554
24560
24564
24565
24570
24574
24582
24586
24589
24591
24592
24594
24611
24620
24621
24624
24630
24634
24635
24643
24645
24646
24660
24663
24664
24665
24676
24677
24679
24683
24689
24693
24696
24701
24702
24705
24706
24711
24714
24721
24722
24727
24730
24731
24732
24739
24742
24749
24754
24756
24764
24766
24768
24775
24779
24789
24793
24801
24814
24819
24826
24827
24829
24836
24838
24851
24856
24862
24863
24864
24865
24868
24871
24874
24884
24894
24902
24906
24918
24920
24921
24922
24923
24927
24938
24943
24956
24958
24964
24966
24971
24977
24979
24983
24986
24992
24997
25000
25001
25002
25003
25004
25010
25013
25014
25020
25026
25027
25039
25047
25062
25074
25077
25085
25088
25097
25101
25103
25106
25125
25130
25134
25136
25140
25145
25149
25152
25153
25158
25164
25166
25167
25174
25176
25183
25191
25205
25213
25215
25217
25220
25222
25224
25228
25232
25233
25243
25252
25254
25255
25257
25269
25281
25284
25286
25290
25291
25295
25301
25306
25308
25309
25310
25316
25320
25322
25326
25334
25343
25349
25350
25367
25368
25374
25378
25382
25392
25393
25398
25401
25404
25415
25425
25432
25434
25437
25449
25453
25454
25456
25470
25483
25491
25497
25499
25500
25501
25502
25504
25508
25512
25514
25522
25527
25528
25529
25531
25543
25544
25551
25552
25554
25555
25557
25558
25565
25567
25570
25572
25574
25583
25584
25592
25595
25597
25602
25603
25604
25610
25614
25615
25619
25620
25623
25624
25626
25630
25635
25637
25641
25644
25649
25659
25664
25666
25668
25669
25677
25684
25689
25698
25708
25711
25714
25723
25725
25727
25731
25738
25739
25741
25745
25747
25759
25765
25772
25781
25783
25797
25809
25810
25811
25821
25830
25832
25833
25836
25844
25860
25861
25862
25866
25867
25870
25882
25885
25886
25887
25890
25896
25900
25903
25905
25909
25911
25918
25921
25935
25938
25940
25945
25955
25959
25960
25968
25976
25979
25989
25999
26001
26010
26014
26015
26020
26022
26024
26029
26031
26032
26036
26041
26042
26044
26045
26047
26051
26061
26066
26067
26071
26072
26074
26077
26078
26081
26084
26085
26089
26096
26098
26101
26103
26107
26110
26118
26121
26123
26129
26130
26132
26135
26142
26144
26149
26152
26159
26160
26164
26167
26170
26175
26176
26195
26199
26217
26224
26226
26243
26259
26260
26261
26264
26267
26269
26276
26279
26293
26301
26313
26319
26321
26322
26331
26334
26337
26354
26360
26363
26368
26384
26386
26388
26391
26397
26399
26400
26403
26404
26405
26406
26408
26411
26415
26419
26421
26422
26424
26427
26429
26433
26435
26445
26447
26449
26451
26452
26455
26457
26460
26461
26465
26471
26481
26482
26485
26490
26494
26496
26497
26512
26513
26521
26525
26529
26533
26538
26547
26548
26549
26551
26557
26558
26575
26578
26586
26587
26589
26597
26605
26615
26616
26617
26627
26631
26632
26648
26651
26663
26665
26666
26674
26676
26681
26692
26698
26712
26715
26722
26726
26732
26741
26742
26743
26744
26746
26749
26753
26757
26758
26759
26761
26765
26766
26774
26786
26787
26790
26791
26792
26804
26809
26811
26813
26816
26824
26829
26830
26832
26834
26840
26843
26847
26848
26852
26860
26870
26879
26881
26882
26886
26889
26900
26901
26902
26905
26909
26917
26924
26925
26928
26930
26938
26940
26941
26951
26953
26955
26960
26969
26973
26979
26985
26988
27002
27003
27008
27011
27015
27016
27023
27025
27036
27045
27056
27064
27070
27092
27098
27106
27108
27115
27129
27136
27156
27158
27163
27166
27175
27178
27184
27189
27190
27191
27193
27198
27201
27203
27221
27222
27227
27229
27230
27232
27237
27241
27244
27247
27250
27260
27261
27263
27265
27267
27271
27272
27276
27284
27285
27290
27293
27294
27299
27301
27304
27306
27310
27322
27328
27330
27336
27342
27345
27353
27356
27363
27368
27377
27381
27389
27390
27391
27392
27393
27401
27418
27420
27422
27423
27433
27438
27441
27443
27444
27451
27452
27453
27462
27464
27466
27481
27482
27483
27488
27491
27499
27504
27507
27514
27516
27517
27524
27531
27532
27535
27537
27541
27545
27549
27552
27559
27562
27563
27567
27573
27579
27582
27585
27588
27599
27601
27603
27605
27608
27613
27615
27632
27637
27645
27647
27654
27657
27659
27664
27667
27670
27678
27679
27681
27682
27687
27691
27696
27703
27717
27723
27734
27743
27746
27749
27750
27759
27760
27762
27763
27765
27766
27770
27775
27779
27785
27790
27803
27805
27825
27827
27841
27854
27858
27862
27865
27873
27874
27876
27879
27884
27885
27890
27901
27905
27906
27909
27910
27914
27920
27923
27925
27929
27933
27935
27937
27940
27943
27944
27947
27953
27976
27982
27984
27991
27993
27994
27995
27999
28000
28003
28021
28034
28043
28048
28053
28066
28067
28070
28076
28079
28085
28088
28093
28098
28099
28101
28106
28111
28113
28119
28121
28124
28129
28137
28146
28150
28156
28162
28168
28182
28191
28192
28193
28196
28203
28210
28216
28221
28222
28224
28236
28237
28240
28241
28245
28247
28248
28269
28271
28294
28295
28299
28309
28311
28313
28316
28320
28323
28328
28331
28333
28347
28349
28350
28355
28358
28362
28364
28366
28371
28374
28381
28385
28387
28389
28408
28412
28413
28418
28423
28426
28433
28437
28438
28441
28442
28453
28454
28457
28459
28470
28471
28472
28478
28484
28488
28495
28499
28500
28508
28512
28517
28523
28532
28536
28542
28547
28550
28551
28558
28562
28565
28581
28584
28587
28591
28600
28601
28605
28607
28610
28611
28616
28617
28619
28621
28634
28636
28645
28651
28657
28659
28672
28674
28682
28693
28695
28698
28702
28704
28711
28721
28727
28733
28734
28736
28739
28745
28746
28747
28750
28751
28754
28756
28760
28761
28765
28768
28775
28780
28789
28807
28814
28815
28818
28821
28824
28839
28840
28849
28850
28851
28859
28870
28872
28875
28876
28877
28878
28881
28886
28893
28905
28919
28921
28937
28941
28950
28955
28961
28965
28971
28973
28984
28986
28987
28991
28997
29004
29005
29014
29019
29020
29022
29032
29043
29047
29048
29049
29053
29056
29063
29068
29073
29075
29077
29086
29097
29098
29103
29104
29106
29114
29115
29117
29119
29123
29131
29135
29138
29140
29148
29149
29155
29156
29157
29162
29167
29172
29174
29175
29177
29194
29212
29221
29224
29228
29233
29237
29243
29250
29266
29270
29271
29275
29276
29284
29291
29296
29300
29305
29314
29334
29335
29338
29342
29344
29345
29348
29350
29355
29356
29358
29362
29365
29369
29374
29385
29390
29394
29395
29396
29399
29409
29422
29424
29426
29434
29443
29446
29456
29458
29462
29465
29467
29468
29470
29471
29473
29474
29477
29483
29490
29492
29496
29499
29501
29504
29511
29514
29519
29525
29528
29529
29534
29543
29556
29557
29562
29571
29582
29587
29589
29590
29591
29595
29597
29604
29608
29610
29611
29614
29617
29620
29632
29635
29636
29647
29652
29654
29664
29677
29682
29688
29691
29697
29701
29705
29707
29711
29713
29717
29721
29739
29743
29747
29750
29751
29752
29753
29769
29773
29775
29776
29781
29793
29794
29800
29802
29803
29806
29813
29818
29828
29832
29833
29836
29844
29846
29847
29858
29859
29862
29863
29867
29873
29874
29883
29903
29911
29913
29916
29922
29944
29947
29953
29954
29961
29966
29968
29974
29979
29985
29988
29997
29998
29999
30007
30009
30015
30016
30019
30023
30025
30033
30041
30045
30048
30049
30058
30059
30060
30062
30064
30069
30070
30073
30075
30085
30091
30096
30103
30115
30120
30126
30129
30149
30151
30152
30155
30158
30173
30181
30186
30193
30198
30200
30206
30208
30213
30221
30229
30235
30244
30249
30252
30256
30259
30269
30270
30278
30282
30300
30315
30327
30330
30339
30341
30343
30349
30352
30357
30359
30361
30365
30374
30376
30377
30378
30379
30383
30385
30389
30396
30404
30414
30416
30420
30425
30429
30432
30434
30441
30442
30443
30445
30464
30466
30467
30469
30474
30481
30483
30498
30500
30503
30507
30515
30526
30530
30532
30533
30537
30539
30544
30546
30548
30551
30559
30568
30572
30578
30580
30584
30587
30588
30591
30593
30595
30603
30605
30610
30619
30626
30630
30632
30634
30645
30651
30655
30658
30662
30663
30664
30666
30670
30680
30698
30699
30701
30704
30715
30734
30737
30746
30758
30765
30771
30772
30773
30776
30781
30784
30787
30789
30790
30800
30805
30806
30809
30812
30814
30817
30819
30823
30825
30826
30832
30838
30844
30846
30850
30852
30853
30859
30860
30862
30872
30876
30878
30879
30881
30887
30891
30892
30893
30901
30903
30904
30908
30911
30921
30922
30927
30941
30951
30952
30959
30967
30973
30977
30982
30987
30988
30990
30994
31003
31007
31008
31009
31023
31024
31026
31029
31034
31043
31046
31048
31053
31057
31062
31070
31072
31080
31082
31085
31096
31099
31106
31107
31108
31109
31113
31126
31131
31132
31135
31140
31145
31148
31149
31154
31160
31163
31177
31179
31181
31183
31188
31195
31214
31217
31221
31222
31223
31227
31232
31235
31237
31245
31254
31262
31263
31286
31290
31293
31294
31296
31298
31310
31319
31322
31328
31341
31348
31353
31356
31358
31365
31366
31367
31373
31378
31379
31380
31382
31390
31391
31412
31415
31418
31419
31422
31429
31433
31435
31438
31460
31461
31462
31466
31467
31474
31480
31481
31487
31503
31504
31511
31514
31515
31518
31522
31535
31537
31540
31558
31561
31565
31567
31569
31571
31576
31578
31579
31585
31591
31593
31598
31604
31606
31607
31608
31613
31616
31619
31622
31623
31630
31637
31640
31661
31666
31667
31673
31676
31677
31682
31686
31690
31695
31698
31702
31708
31710
31713
31721
31724
31725
31733
31736
31742
31746
31752
31755
31757
31769
31775
31777
31780
31782
31784
31787
31791
31800
31803
31814
31822
31825
31826
31831
31834
31835
31836
31840
31843
31847
31851
31856
31865
31866
31868
31875
31876
31888
31889
31893
31894
31898
31905
31909
31913
31923
31924
31927
31931
31946
31948
31951
31954
31956
31957
31961
31970
31978
31986
31987
31994
32036
32046
32049
32056
32064
32065
32066
32070
32073
32076
32081
32085
32088
32093
32101
32102
32107
32121
32122
32126
32128
32135
32136
32139
32145
32146
32152
32155
32158
32172
32178
32181
32183
32187
32191
32194
32195
32199
32202
32203
32207
32209
32221
32229
32231
32232
32233
32243
32250
32258
32259
32262
32266
32271
32279
32286
32290
32295
32316
32321
32322
32329
32330
32342
32346
32347
32349
32360
32361
32362
32366
32367
32378
32379
32380
32387
32395
32404
32411
32417
32433
32434
32455
32461
32463
32467
32472
32474
32476
32477
32482
32486
32492
32500
32504
32509
32510
32512
32519
32530
32544
32548
32559
32561
32567
32571
32573
32580
32590
32595
32596
32603
32618
32620
32626
32628
32636
32647
32652
32653
32656
32662
32667
32669
32675
32679
32682
32686
32687
32693
32695
32697
32698
32701
32711
32712
32713
32714
32715
32719
32724
32728
32739
32740
32746
32751
32754
32760
32763
32767
32768
32773
32776
32779
32800
32804
32807
32809
32810
32813
32817
32820
32823
32825
32835
32841
32860
32861
32863
32866
32868
32875
32877
32882
32888
32896
32902
32903
32904
32905
32911
32918
32919
32935
32940
32945
32947
32948
32957
32968
32969
32971
32974
32984
32993
32996
32997
32998
32999
33006
33008
33011
33016
33027
33028
33031
33034
33037
33042
33046
33048
33052
33054
33061
33063
33068
33075
33076
33078
33079
33096
33097
33101
33102
33105
33106
33112
33113
33122
33127
33132
33135
33137
33139
33141
33144
33156
33161
33162
33164
33169
33171
33172
33183
33184
33186
33190
33194
33196
33206
33207
33213
33220
33227
33231
33234
33237
33244
33246
33248
33252
33254
33256
33261
33263
33264
33277
33283
33284
33300
33307
33311
33315
33316
33317
33318
33319
33326
33330
33332
33341
33347
33349
33355
33358
33362
33369
33378
33381
33389
33391
33401
33408
33418
33422
33424
33426
33428
33430
33438
33442
33446
33450
33453
33455
33457
33459
33463
33464
33466
33470
33479
33481
33492
33505
33506
33510
33511
33513
33515
33523
33526
33532
33538
33544
33547
33550
33552
33557
33559
33565
33566
33569
33574
33580
33598
33599
33607
33609
33612
33619
33621
33622
33627
33630
33639
33648
33661
33663
33665
33671
33672
33678
33679
33683
33686
33688
33691
33697
33698
33702
33708
33712
33718
33727
33731
33737
33748
33749
33750
33760
33764
33769
33774
33780
33782
33784
33792
33803
33806
33809
33810
33812
33816
33817
33819
33822
33827
33829
33837
33846
33853
33874
33884
33885
33893
33897
33903
33909
33914
33917
33923
33943
33944
33949
33958
33964
33966
33969
33970
33976
33982
33983
33988
33990
33994
33999
34003
34022
34043
34044
34050
34052
34066
34067
34071
34072
34081
34084
34095
34097
34099
34103
34111
34116
34117
34118
34122
34123
34124
34125
34126
34129
34131
34137
34140
34141
34142
34145
34156
34157
34170
34174
34176
34184
34186
34191
34204
34205
34209
34212
34215
34219
34222
34231
34234
34240
34242
34245
34254
34255
34259
34266
34267
34272
34282
34284
34288
34293
34295
34296
34304
34309
34311
34317
34319
34322
34323
34324
34336
34337
34342
34346
34349
34357
34360
34364
34368
34377
34378
34383
34388
34389
34401
34404
34405
34406
34413
34419
34425
34427
34429
34431
34436
34437
34438
34439
34450
34462
34468
34469
34489
34490
34498
34502
34503
34504
34506
34508
34511
34516
34522
34535
34539
34541
34545
34546
34552
34554
34555
34563
34567
34569
34581
34588
34590
34592
34593
34594
34595
34598
34604
34605
34615
34622
34626
34633
34636
34650
34661
34674
34676
34682
34686
34689
34692
34701
34705
34710
34711
34717
34718
34720
34723
34724
34732
34735
34749
34758
34759
34761
34766
34768
34773
34783
34797
34803
34805
34815
34819
34823
34827
34834
34836
34840
34844
34848
34857
34861
34865
34867
34868
34871
34875
34886
34887
34899
34904
34907
34909
34910
34917
34919
34920
34922
34927
34930
34933
34941
34945
34951
34953
34956
34959
34968
34976
34978
34980
34985
34986
34989
34993
34999
35007
35014
35021
35044
35048
35049
35050
35055
35056
35058
35061
35064
35073
35075
35077
35085
35089
35096
35099
35105
35109
35111
35112
35113
35114
35115
35118
35120
35129
35133
35135
35143
35151
35155
35156
35159
35164
35166
35168
35169
35175
35177
35179
35186
35196
35198
35206
35213
35214
35216
35218
35242
35244
35247
35253
35256
35261
35262
35267
35275
35285
35287
35291
35295
35302
35303
35309
35313
35317
35321
35325
35328
35329
35338
35344
35347
35350
35351
35356
35359
35364
35366
35368
35370
35378
35381
35382
35386
35388
35402
35406
35411
35427
35430
35435
35436
35437
35444
35446
35448
35452
35456
35457
35460
35463
35472
35473
35480
35484
35490
35496
35501
35503
35509
35512
35516
35527
35539
35542
35548
35549
35550
35553
35560
35564
35566
35575
35578
35582
35583
35584
35586
35588
35589
35596
35603
35604
35605
35606
35611
35626
35627
35630
35643
35646
35650
35651
35652
35663
35665
35669
35671
35675
35676
35682
35689
35690
35700
35701
35704
35706
35708
35709
35730
35731
35733
35739
35746
35756
35761
35763
35765
35768
35775
35779
35780
35784
35791
35792
35795
35799
35803
35806
35809
35812
35815
35819
35823
35831
35842
35850
35868
35871
35873
35881
35893
35896
35897
35906
35907
35910
35912
35919
35923
35929
35935
35946
35947
35953
35954
35964
35979
35982
35991
35992
35995
35997
35998
36000
36008
36015
36017
36021
36028
36030
36036
36047
36048
36053
36065
36080
36082
36087
36094
36095
36096
36101
36109
36113
36117
36120
36139
36147
36148
36152
36155
36160
36161
36184
36190
36192
36200
36210
36212
36217
36226
36228
36237
36251
36254
36262
36264
36266
36268
36272
36273
36278
36286
36288
36291
36292
36293
36294
36296
36299
36304
36306
36315
36317
36325
36327
36328
36337
36341
36346
36347
36353
36355
36356
36365
36368
36371
36372
36374
36375
36384
36387
36392
36397
36398
36402
36403
36407
36415
36419
36420
36425
36431
36432
36437
36441
36454
36455
36465
36466
36478
36482
36483
36486
36489
36492
36500
36504
36514
36519
36523
36525
36526
36531
36533
36550
36555
36556
36562
36564
36565
36567
36582
36585
36588
36590
36594
36609
36614
36620
36623
36630
36631
36643
36645
36648
36658
36693
36694
36699
36719
36725
36732
36735
36736
36739
36741
36742
36749
36759
36767
36773
36777
36783
36789
36791
36794
36795
36802
36811
36812
36814
36831
36838
36842
36848
36855
36860
36861
36862
36865
36867
36873
36887
36889
36893
36896
36901
36902
36907
36918
36920
36923
36932
36938
36942
36943
36946
36949
36953
36960
36971
36980
36985
36987
36991
36992
37001
37012
37023
37027
37037
37038
37042
37045
37049
37059
37065
37071
37083
37086
37088
37091
37095
37098
37104
37109
37110
37111
37113
37118
37123
37131
37132
37137
37139
37150
37151
37152
37159
37169
37170
37171
37179
37180
37187
37188
37189
37195
37200
37213
37216
37220
37221
37228
37234
37241
37253
37256
37263
37264
37268
37275
37277
37281
37282
37287
37290
37292
37293
37304
37305
37330
37341
37344
37349
37350
37353
37356
37359
37360
37362
37364
37366
37369
37370
37374
37377
37383
37384
37396
37397
37414
37416
37418
37419
37421
37426
37430
37436
37441
37446
37450
37457
37458
37464
37469
37473
37476
37477
37485
37488
37493
37501
37507
37514
37516
37517
37520
37524
37527
37528
37544
37545
37546
37549
37553
37554
37567
37570
37571
37572
37576
37581
37583
37584
37585
37595
37600
37609
37622
37626
37632
37634
37650
37655
37668
37670
37675
37680
37681
37683
37686
37693
37703
37712
37719
37729
37730
37731
37734
37740
37753
37758
37760
37761
37767
37770
37772
37781
37793
37797
37800
37803
37804
37807
37816
37822
37827
37829
37836
37844
37855
37857
37859
37862
37868
37870
37871
37874
37876
37877
37884
37885
37898
37902
37903
37908
37910
37917
37928
37931
37933
37945
37954
37955
37957
37964
37968
37974
37982
37994
38000
38006
38011
38021
38031
38050
38053
38054
38055
38062
38066
38071
38078
38091
38093
38102
38104
38105
38114
38128
38131
38132
38150
38152
38156
38159
38165
38171
38178
38181
38183
38191
38195
38212
38215
38218
38221
38224
38238
38242
38244
38250
38252
38254
38256
38258
38269
38273
38274
38285
38290
38293
38295
38298
38306
38307
38315
38317
38320
38346
38350
38354
38357
38372
38378
38388
38390
38396
38398
38400
38413
38418
38421
38426
38430
38431
38433
38435
38438
38439
38441
38444
38454
38461
38462
38466
38484
38487
38489
38491
38492
38495
38506
38510
38521
38522
38527
38529
38530
38531
38533
38536
38551
38552
38558
38561
38564
38565
38567
38572
38575
38579
38581
38582
38584
38592
38595
38596
38599
38604
38610
38612
38617
38624
38634
38635
38637
38645
38649
38653
38656
38663
38670
38677
38680
38684
38686
38694
38698
38705
38718
38725
38731
38735
38738
38744
38752
38759
38761
38762
38764
38765
38766
38770
38772
38786
38796
38797
38800
38803
38806
38812
38828
38829
38835
38838
38844
38846
38847
38853
38857
38861
38866
38867
38869
38873
38874
38881
38885
38895
38896
38902
38903
38911
38924
38934
38939
38943
38946
38951
38966
38967
38968
38970
38972
38980
38990
38998
39001
39006
39015
39019
39028
39045
39053
39057
39061
39063
39064
39073
39076
39078
39079
39082
39084
39088
39091
39099
39115
39118
39132
39134
39137
39145
39157
39164
39167
39168
39172
39174
39176
39183
39184
39188
39191
39202
39205
39213
39217
39225
39228
39236
39244
39249
39259
39269
39280
39282
39283
39287
39290
39293
39295
39301
39305
39307
39310
39311
39315
39332
39336
39339
39345
39353
39361
39363
39366
39375
39377
39388
39390
39391
39393
39410
39412
39419
39420
39422
39426
39440
39444
39460
39471
39473
39482
39485
39488
39489
39490
39496
39498
39499
39502
39503
39507
39515
39519
39520
39531
39547
39552
39567
39577
39584
39588
39589
39592
39597
39603
39606
39617
39619
39627
39629
39641
39644
39651
39655
39656
39659
39662
39663
39664
39672
39673
39686
39694
39695
39712
39717
39725
39728
39729
39731
39733
39744
39748
39751
39755
39762
39764
39769
39771
39774
39786
39788
39802
39809
39816
39817
39827
39828
39837
39839
39843
39851
39852
39858
39868
39869
39877
39885
39887
39899
39900
39907
39919
39925
39927
39929
39933
39934
39946
39950
39954
39956
39960
39981
39983
39986
39994
39999
40009
40012
40022
40024
40027
40029
40030
40031
40033
40038
40046
40052
40058
40062
40063
40078
40083
40091
40102
40111
40112
40120
40122
40131
40132
40140
40143
40144
40160
40163
40168
40171
40174
40183
40184
40186
40190
40198
40211
40222
40228
40231
40233
40238
40246
40248
40254
40257
40261
40265
40267
40271
40273
40276
40285
40287
40289
40291
40298
40303
40308
40316
40320
40323
40335
40337
40343
40348
40351
40352
40356
40358
40362
40366
40368
40369
40370
40380
40382
40383
40385
40390
40394
40396
40406
40416
40419
40423
40429
40434
40436
40441
40446
40448
40475
40479
40487
40489
40491
40492
40500
40501
40502
40507
40508
40517
40520
40521
40523
40534
40535
40539
40542
40546
40548
40550
40555
40558
40560
40566
40572
40573
40577
40578
40587
40588
40592
40596
40598
40599
40607
40614
40615
40616
40618
40625
40626
40644
40649
40664
40676
40684
40704
40714
40717
40721
40731
40735
40741
40744
40747
40751
40753
40754
40760
40762
40765
40781
40795
40806
40807
40811
40816
40822
40823
40833
40849
40851
40860
40874
40878
40880
40897
40901
40903
40918
40924
40943
40952
40955
40958
40972
40979
40984
40989
40995
41004
41005
41019
41025
41043
41044
41072
41074
41076
41084
41103
)


// ************************************************************************* //
