/*--------------------------------*- C++ -*----------------------------------*\
| =========                 |                                                 |
| \\      /  F ield         | OpenFOAM: The Open Source CFD Toolbox           |
|  \\    /   O peration     | Version:  3.0.1                                 |
|   \\  /    A nd           | Web:      www.OpenFOAM.org                      |
|    \\/     M anipulation  |                                                 |
\*---------------------------------------------------------------------------*/
FoamFile
{
    version     2.0;
    format      ascii;
    class       labelList;
    note        "nPoints: 15306 nCells: 10117 nFaces: 38003 nInternalFaces: 17376";
    location    "constant/polyMesh";
    object      neighbour;
}
// * * * * * * * * * * * * * * * * * * * * * * * * * * * * * * * * * * * * * //


17376
(
1
49
2401
2
50
2402
3
51
2403
4
52
2404
5
53
2405
6
54
2406
7
55
2407
8
56
2408
9
57
2409
10
58
2410
11
59
2411
12
60
2412
13
61
2413
14
62
2414
15
63
2415
16
64
2416
17
65
2417
18
66
2418
19
67
2419
20
68
2420
21
69
2421
22
70
2422
23
71
2423
24
72
2424
25
73
2425
26
74
2426
27
75
2427
28
76
2428
29
77
2429
30
78
2430
31
79
2431
32
80
2432
33
81
2433
34
82
2434
35
83
2435
36
84
2436
37
85
2437
38
86
2438
39
87
2439
40
88
2440
41
89
2441
42
90
2442
43
91
2443
44
92
2444
45
93
2445
46
94
2446
47
95
2447
48
96
2448
97
2449
7136
50
98
51
99
52
100
53
101
54
102
55
103
56
104
57
105
58
106
59
107
60
108
61
109
62
110
63
111
64
112
65
113
66
114
67
115
68
116
69
117
70
118
71
119
72
120
73
121
74
122
75
123
76
124
77
125
78
126
79
127
80
128
81
129
82
130
83
131
84
132
85
133
86
134
87
135
88
136
89
137
90
138
91
139
92
140
93
141
94
142
95
143
96
144
97
145
146
6891
99
147
100
148
101
149
102
150
103
151
104
152
105
153
106
154
107
155
108
156
109
157
110
158
111
159
112
160
113
161
114
162
115
163
116
164
117
165
118
166
119
167
120
168
121
169
122
170
123
171
124
172
125
173
126
174
127
175
128
176
129
177
130
178
131
179
132
180
133
181
134
182
135
183
136
184
137
185
138
186
139
187
140
188
141
189
142
190
143
191
144
192
145
193
146
194
195
9619
148
196
149
197
150
198
151
199
152
200
153
201
154
202
155
203
156
204
157
205
158
206
159
207
160
208
161
209
162
210
163
211
164
212
165
213
166
214
167
215
168
216
169
217
170
218
171
219
172
220
173
221
174
222
175
223
176
224
177
225
178
226
179
227
180
228
181
229
182
230
183
231
184
232
185
233
186
234
187
235
188
236
189
237
190
238
191
239
192
240
193
241
194
242
195
243
244
7918
197
245
198
246
199
247
200
248
201
249
202
250
203
251
204
252
205
253
206
254
207
255
208
256
209
257
210
258
211
259
212
260
213
261
214
262
215
263
216
264
217
265
218
266
219
267
220
268
221
269
222
270
223
271
224
272
225
273
226
274
227
275
228
276
229
277
230
278
231
279
232
280
233
281
234
282
235
283
236
284
237
285
238
286
239
287
240
288
241
289
242
290
243
291
244
292
293
8524
246
294
247
295
248
296
249
297
250
298
251
299
252
300
253
301
254
302
255
303
256
304
257
305
258
306
259
307
260
308
261
309
262
310
263
311
264
312
265
313
266
314
267
315
268
316
269
317
270
318
271
319
272
320
273
321
274
322
275
323
276
324
277
325
278
326
279
327
280
328
281
329
282
330
283
331
284
332
285
333
286
334
287
335
288
336
289
337
290
338
291
339
292
340
293
341
342
9298
295
343
296
344
297
345
298
346
299
347
300
348
301
349
302
350
303
351
304
352
305
353
306
354
307
355
308
356
309
357
310
358
311
359
312
360
313
361
314
362
315
363
316
364
317
365
318
366
319
367
320
368
321
369
322
370
323
371
324
372
325
373
326
374
327
375
328
376
329
377
330
378
331
379
332
380
333
381
334
382
335
383
336
384
337
385
338
386
339
387
340
388
341
389
342
390
391
9579
344
392
345
393
346
394
347
395
348
396
349
397
350
398
351
399
352
400
353
401
354
402
355
403
356
404
357
405
358
406
359
407
360
408
361
409
362
410
363
411
364
412
365
413
366
414
367
415
368
416
369
417
370
418
371
419
372
420
373
421
374
422
375
423
376
424
377
425
378
426
379
427
380
428
381
429
382
430
383
431
384
432
385
433
386
434
387
435
388
436
389
437
390
438
391
439
440
8922
393
441
394
442
395
443
396
444
397
445
398
446
399
447
400
448
401
449
402
450
403
451
404
452
405
453
406
454
407
455
408
456
409
457
410
458
411
459
412
460
413
461
414
462
415
463
416
464
417
465
418
466
419
467
420
468
421
469
422
470
423
471
424
472
425
473
426
474
427
475
428
476
429
477
430
478
431
479
432
480
433
481
434
482
435
483
436
484
437
485
438
486
439
487
440
488
489
7054
442
490
443
491
444
492
445
493
446
494
447
495
448
496
449
497
450
498
451
499
452
500
453
501
454
502
455
503
456
504
457
505
458
506
459
507
460
508
461
509
462
510
463
511
464
512
465
513
466
514
467
515
468
516
469
517
470
518
471
519
472
520
473
521
474
522
475
523
476
524
477
525
478
526
479
527
480
528
481
529
482
530
483
531
484
532
485
533
486
534
487
535
488
536
489
537
538
8096
491
539
492
540
493
541
494
542
495
543
496
544
497
545
498
546
499
547
500
548
501
549
502
550
503
551
504
552
505
553
506
554
507
555
508
556
509
557
510
558
511
559
512
560
513
561
514
562
515
563
516
564
517
565
518
566
519
567
520
568
521
569
522
570
523
571
524
572
525
573
526
574
527
575
528
576
529
577
530
578
531
579
532
580
533
581
534
582
535
583
536
584
537
585
538
586
587
8320
540
588
541
589
542
590
543
591
544
592
545
593
546
594
547
595
548
596
549
597
550
598
551
599
552
600
553
601
554
602
555
603
556
604
557
605
558
606
559
607
560
608
561
609
562
610
563
611
564
612
565
613
566
614
567
615
568
616
569
617
570
618
571
619
572
620
573
621
574
622
575
623
576
624
577
625
578
626
579
627
580
628
581
629
582
630
583
631
584
632
585
633
586
634
587
635
636
9059
589
637
590
638
591
639
592
640
593
641
594
642
595
643
596
644
597
645
598
646
599
647
600
648
601
649
602
650
603
651
604
652
605
653
606
654
607
655
608
656
609
657
610
658
611
659
612
660
613
661
614
662
615
663
616
664
617
665
618
666
619
667
620
668
621
669
622
670
623
671
624
672
625
673
626
674
627
675
628
676
629
677
630
678
631
679
632
680
633
681
634
682
635
683
636
684
685
9642
638
686
639
687
640
688
641
689
642
690
643
691
644
692
645
693
646
694
647
695
648
696
649
697
650
698
651
699
652
700
653
701
654
702
655
703
656
704
657
705
658
706
659
707
660
708
661
709
662
710
663
711
664
712
665
713
666
714
667
715
668
716
669
717
670
718
671
719
672
720
673
721
674
722
675
723
676
724
677
725
678
726
679
727
680
728
681
729
682
730
683
731
684
732
685
733
734
6624
687
735
688
736
689
737
690
738
691
739
692
740
693
741
694
742
695
743
696
744
697
745
698
746
699
747
700
748
701
749
702
750
703
751
704
752
705
753
706
754
707
755
708
756
709
757
710
758
711
759
712
760
713
761
714
762
715
763
716
764
717
765
718
766
719
767
720
768
721
769
722
770
723
771
724
772
725
773
726
774
727
775
728
776
729
777
730
778
731
779
732
780
733
781
734
782
783
8137
736
784
737
785
738
786
739
787
740
788
741
789
742
790
743
791
744
792
745
793
746
794
747
795
748
796
749
797
750
798
751
799
752
800
753
801
754
802
755
803
756
804
757
805
758
806
759
807
760
808
761
809
762
810
763
811
764
812
765
813
766
814
767
815
768
816
769
817
770
818
771
819
772
820
773
821
774
822
775
823
776
824
777
825
778
826
779
827
780
828
781
829
782
830
783
831
832
6646
785
833
786
834
787
835
788
836
789
837
790
838
791
839
792
840
793
841
794
842
795
843
796
844
797
845
798
846
799
847
800
848
801
849
802
850
803
851
804
852
805
853
806
854
807
855
808
856
809
857
810
858
811
859
812
860
813
861
814
862
815
863
816
864
817
865
818
866
819
867
820
868
821
869
822
870
823
871
824
872
825
873
826
874
827
875
828
876
829
877
830
878
831
879
832
880
881
8405
834
882
835
883
836
884
837
885
838
886
839
887
840
888
841
889
842
890
843
891
844
892
845
893
846
894
847
895
848
896
849
897
850
898
851
899
852
900
853
901
854
902
855
903
856
904
857
905
858
906
859
907
860
908
861
909
862
910
863
911
864
912
865
913
866
914
867
915
868
916
869
917
870
918
871
919
872
920
873
921
874
922
875
923
876
924
877
925
878
926
879
927
880
928
881
929
930
7668
883
931
884
932
885
933
886
934
887
935
888
936
889
937
890
938
891
939
892
940
893
941
894
942
895
943
896
944
897
945
898
946
899
947
900
948
901
949
902
950
903
951
904
952
905
953
906
954
907
955
908
956
909
957
910
958
911
959
912
960
913
961
914
962
915
963
916
964
917
965
918
966
919
967
920
968
921
969
922
970
923
971
924
972
925
973
926
974
927
975
928
976
929
977
930
978
979
9402
932
980
933
981
934
982
935
983
936
984
937
985
938
986
939
987
940
988
941
989
942
990
943
991
944
992
945
993
946
994
947
995
948
996
949
997
950
998
951
999
952
1000
953
1001
954
1002
955
1003
956
1004
957
1005
958
1006
959
1007
960
1008
961
1009
962
1010
963
1011
964
1012
965
1013
966
1014
967
1015
968
1016
969
1017
970
1018
971
1019
972
1020
973
1021
974
1022
975
1023
976
1024
977
1025
978
1026
979
1027
1028
6537
981
1029
982
1030
983
1031
984
1032
985
1033
986
1034
987
1035
988
1036
989
1037
990
1038
991
1039
992
1040
993
1041
994
1042
995
1043
996
1044
997
1045
998
1046
999
1047
1000
1048
1001
1049
1002
1050
1003
1051
1004
1052
1005
1053
1006
1054
1007
1055
1008
1056
1009
1057
1010
1058
1011
1059
1012
1060
1013
1061
1014
1062
1015
1063
1016
1064
1017
1065
1018
1066
1019
1067
1020
1068
1021
1069
1022
1070
1023
1071
1024
1072
1025
1073
1026
1074
1027
1075
1028
1076
1077
9036
1030
1078
1031
1079
1032
1080
1033
1081
1034
1082
1035
1083
1036
1084
1037
1085
1038
1086
1039
1087
1040
1088
1041
1089
1042
1090
1043
1091
1044
1092
1045
1093
1046
1094
1047
1095
1048
1096
1049
1097
1050
1098
1051
1099
1052
1100
1053
1101
1054
1102
1055
1103
1056
1104
1057
1105
1058
1106
1059
1107
1060
1108
1061
1109
1062
1110
1063
1111
1064
1112
1065
1113
1066
1114
1067
1115
1068
1116
1069
1117
1070
1118
1071
1119
1072
1120
1073
1121
1074
1122
1075
1123
1076
1124
1077
1125
1126
6684
1079
1127
1080
1128
1081
1129
1082
1130
1083
1131
1084
1132
1085
1133
1086
1134
1087
1135
1088
1136
1089
1137
1090
1138
1091
1139
1092
1140
1093
1141
1094
1142
1095
1143
1096
1144
1097
1145
1098
1146
1099
1147
1100
1148
1101
1149
1102
1150
1103
1151
1104
1152
1105
1153
1106
1154
1107
1155
1108
1156
1109
1157
1110
1158
1111
1159
1112
1160
1113
1161
1114
1162
1115
1163
1116
1164
1117
1165
1118
1166
1119
1167
1120
1168
1121
1169
1122
1170
1123
1171
1124
1172
1125
1173
1126
1174
1175
8488
1128
1176
1129
1177
1130
1178
1131
1179
1132
1180
1133
1181
1134
1182
1135
1183
1136
1184
1137
1185
1138
1186
1139
1187
1140
1188
1141
1189
1142
1190
1143
1191
1144
1192
1145
1193
1146
1194
1147
1195
1148
1196
1149
1197
1150
1198
1151
1199
1152
1200
1153
1201
1154
1202
1155
1203
1156
1204
1157
1205
1158
1206
1159
1207
1160
1208
1161
1209
1162
1210
1163
1211
1164
1212
1165
1213
1166
1214
1167
1215
1168
1216
1169
1217
1170
1218
1171
1219
1172
1220
1173
1221
1174
1222
1175
1223
1224
7742
1177
1225
1178
1226
1179
1227
1180
1228
1181
1229
1182
1230
1183
1231
1184
1232
1185
1233
1186
1234
1187
1235
1188
1236
1189
1237
1190
1238
1191
1239
1192
1240
1193
1241
1194
1242
1195
1243
1196
1244
1197
1245
1198
1246
1199
1247
1200
1248
1201
1249
1202
1250
1203
1251
1204
1252
1205
1253
1206
1254
1207
1255
1208
1256
1209
1257
1210
1258
1211
1259
1212
1260
1213
1261
1214
1262
1215
1263
1216
1264
1217
1265
1218
1266
1219
1267
1220
1268
1221
1269
1222
1270
1223
1271
1224
1272
1273
9445
1226
1274
1227
1275
1228
1276
1229
1277
1230
1278
1231
1279
1232
1280
1233
1281
1234
1282
1235
1283
1236
1284
1237
1285
1238
1286
1239
1287
1240
1288
1241
1289
1242
1290
1243
1291
1244
1292
1245
1293
1246
1294
1247
1295
1248
1296
1249
1297
1250
1298
1251
1299
1252
1300
1253
1301
1254
1302
1255
1303
1256
1304
1257
1305
1258
1306
1259
1307
1260
1308
1261
1309
1262
1310
1263
1311
1264
1312
1265
1313
1266
1314
1267
1315
1268
1316
1269
1317
1270
1318
1271
1319
1272
1320
1273
1321
1322
9693
1275
1323
1276
1324
1277
1325
1278
1326
1279
1327
1280
1328
1281
1329
1282
1330
1283
1331
1284
1332
1285
1333
1286
1334
1287
1335
1288
1336
1289
1337
1290
1338
1291
1339
1292
1340
1293
1341
1294
1342
1295
1343
1296
1344
1297
1345
1298
1346
1299
1347
1300
1348
1301
1349
1302
1350
1303
1351
1304
1352
1305
1353
1306
1354
1307
1355
1308
1356
1309
1357
1310
1358
1311
1359
1312
1360
1313
1361
1314
1362
1315
1363
1316
1364
1317
1365
1318
1366
1319
1367
1320
1368
1321
1369
1322
1370
1371
6543
1324
1372
1325
1373
1326
1374
1327
1375
1328
1376
1329
1377
1330
1378
1331
1379
1332
1380
1333
1381
1334
1382
1335
1383
1336
1384
1337
1385
1338
1386
1339
1387
1340
1388
1341
1389
1342
1390
1343
1391
1344
1392
1345
1393
1346
1394
1347
1395
1348
1396
1349
1397
1350
1398
1351
1399
1352
1400
1353
1401
1354
1402
1355
1403
1356
1404
1357
1405
1358
1406
1359
1407
1360
1408
1361
1409
1362
1410
1363
1411
1364
1412
1365
1413
1366
1414
1367
1415
1368
1416
1369
1417
1370
1418
1371
1419
1420
9529
1373
1421
1374
1422
1375
1423
1376
1424
1377
1425
1378
1426
1379
1427
1380
1428
1381
1429
1382
1430
1383
1431
1384
1432
1385
1433
1386
1434
1387
1435
1388
1436
1389
1437
1390
1438
1391
1439
1392
1440
1393
1441
1394
1442
1395
1443
1396
1444
1397
1445
1398
1446
1399
1447
1400
1448
1401
1449
1402
1450
1403
1451
1404
1452
1405
1453
1406
1454
1407
1455
1408
1456
1409
1457
1410
1458
1411
1459
1412
1460
1413
1461
1414
1462
1415
1463
1416
1464
1417
1465
1418
1466
1419
1467
1420
1468
1469
6901
1422
1470
1423
1471
1424
1472
1425
1473
1426
1474
1427
1475
1428
1476
1429
1477
1430
1478
1431
1479
1432
1480
1433
1481
1434
1482
1435
1483
1436
1484
1437
1485
1438
1486
1439
1487
1440
1488
1441
1489
1442
1490
1443
1491
1444
1492
1445
1493
1446
1494
1447
1495
1448
1496
1449
1497
1450
1498
1451
1499
1452
1500
1453
1501
1454
1502
1455
1503
1456
1504
1457
1505
1458
1506
1459
1507
1460
1508
1461
1509
1462
1510
1463
1511
1464
1512
1465
1513
1466
1514
1467
1515
1468
1516
1469
1517
1518
9573
1471
1519
1472
1520
1473
1521
1474
1522
1475
1523
1476
1524
1477
1525
1478
1526
1479
1527
1480
1528
1481
1529
1482
1530
1483
1531
1484
1532
1485
1533
1486
1534
1487
1535
1488
1536
1489
1537
1490
1538
1491
1539
1492
1540
1493
1541
1494
1542
1495
1543
1496
1544
1497
1545
1498
1546
1499
1547
1500
1548
1501
1549
1502
1550
1503
1551
1504
1552
1505
1553
1506
1554
1507
1555
1508
1556
1509
1557
1510
1558
1511
1559
1512
1560
1513
1561
1514
1562
1515
1563
1516
1564
1517
1565
1518
1566
1567
7053
1520
1568
1521
1569
1522
1570
1523
1571
1524
1572
1525
1573
1526
1574
1527
1575
1528
1576
1529
1577
1530
1578
1531
1579
1532
1580
1533
1581
1534
1582
1535
1583
1536
1584
1537
1585
1538
1586
1539
1587
1540
1588
1541
1589
1542
1590
1543
1591
1544
1592
1545
1593
1546
1594
1547
1595
1548
1596
1549
1597
1550
1598
1551
1599
1552
1600
1553
1601
1554
1602
1555
1603
1556
1604
1557
1605
1558
1606
1559
1607
1560
1608
1561
1609
1562
1610
1563
1611
1564
1612
1565
1613
1566
1614
1567
1615
1616
6705
1569
1617
1570
1618
1571
1619
1572
1620
1573
1621
1574
1622
1575
1623
1576
1624
1577
1625
1578
1626
1579
1627
1580
1628
1581
1629
1582
1630
1583
1631
1584
1632
1585
1633
1586
1634
1587
1635
1588
1636
1589
1637
1590
1638
1591
1639
1592
1640
1593
1641
1594
1642
1595
1643
1596
1644
1597
1645
1598
1646
1599
1647
1600
1648
1601
1649
1602
1650
1603
1651
1604
1652
1605
1653
1606
1654
1607
1655
1608
1656
1609
1657
1610
1658
1611
1659
1612
1660
1613
1661
1614
1662
1615
1663
1616
1664
1665
8757
1618
1666
1619
1667
1620
1668
1621
1669
1622
1670
1623
1671
1624
1672
1625
1673
1626
1674
1627
1675
1628
1676
1629
1677
1630
1678
1631
1679
1632
1680
1633
1681
1634
1682
1635
1683
1636
1684
1637
1685
1638
1686
1639
1687
1640
1688
1641
1689
1642
1690
1643
1691
1644
1692
1645
1693
1646
1694
1647
1695
1648
1696
1649
1697
1650
1698
1651
1699
1652
1700
1653
1701
1654
1702
1655
1703
1656
1704
1657
1705
1658
1706
1659
1707
1660
1708
1661
1709
1662
1710
1663
1711
1664
1712
1665
1713
1714
8447
1667
1715
1668
1716
1669
1717
1670
1718
1671
1719
1672
1720
1673
1721
1674
1722
1675
1723
1676
1724
1677
1725
1678
1726
1679
1727
1680
1728
1681
1729
1682
1730
1683
1731
1684
1732
1685
1733
1686
1734
1687
1735
1688
1736
1689
1737
1690
1738
1691
1739
1692
1740
1693
1741
1694
1742
1695
1743
1696
1744
1697
1745
1698
1746
1699
1747
1700
1748
1701
1749
1702
1750
1703
1751
1704
1752
1705
1753
1706
1754
1707
1755
1708
1756
1709
1757
1710
1758
1711
1759
1712
1760
1713
1761
1714
1762
1763
8093
1716
1764
1717
1765
1718
1766
1719
1767
1720
1768
1721
1769
1722
1770
1723
1771
1724
1772
1725
1773
1726
1774
1727
1775
1728
1776
1729
1777
1730
1778
1731
1779
1732
1780
1733
1781
1734
1782
1735
1783
1736
1784
1737
1785
1738
1786
1739
1787
1740
1788
1741
1789
1742
1790
1743
1791
1744
1792
1745
1793
1746
1794
1747
1795
1748
1796
1749
1797
1750
1798
1751
1799
1752
1800
1753
1801
1754
1802
1755
1803
1756
1804
1757
1805
1758
1806
1759
1807
1760
1808
1761
1809
1762
1810
1763
1811
1812
6615
1765
1813
1766
1814
1767
1815
1768
1816
1769
1817
1770
1818
1771
1819
1772
1820
1773
1821
1774
1822
1775
1823
1776
1824
1777
1825
1778
1826
1779
1827
1780
1828
1781
1829
1782
1830
1783
1831
1784
1832
1785
1833
1786
1834
1787
1835
1788
1836
1789
1837
1790
1838
1791
1839
1792
1840
1793
1841
1794
1842
1795
1843
1796
1844
1797
1845
1798
1846
1799
1847
1800
1848
1801
1849
1802
1850
1803
1851
1804
1852
1805
1853
1806
1854
1807
1855
1808
1856
1809
1857
1810
1858
1811
1859
1812
1860
1861
9639
1814
1862
1815
1863
1816
1864
1817
1865
1818
1866
1819
1867
1820
1868
1821
1869
1822
1870
1823
1871
1824
1872
1825
1873
1826
1874
1827
1875
1828
1876
1829
1877
1830
1878
1831
1879
1832
1880
1833
1881
1834
1882
1835
1883
1836
1884
1837
1885
1838
1886
1839
1887
1840
1888
1841
1889
1842
1890
1843
1891
1844
1892
1845
1893
1846
1894
1847
1895
1848
1896
1849
1897
1850
1898
1851
1899
1852
1900
1853
1901
1854
1902
1855
1903
1856
1904
1857
1905
1858
1906
1859
1907
1860
1908
1861
1909
1910
9052
1863
1911
1864
1912
1865
1913
1866
1914
1867
1915
1868
1916
1869
1917
1870
1918
1871
1919
1872
1920
1873
1921
1874
1922
1875
1923
1876
1924
1877
1925
1878
1926
1879
1927
1880
1928
1881
1929
1882
1930
1883
1931
1884
1932
1885
1933
1886
1934
1887
1935
1888
1936
1889
1937
1890
1938
1891
1939
1892
1940
1893
1941
1894
1942
1895
1943
1896
1944
1897
1945
1898
1946
1899
1947
1900
1948
1901
1949
1902
1950
1903
1951
1904
1952
1905
1953
1906
1954
1907
1955
1908
1956
1909
1957
1910
1958
1959
8314
1912
1960
1913
1961
1914
1962
1915
1963
1916
1964
1917
1965
1918
1966
1919
1967
1920
1968
1921
1969
1922
1970
1923
1971
1924
1972
1925
1973
1926
1974
1927
1975
1928
1976
1929
1977
1930
1978
1931
1979
1932
1980
1933
1981
1934
1982
1935
1983
1936
1984
1937
1985
1938
1986
1939
1987
1940
1988
1941
1989
1942
1990
1943
1991
1944
1992
1945
1993
1946
1994
1947
1995
1948
1996
1949
1997
1950
1998
1951
1999
1952
2000
1953
2001
1954
2002
1955
2003
1956
2004
1957
2005
1958
2006
1959
2007
2008
8083
1961
2009
1962
2010
1963
2011
1964
2012
1965
2013
1966
2014
1967
2015
1968
2016
1969
2017
1970
2018
1971
2019
1972
2020
1973
2021
1974
2022
1975
2023
1976
2024
1977
2025
1978
2026
1979
2027
1980
2028
1981
2029
1982
2030
1983
2031
1984
2032
1985
2033
1986
2034
1987
2035
1988
2036
1989
2037
1990
2038
1991
2039
1992
2040
1993
2041
1994
2042
1995
2043
1996
2044
1997
2045
1998
2046
1999
2047
2000
2048
2001
2049
2002
2050
2003
2051
2004
2052
2005
2053
2006
2054
2007
2055
2008
2056
2057
7037
2010
2058
2011
2059
2012
2060
2013
2061
2014
2062
2015
2063
2016
2064
2017
2065
2018
2066
2019
2067
2020
2068
2021
2069
2022
2070
2023
2071
2024
2072
2025
2073
2026
2074
2027
2075
2028
2076
2029
2077
2030
2078
2031
2079
2032
2080
2033
2081
2034
2082
2035
2083
2036
2084
2037
2085
2038
2086
2039
2087
2040
2088
2041
2089
2042
2090
2043
2091
2044
2092
2045
2093
2046
2094
2047
2095
2048
2096
2049
2097
2050
2098
2051
2099
2052
2100
2053
2101
2054
2102
2055
2103
2056
2104
2057
2105
2106
8919
2059
2107
2060
2108
2061
2109
2062
2110
2063
2111
2064
2112
2065
2113
2066
2114
2067
2115
2068
2116
2069
2117
2070
2118
2071
2119
2072
2120
2073
2121
2074
2122
2075
2123
2076
2124
2077
2125
2078
2126
2079
2127
2080
2128
2081
2129
2082
2130
2083
2131
2084
2132
2085
2133
2086
2134
2087
2135
2088
2136
2089
2137
2090
2138
2091
2139
2092
2140
2093
2141
2094
2142
2095
2143
2096
2144
2097
2145
2098
2146
2099
2147
2100
2148
2101
2149
2102
2150
2103
2151
2104
2152
2105
2153
2106
2154
2155
9576
2108
2156
2109
2157
2110
2158
2111
2159
2112
2160
2113
2161
2114
2162
2115
2163
2116
2164
2117
2165
2118
2166
2119
2167
2120
2168
2121
2169
2122
2170
2123
2171
2124
2172
2125
2173
2126
2174
2127
2175
2128
2176
2129
2177
2130
2178
2131
2179
2132
2180
2133
2181
2134
2182
2135
2183
2136
2184
2137
2185
2138
2186
2139
2187
2140
2188
2141
2189
2142
2190
2143
2191
2144
2192
2145
2193
2146
2194
2147
2195
2148
2196
2149
2197
2150
2198
2151
2199
2152
2200
2153
2201
2154
2202
2155
2203
2204
9295
2157
2205
2158
2206
2159
2207
2160
2208
2161
2209
2162
2210
2163
2211
2164
2212
2165
2213
2166
2214
2167
2215
2168
2216
2169
2217
2170
2218
2171
2219
2172
2220
2173
2221
2174
2222
2175
2223
2176
2224
2177
2225
2178
2226
2179
2227
2180
2228
2181
2229
2182
2230
2183
2231
2184
2232
2185
2233
2186
2234
2187
2235
2188
2236
2189
2237
2190
2238
2191
2239
2192
2240
2193
2241
2194
2242
2195
2243
2196
2244
2197
2245
2198
2246
2199
2247
2200
2248
2201
2249
2202
2250
2203
2251
2204
2252
2253
8518
2206
2254
2207
2255
2208
2256
2209
2257
2210
2258
2211
2259
2212
2260
2213
2261
2214
2262
2215
2263
2216
2264
2217
2265
2218
2266
2219
2267
2220
2268
2221
2269
2222
2270
2223
2271
2224
2272
2225
2273
2226
2274
2227
2275
2228
2276
2229
2277
2230
2278
2231
2279
2232
2280
2233
2281
2234
2282
2235
2283
2236
2284
2237
2285
2238
2286
2239
2287
2240
2288
2241
2289
2242
2290
2243
2291
2244
2292
2245
2293
2246
2294
2247
2295
2248
2296
2249
2297
2250
2298
2251
2299
2252
2300
2253
2301
2302
7915
2255
2303
2256
2304
2257
2305
2258
2306
2259
2307
2260
2308
2261
2309
2262
2310
2263
2311
2264
2312
2265
2313
2266
2314
2267
2315
2268
2316
2269
2317
2270
2318
2271
2319
2272
2320
2273
2321
2274
2322
2275
2323
2276
2324
2277
2325
2278
2326
2279
2327
2280
2328
2281
2329
2282
2330
2283
2331
2284
2332
2285
2333
2286
2334
2287
2335
2288
2336
2289
2337
2290
2338
2291
2339
2292
2340
2293
2341
2294
2342
2295
2343
2296
2344
2297
2345
2298
2346
2299
2347
2300
2348
2301
2349
2302
2350
2351
9614
2304
2352
2305
2353
2306
2354
2307
2355
2308
2356
2309
2357
2310
2358
2311
2359
2312
2360
2313
2361
2314
2362
2315
2363
2316
2364
2317
2365
2318
2366
2319
2367
2320
2368
2321
2369
2322
2370
2323
2371
2324
2372
2325
2373
2326
2374
2327
2375
2328
2376
2329
2377
2330
2378
2331
2379
2332
2380
2333
2381
2334
2382
2335
2383
2336
2384
2337
2385
2338
2386
2339
2387
2340
2388
2341
2389
2342
2390
2343
2391
2344
2392
2345
2393
2346
2394
2347
2395
2348
2396
2349
2397
2350
2398
2351
2399
2400
6888
2353
4745
2354
4746
2355
4747
2356
4748
2357
4749
2358
4750
2359
4751
2360
4752
2361
4753
2362
4754
2363
4755
2364
4756
2365
4757
2366
4758
2367
4759
2368
4760
2369
4761
2370
4762
2371
4763
2372
4764
2373
4765
2374
4766
2375
4767
2376
4768
2377
4769
2378
4770
2379
4771
2380
4772
2381
4773
2382
4774
2383
4775
2384
4776
2385
4777
2386
4778
2387
4779
2388
4780
2389
4781
2390
4782
2391
4783
2392
4784
2393
4785
2394
4786
2395
4787
2396
4788
2397
4789
2398
4790
2399
4791
2400
4792
4793
7129
2402
2450
2403
2451
2404
2452
2405
2453
2406
2454
2407
2455
2408
2456
2409
2457
2410
2458
2411
2459
2412
2460
2413
2461
2414
2462
2415
2463
2416
2464
2417
2465
2418
2466
2419
2467
2420
2468
2421
2469
2422
2470
2423
2471
2424
2472
2425
2473
2426
2474
2427
2475
2428
2476
2429
2477
2430
2478
2431
2479
2432
2480
2433
2481
2434
2482
2435
2483
2436
2484
2437
2485
2438
2486
2439
2487
2440
2488
2441
2489
2442
2490
2443
2491
2444
2492
2445
2493
2446
2494
2447
2495
2448
2496
2449
2497
2498
9152
2451
2499
2452
2500
2453
2501
2454
2502
2455
2503
2456
2504
2457
2505
2458
2506
2459
2507
2460
2508
2461
2509
2462
2510
2463
2511
2464
2512
2465
2513
2466
2514
2467
2515
2468
2516
2469
2517
2470
2518
2471
2519
2472
2520
2473
2521
2474
2522
2475
2523
2476
2524
2477
2525
2478
2526
2479
2527
2480
2528
2481
2529
2482
2530
2483
2531
2484
2532
2485
2533
2486
2534
2487
2535
2488
2536
2489
2537
2490
2538
2491
2539
2492
2540
2493
2541
2494
2542
2495
2543
2496
2544
2497
2545
2498
2546
2547
7391
2500
2548
2501
2549
2502
2550
2503
2551
2504
2552
2505
2553
2506
2554
2507
2555
2508
2556
2509
2557
2510
2558
2511
2559
2512
2560
2513
2561
2514
2562
2515
2563
2516
2564
2517
2565
2518
2566
2519
2567
2520
2568
2521
2569
2522
2570
2523
2571
2524
2572
2525
2573
2526
2574
2527
2575
2528
2576
2529
2577
2530
2578
2531
2579
2532
2580
2533
2581
2534
2582
2535
2583
2536
2584
2537
2585
2538
2586
2539
2587
2540
2588
2541
2589
2542
2590
2543
2591
2544
2592
2545
2593
2546
2594
2547
2595
2596
7913
2549
2597
2550
2598
2551
2599
2552
2600
2553
2601
2554
2602
2555
2603
2556
2604
2557
2605
2558
2606
2559
2607
2560
2608
2561
2609
2562
2610
2563
2611
2564
2612
2565
2613
2566
2614
2567
2615
2568
2616
2569
2617
2570
2618
2571
2619
2572
2620
2573
2621
2574
2622
2575
2623
2576
2624
2577
2625
2578
2626
2579
2627
2580
2628
2581
2629
2582
2630
2583
2631
2584
2632
2585
2633
2586
2634
2587
2635
2588
2636
2589
2637
2590
2638
2591
2639
2592
2640
2593
2641
2594
2642
2595
2643
2596
2644
2645
8843
2598
2646
2599
2647
2600
2648
2601
2649
2602
2650
2603
2651
2604
2652
2605
2653
2606
2654
2607
2655
2608
2656
2609
2657
2610
2658
2611
2659
2612
2660
2613
2661
2614
2662
2615
2663
2616
2664
2617
2665
2618
2666
2619
2667
2620
2668
2621
2669
2622
2670
2623
2671
2624
2672
2625
2673
2626
2674
2627
2675
2628
2676
2629
2677
2630
2678
2631
2679
2632
2680
2633
2681
2634
2682
2635
2683
2636
2684
2637
2685
2638
2686
2639
2687
2640
2688
2641
2689
2642
2690
2643
2691
2644
2692
2645
2693
2694
7409
2647
2695
2648
2696
2649
2697
2650
2698
2651
2699
2652
2700
2653
2701
2654
2702
2655
2703
2656
2704
2657
2705
2658
2706
2659
2707
2660
2708
2661
2709
2662
2710
2663
2711
2664
2712
2665
2713
2666
2714
2667
2715
2668
2716
2669
2717
2670
2718
2671
2719
2672
2720
2673
2721
2674
2722
2675
2723
2676
2724
2677
2725
2678
2726
2679
2727
2680
2728
2681
2729
2682
2730
2683
2731
2684
2732
2685
2733
2686
2734
2687
2735
2688
2736
2689
2737
2690
2738
2691
2739
2692
2740
2693
2741
2694
2742
2743
9393
2696
2744
2697
2745
2698
2746
2699
2747
2700
2748
2701
2749
2702
2750
2703
2751
2704
2752
2705
2753
2706
2754
2707
2755
2708
2756
2709
2757
2710
2758
2711
2759
2712
2760
2713
2761
2714
2762
2715
2763
2716
2764
2717
2765
2718
2766
2719
2767
2720
2768
2721
2769
2722
2770
2723
2771
2724
2772
2725
2773
2726
2774
2727
2775
2728
2776
2729
2777
2730
2778
2731
2779
2732
2780
2733
2781
2734
2782
2735
2783
2736
2784
2737
2785
2738
2786
2739
2787
2740
2788
2741
2789
2742
2790
2743
2791
2792
7523
2745
2793
2746
2794
2747
2795
2748
2796
2749
2797
2750
2798
2751
2799
2752
2800
2753
2801
2754
2802
2755
2803
2756
2804
2757
2805
2758
2806
2759
2807
2760
2808
2761
2809
2762
2810
2763
2811
2764
2812
2765
2813
2766
2814
2767
2815
2768
2816
2769
2817
2770
2818
2771
2819
2772
2820
2773
2821
2774
2822
2775
2823
2776
2824
2777
2825
2778
2826
2779
2827
2780
2828
2781
2829
2782
2830
2783
2831
2784
2832
2785
2833
2786
2834
2787
2835
2788
2836
2789
2837
2790
2838
2791
2839
2792
2840
2841
8538
2794
2842
2795
2843
2796
2844
2797
2845
2798
2846
2799
2847
2800
2848
2801
2849
2802
2850
2803
2851
2804
2852
2805
2853
2806
2854
2807
2855
2808
2856
2809
2857
2810
2858
2811
2859
2812
2860
2813
2861
2814
2862
2815
2863
2816
2864
2817
2865
2818
2866
2819
2867
2820
2868
2821
2869
2822
2870
2823
2871
2824
2872
2825
2873
2826
2874
2827
2875
2828
2876
2829
2877
2830
2878
2831
2879
2832
2880
2833
2881
2834
2882
2835
2883
2836
2884
2837
2885
2838
2886
2839
2887
2840
2888
2841
2889
2890
8149
2843
2891
2844
2892
2845
2893
2846
2894
2847
2895
2848
2896
2849
2897
2850
2898
2851
2899
2852
2900
2853
2901
2854
2902
2855
2903
2856
2904
2857
2905
2858
2906
2859
2907
2860
2908
2861
2909
2862
2910
2863
2911
2864
2912
2865
2913
2866
2914
2867
2915
2868
2916
2869
2917
2870
2918
2871
2919
2872
2920
2873
2921
2874
2922
2875
2923
2876
2924
2877
2925
2878
2926
2879
2927
2880
2928
2881
2929
2882
2930
2883
2931
2884
2932
2885
2933
2886
2934
2887
2935
2888
2936
2889
2937
2890
2938
2939
9124
2892
2940
2893
2941
2894
2942
2895
2943
2896
2944
2897
2945
2898
2946
2899
2947
2900
2948
2901
2949
2902
2950
2903
2951
2904
2952
2905
2953
2906
2954
2907
2955
2908
2956
2909
2957
2910
2958
2911
2959
2912
2960
2913
2961
2914
2962
2915
2963
2916
2964
2917
2965
2918
2966
2919
2967
2920
2968
2921
2969
2922
2970
2923
2971
2924
2972
2925
2973
2926
2974
2927
2975
2928
2976
2929
2977
2930
2978
2931
2979
2932
2980
2933
2981
2934
2982
2935
2983
2936
2984
2937
2985
2938
2986
2939
2987
2988
6971
2941
2989
2942
2990
2943
2991
2944
2992
2945
2993
2946
2994
2947
2995
2948
2996
2949
2997
2950
2998
2951
2999
2952
3000
2953
3001
2954
3002
2955
3003
2956
3004
2957
3005
2958
3006
2959
3007
2960
3008
2961
3009
2962
3010
2963
3011
2964
3012
2965
3013
2966
3014
2967
3015
2968
3016
2969
3017
2970
3018
2971
3019
2972
3020
2973
3021
2974
3022
2975
3023
2976
3024
2977
3025
2978
3026
2979
3027
2980
3028
2981
3029
2982
3030
2983
3031
2984
3032
2985
3033
2986
3034
2987
3035
2988
3036
3037
9560
2990
3038
2991
3039
2992
3040
2993
3041
2994
3042
2995
3043
2996
3044
2997
3045
2998
3046
2999
3047
3000
3048
3001
3049
3002
3050
3003
3051
3004
3052
3005
3053
3006
3054
3007
3055
3008
3056
3009
3057
3010
3058
3011
3059
3012
3060
3013
3061
3014
3062
3015
3063
3016
3064
3017
3065
3018
3066
3019
3067
3020
3068
3021
3069
3022
3070
3023
3071
3024
3072
3025
3073
3026
3074
3027
3075
3028
3076
3029
3077
3030
3078
3031
3079
3032
3080
3033
3081
3034
3082
3035
3083
3036
3084
3037
3085
3086
7553
3039
3087
3040
3088
3041
3089
3042
3090
3043
3091
3044
3092
3045
3093
3046
3094
3047
3095
3048
3096
3049
3097
3050
3098
3051
3099
3052
3100
3053
3101
3054
3102
3055
3103
3056
3104
3057
3105
3058
3106
3059
3107
3060
3108
3061
3109
3062
3110
3063
3111
3064
3112
3065
3113
3066
3114
3067
3115
3068
3116
3069
3117
3070
3118
3071
3119
3072
3120
3073
3121
3074
3122
3075
3123
3076
3124
3077
3125
3078
3126
3079
3127
3080
3128
3081
3129
3082
3130
3083
3131
3084
3132
3085
3133
3086
3134
3135
9399
3088
3136
3089
3137
3090
3138
3091
3139
3092
3140
3093
3141
3094
3142
3095
3143
3096
3144
3097
3145
3098
3146
3099
3147
3100
3148
3101
3149
3102
3150
3103
3151
3104
3152
3105
3153
3106
3154
3107
3155
3108
3156
3109
3157
3110
3158
3111
3159
3112
3160
3113
3161
3114
3162
3115
3163
3116
3164
3117
3165
3118
3166
3119
3167
3120
3168
3121
3169
3122
3170
3123
3171
3124
3172
3125
3173
3126
3174
3127
3175
3128
3176
3129
3177
3130
3178
3131
3179
3132
3180
3133
3181
3134
3182
3135
3183
3184
8248
3137
3185
3138
3186
3139
3187
3140
3188
3141
3189
3142
3190
3143
3191
3144
3192
3145
3193
3146
3194
3147
3195
3148
3196
3149
3197
3150
3198
3151
3199
3152
3200
3153
3201
3154
3202
3155
3203
3156
3204
3157
3205
3158
3206
3159
3207
3160
3208
3161
3209
3162
3210
3163
3211
3164
3212
3165
3213
3166
3214
3167
3215
3168
3216
3169
3217
3170
3218
3171
3219
3172
3220
3173
3221
3174
3222
3175
3223
3176
3224
3177
3225
3178
3226
3179
3227
3180
3228
3181
3229
3182
3230
3183
3231
3184
3232
3233
8115
3186
3234
3187
3235
3188
3236
3189
3237
3190
3238
3191
3239
3192
3240
3193
3241
3194
3242
3195
3243
3196
3244
3197
3245
3198
3246
3199
3247
3200
3248
3201
3249
3202
3250
3203
3251
3204
3252
3205
3253
3206
3254
3207
3255
3208
3256
3209
3257
3210
3258
3211
3259
3212
3260
3213
3261
3214
3262
3215
3263
3216
3264
3217
3265
3218
3266
3219
3267
3220
3268
3221
3269
3222
3270
3223
3271
3224
3272
3225
3273
3226
3274
3227
3275
3228
3276
3229
3277
3230
3278
3231
3279
3232
3280
3233
3281
3282
6908
3235
3283
3236
3284
3237
3285
3238
3286
3239
3287
3240
3288
3241
3289
3242
3290
3243
3291
3244
3292
3245
3293
3246
3294
3247
3295
3248
3296
3249
3297
3250
3298
3251
3299
3252
3300
3253
3301
3254
3302
3255
3303
3256
3304
3257
3305
3258
3306
3259
3307
3260
3308
3261
3309
3262
3310
3263
3311
3264
3312
3265
3313
3266
3314
3267
3315
3268
3316
3269
3317
3270
3318
3271
3319
3272
3320
3273
3321
3274
3322
3275
3323
3276
3324
3277
3325
3278
3326
3279
3327
3280
3328
3281
3329
3282
3330
3331
8500
3284
3332
3285
3333
3286
3334
3287
3335
3288
3336
3289
3337
3290
3338
3291
3339
3292
3340
3293
3341
3294
3342
3295
3343
3296
3344
3297
3345
3298
3346
3299
3347
3300
3348
3301
3349
3302
3350
3303
3351
3304
3352
3305
3353
3306
3354
3307
3355
3308
3356
3309
3357
3310
3358
3311
3359
3312
3360
3313
3361
3314
3362
3315
3363
3316
3364
3317
3365
3318
3366
3319
3367
3320
3368
3321
3369
3322
3370
3323
3371
3324
3372
3325
3373
3326
3374
3327
3375
3328
3376
3329
3377
3330
3378
3331
3379
3380
8345
3333
3381
3334
3382
3335
3383
3336
3384
3337
3385
3338
3386
3339
3387
3340
3388
3341
3389
3342
3390
3343
3391
3344
3392
3345
3393
3346
3394
3347
3395
3348
3396
3349
3397
3350
3398
3351
3399
3352
3400
3353
3401
3354
3402
3355
3403
3356
3404
3357
3405
3358
3406
3359
3407
3360
3408
3361
3409
3362
3410
3363
3411
3364
3412
3365
3413
3366
3414
3367
3415
3368
3416
3369
3417
3370
3418
3371
3419
3372
3420
3373
3421
3374
3422
3375
3423
3376
3424
3377
3425
3378
3426
3379
3427
3380
3428
3429
9429
3382
3430
3383
3431
3384
3432
3385
3433
3386
3434
3387
3435
3388
3436
3389
3437
3390
3438
3391
3439
3392
3440
3393
3441
3394
3442
3395
3443
3396
3444
3397
3445
3398
3446
3399
3447
3400
3448
3401
3449
3402
3450
3403
3451
3404
3452
3405
3453
3406
3454
3407
3455
3408
3456
3409
3457
3410
3458
3411
3459
3412
3460
3413
3461
3414
3462
3415
3463
3416
3464
3417
3465
3418
3466
3419
3467
3420
3468
3421
3469
3422
3470
3423
3471
3424
3472
3425
3473
3426
3474
3427
3475
3428
3476
3429
3477
3478
7245
3431
3479
3432
3480
3433
3481
3434
3482
3435
3483
3436
3484
3437
3485
3438
3486
3439
3487
3440
3488
3441
3489
3442
3490
3443
3491
3444
3492
3445
3493
3446
3494
3447
3495
3448
3496
3449
3497
3450
3498
3451
3499
3452
3500
3453
3501
3454
3502
3455
3503
3456
3504
3457
3505
3458
3506
3459
3507
3460
3508
3461
3509
3462
3510
3463
3511
3464
3512
3465
3513
3466
3514
3467
3515
3468
3516
3469
3517
3470
3518
3471
3519
3472
3520
3473
3521
3474
3522
3475
3523
3476
3524
3477
3525
3478
3526
3527
8769
3480
3528
3481
3529
3482
3530
3483
3531
3484
3532
3485
3533
3486
3534
3487
3535
3488
3536
3489
3537
3490
3538
3491
3539
3492
3540
3493
3541
3494
3542
3495
3543
3496
3544
3497
3545
3498
3546
3499
3547
3500
3548
3501
3549
3502
3550
3503
3551
3504
3552
3505
3553
3506
3554
3507
3555
3508
3556
3509
3557
3510
3558
3511
3559
3512
3560
3513
3561
3514
3562
3515
3563
3516
3564
3517
3565
3518
3566
3519
3567
3520
3568
3521
3569
3522
3570
3523
3571
3524
3572
3525
3573
3526
3574
3527
3575
3576
9223
3529
3577
3530
3578
3531
3579
3532
3580
3533
3581
3534
3582
3535
3583
3536
3584
3537
3585
3538
3586
3539
3587
3540
3588
3541
3589
3542
3590
3543
3591
3544
3592
3545
3593
3546
3594
3547
3595
3548
3596
3549
3597
3550
3598
3551
3599
3552
3600
3553
3601
3554
3602
3555
3603
3556
3604
3557
3605
3558
3606
3559
3607
3560
3608
3561
3609
3562
3610
3563
3611
3564
3612
3565
3613
3566
3614
3567
3615
3568
3616
3569
3617
3570
3618
3571
3619
3572
3620
3573
3621
3574
3622
3575
3623
3576
3624
3625
7633
3578
3626
3579
3627
3580
3628
3581
3629
3582
3630
3583
3631
3584
3632
3585
3633
3586
3634
3587
3635
3588
3636
3589
3637
3590
3638
3591
3639
3592
3640
3593
3641
3594
3642
3595
3643
3596
3644
3597
3645
3598
3646
3599
3647
3600
3648
3601
3649
3602
3650
3603
3651
3604
3652
3605
3653
3606
3654
3607
3655
3608
3656
3609
3657
3610
3658
3611
3659
3612
3660
3613
3661
3614
3662
3615
3663
3616
3664
3617
3665
3618
3666
3619
3667
3620
3668
3621
3669
3622
3670
3623
3671
3624
3672
3625
3673
3674
6666
3627
3675
3628
3676
3629
3677
3630
3678
3631
3679
3632
3680
3633
3681
3634
3682
3635
3683
3636
3684
3637
3685
3638
3686
3639
3687
3640
3688
3641
3689
3642
3690
3643
3691
3644
3692
3645
3693
3646
3694
3647
3695
3648
3696
3649
3697
3650
3698
3651
3699
3652
3700
3653
3701
3654
3702
3655
3703
3656
3704
3657
3705
3658
3706
3659
3707
3660
3708
3661
3709
3662
3710
3663
3711
3664
3712
3665
3713
3666
3714
3667
3715
3668
3716
3669
3717
3670
3718
3671
3719
3672
3720
3673
3721
3674
3722
3723
8168
3676
3724
3677
3725
3678
3726
3679
3727
3680
3728
3681
3729
3682
3730
3683
3731
3684
3732
3685
3733
3686
3734
3687
3735
3688
3736
3689
3737
3690
3738
3691
3739
3692
3740
3693
3741
3694
3742
3695
3743
3696
3744
3697
3745
3698
3746
3699
3747
3700
3748
3701
3749
3702
3750
3703
3751
3704
3752
3705
3753
3706
3754
3707
3755
3708
3756
3709
3757
3710
3758
3711
3759
3712
3760
3713
3761
3714
3762
3715
3763
3716
3764
3717
3765
3718
3766
3719
3767
3720
3768
3721
3769
3722
3770
3723
3771
3772
6697
3725
3773
3726
3774
3727
3775
3728
3776
3729
3777
3730
3778
3731
3779
3732
3780
3733
3781
3734
3782
3735
3783
3736
3784
3737
3785
3738
3786
3739
3787
3740
3788
3741
3789
3742
3790
3743
3791
3744
3792
3745
3793
3746
3794
3747
3795
3748
3796
3749
3797
3750
3798
3751
3799
3752
3800
3753
3801
3754
3802
3755
3803
3756
3804
3757
3805
3758
3806
3759
3807
3760
3808
3761
3809
3762
3810
3763
3811
3764
3812
3765
3813
3766
3814
3767
3815
3768
3816
3769
3817
3770
3818
3771
3819
3772
3820
3821
9259
3774
3822
3775
3823
3776
3824
3777
3825
3778
3826
3779
3827
3780
3828
3781
3829
3782
3830
3783
3831
3784
3832
3785
3833
3786
3834
3787
3835
3788
3836
3789
3837
3790
3838
3791
3839
3792
3840
3793
3841
3794
3842
3795
3843
3796
3844
3797
3845
3798
3846
3799
3847
3800
3848
3801
3849
3802
3850
3803
3851
3804
3852
3805
3853
3806
3854
3807
3855
3808
3856
3809
3857
3810
3858
3811
3859
3812
3860
3813
3861
3814
3862
3815
3863
3816
3864
3817
3865
3818
3866
3819
3867
3820
3868
3821
3869
3870
7869
3823
3871
3824
3872
3825
3873
3826
3874
3827
3875
3828
3876
3829
3877
3830
3878
3831
3879
3832
3880
3833
3881
3834
3882
3835
3883
3836
3884
3837
3885
3838
3886
3839
3887
3840
3888
3841
3889
3842
3890
3843
3891
3844
3892
3845
3893
3846
3894
3847
3895
3848
3896
3849
3897
3850
3898
3851
3899
3852
3900
3853
3901
3854
3902
3855
3903
3856
3904
3857
3905
3858
3906
3859
3907
3860
3908
3861
3909
3862
3910
3863
3911
3864
3912
3865
3913
3866
3914
3867
3915
3868
3916
3869
3917
3870
3918
3919
8602
3872
3920
3873
3921
3874
3922
3875
3923
3876
3924
3877
3925
3878
3926
3879
3927
3880
3928
3881
3929
3882
3930
3883
3931
3884
3932
3885
3933
3886
3934
3887
3935
3888
3936
3889
3937
3890
3938
3891
3939
3892
3940
3893
3941
3894
3942
3895
3943
3896
3944
3897
3945
3898
3946
3899
3947
3900
3948
3901
3949
3902
3950
3903
3951
3904
3952
3905
3953
3906
3954
3907
3955
3908
3956
3909
3957
3910
3958
3911
3959
3912
3960
3913
3961
3914
3962
3915
3963
3916
3964
3917
3965
3918
3966
3919
3967
3968
8354
3921
3969
3922
3970
3923
3971
3924
3972
3925
3973
3926
3974
3927
3975
3928
3976
3929
3977
3930
3978
3931
3979
3932
3980
3933
3981
3934
3982
3935
3983
3936
3984
3937
3985
3938
3986
3939
3987
3940
3988
3941
3989
3942
3990
3943
3991
3944
3992
3945
3993
3946
3994
3947
3995
3948
3996
3949
3997
3950
3998
3951
3999
3952
4000
3953
4001
3954
4002
3955
4003
3956
4004
3957
4005
3958
4006
3959
4007
3960
4008
3961
4009
3962
4010
3963
4011
3964
4012
3965
4013
3966
4014
3967
4015
3968
4016
4017
8514
3970
4018
3971
4019
3972
4020
3973
4021
3974
4022
3975
4023
3976
4024
3977
4025
3978
4026
3979
4027
3980
4028
3981
4029
3982
4030
3983
4031
3984
4032
3985
4033
3986
4034
3987
4035
3988
4036
3989
4037
3990
4038
3991
4039
3992
4040
3993
4041
3994
4042
3995
4043
3996
4044
3997
4045
3998
4046
3999
4047
4000
4048
4001
4049
4002
4050
4003
4051
4004
4052
4005
4053
4006
4054
4007
4055
4008
4056
4009
4057
4010
4058
4011
4059
4012
4060
4013
4061
4014
4062
4015
4063
4016
4064
4017
4065
4066
6937
4019
4067
4020
4068
4021
4069
4022
4070
4023
4071
4024
4072
4025
4073
4026
4074
4027
4075
4028
4076
4029
4077
4030
4078
4031
4079
4032
4080
4033
4081
4034
4082
4035
4083
4036
4084
4037
4085
4038
4086
4039
4087
4040
4088
4041
4089
4042
4090
4043
4091
4044
4092
4045
4093
4046
4094
4047
4095
4048
4096
4049
4097
4050
4098
4051
4099
4052
4100
4053
4101
4054
4102
4055
4103
4056
4104
4057
4105
4058
4106
4059
4107
4060
4108
4061
4109
4062
4110
4063
4111
4064
4112
4065
4113
4066
4114
4115
8130
4068
4116
4069
4117
4070
4118
4071
4119
4072
4120
4073
4121
4074
4122
4075
4123
4076
4124
4077
4125
4078
4126
4079
4127
4080
4128
4081
4129
4082
4130
4083
4131
4084
4132
4085
4133
4086
4134
4087
4135
4088
4136
4089
4137
4090
4138
4091
4139
4092
4140
4093
4141
4094
4142
4095
4143
4096
4144
4097
4145
4098
4146
4099
4147
4100
4148
4101
4149
4102
4150
4103
4151
4104
4152
4105
4153
4106
4154
4107
4155
4108
4156
4109
4157
4110
4158
4111
4159
4112
4160
4113
4161
4114
4162
4115
4163
4164
8270
4117
4165
4118
4166
4119
4167
4120
4168
4121
4169
4122
4170
4123
4171
4124
4172
4125
4173
4126
4174
4127
4175
4128
4176
4129
4177
4130
4178
4131
4179
4132
4180
4133
4181
4134
4182
4135
4183
4136
4184
4137
4185
4138
4186
4139
4187
4140
4188
4141
4189
4142
4190
4143
4191
4144
4192
4145
4193
4146
4194
4147
4195
4148
4196
4149
4197
4150
4198
4151
4199
4152
4200
4153
4201
4154
4202
4155
4203
4156
4204
4157
4205
4158
4206
4159
4207
4160
4208
4161
4209
4162
4210
4163
4211
4164
4212
4213
9451
4166
4214
4167
4215
4168
4216
4169
4217
4170
4218
4171
4219
4172
4220
4173
4221
4174
4222
4175
4223
4176
4224
4177
4225
4178
4226
4179
4227
4180
4228
4181
4229
4182
4230
4183
4231
4184
4232
4185
4233
4186
4234
4187
4235
4188
4236
4189
4237
4190
4238
4191
4239
4192
4240
4193
4241
4194
4242
4195
4243
4196
4244
4197
4245
4198
4246
4199
4247
4200
4248
4201
4249
4202
4250
4203
4251
4204
4252
4205
4253
4206
4254
4207
4255
4208
4256
4209
4257
4210
4258
4211
4259
4212
4260
4213
4261
4262
7746
4215
4263
4216
4264
4217
4265
4218
4266
4219
4267
4220
4268
4221
4269
4222
4270
4223
4271
4224
4272
4225
4273
4226
4274
4227
4275
4228
4276
4229
4277
4230
4278
4231
4279
4232
4280
4233
4281
4234
4282
4235
4283
4236
4284
4237
4285
4238
4286
4239
4287
4240
4288
4241
4289
4242
4290
4243
4291
4244
4292
4245
4293
4246
4294
4247
4295
4248
4296
4249
4297
4250
4298
4251
4299
4252
4300
4253
4301
4254
4302
4255
4303
4256
4304
4257
4305
4258
4306
4259
4307
4260
4308
4261
4309
4262
4310
4311
9564
4264
4312
4265
4313
4266
4314
4267
4315
4268
4316
4269
4317
4270
4318
4271
4319
4272
4320
4273
4321
4274
4322
4275
4323
4276
4324
4277
4325
4278
4326
4279
4327
4280
4328
4281
4329
4282
4330
4283
4331
4284
4332
4285
4333
4286
4334
4287
4335
4288
4336
4289
4337
4290
4338
4291
4339
4292
4340
4293
4341
4294
4342
4295
4343
4296
4344
4297
4345
4298
4346
4299
4347
4300
4348
4301
4349
4302
4350
4303
4351
4304
4352
4305
4353
4306
4354
4307
4355
4308
4356
4309
4357
4310
4358
4311
4359
4360
4313
4361
4314
4362
4315
4363
4316
4364
4317
4365
4318
4366
4319
4367
4320
4368
4321
4369
4322
4370
4323
4371
4324
4372
4325
4373
4326
4374
4327
4375
4328
4376
4329
4377
4330
4378
4331
4379
4332
4380
4333
4381
4334
4382
4335
4383
4336
4384
4337
4385
4338
4386
4339
4387
4340
4388
4341
4389
4342
4390
4343
4391
4344
4392
4345
4393
4346
4394
4347
4395
4348
4396
4349
4397
4350
4398
4351
4399
4352
4400
4353
4401
4354
4402
4355
4403
4356
4404
4357
4405
4358
4406
4359
4407
4360
4408
4362
4409
4363
4410
4364
4411
4365
4412
4366
4413
4367
4414
4368
4415
4369
4416
4370
4417
4371
4418
4372
4419
4373
4420
4374
4421
4375
4422
4376
4423
4377
4424
4378
4425
4379
4426
4380
4427
4381
4428
4382
4429
4383
4430
4384
4431
4385
4432
4386
4433
4387
4434
4388
4435
4389
4436
4390
4437
4391
4438
4392
4439
4393
4440
4394
4441
4395
4442
4396
4443
4397
4444
4398
4445
4399
4446
4400
4447
4401
4448
4402
4449
4403
4450
4404
4451
4405
4452
4406
4453
4407
4454
4408
4455
4456
4410
4457
4411
4458
4412
4459
4413
4460
4414
4461
4415
4462
4416
4463
4417
4464
4418
4465
4419
4466
4420
4467
4421
4468
4422
4469
4423
4470
4424
4471
4425
4472
4426
4473
4427
4474
4428
4475
4429
4476
4430
4477
4431
4478
4432
4479
4433
4480
4434
4481
4435
4482
4436
4483
4437
4484
4438
4485
4439
4486
4440
4487
4441
4488
4442
4489
4443
4490
4444
4491
4445
4492
4446
4493
4447
4494
4448
4495
4449
4496
4450
4497
4451
4498
4452
4499
4453
4500
4454
4501
4455
4502
4456
4503
4504
4458
4505
4459
4506
4460
4507
4461
4508
4462
4509
4463
4510
4464
4511
4465
4512
4466
4513
4467
4514
4468
4515
4469
4516
4470
4517
4471
4518
4472
4519
4473
4520
4474
4521
4475
4522
4476
4523
4477
4524
4478
4525
4479
4526
4480
4527
4481
4528
4482
4529
4483
4530
4484
4531
4485
4532
4486
4533
4487
4534
4488
4535
4489
4536
4490
4537
4491
4538
4492
4539
4493
4540
4494
4541
4495
4542
4496
4543
4497
4544
4498
4545
4499
4546
4500
4547
4501
4548
4502
4549
4503
4550
4504
4551
4552
4506
4553
4507
4554
4508
4555
4509
4556
4510
4557
4511
4558
4512
4559
4513
4560
4514
4561
4515
4562
4516
4563
4517
4564
4518
4565
4519
4566
4520
4567
4521
4568
4522
4569
4523
4570
4524
4571
4525
4572
4526
4573
4527
4574
4528
4575
4529
4576
4530
4577
4531
4578
4532
4579
4533
4580
4534
4581
4535
4582
4536
4583
4537
4584
4538
4585
4539
4586
4540
4587
4541
4588
4542
4589
4543
4590
4544
4591
4545
4592
4546
4593
4547
4594
4548
4595
4549
4596
4550
4597
4551
4598
4552
4599
4600
4554
4601
4555
4602
4556
4603
4557
4604
4558
4605
4559
4606
4560
4607
4561
4608
4562
4609
4563
4610
4564
4611
4565
4612
4566
4613
4567
4614
4568
4615
4569
4616
4570
4617
4571
4618
4572
4619
4573
4620
4574
4621
4575
4622
4576
4623
4577
4624
4578
4625
4579
4626
4580
4627
4581
4628
4582
4629
4583
4630
4584
4631
4585
4632
4586
4633
4587
4634
4588
4635
4589
4636
4590
4637
4591
4638
4592
4639
4593
4640
4594
4641
4595
4642
4596
4643
4597
4644
4598
4645
4599
4646
4600
4647
4648
4602
4649
4603
4650
4604
4651
4605
4652
4606
4653
4607
4654
4608
4655
4609
4656
4610
4657
4611
4658
4612
4659
4613
4660
4614
4661
4615
4662
4616
4663
4617
4664
4618
4665
4619
4666
4620
4667
4621
4668
4622
4669
4623
4670
4624
4671
4625
4672
4626
4673
4627
4674
4628
4675
4629
4676
4630
4677
4631
4678
4632
4679
4633
4680
4634
4681
4635
4682
4636
4683
4637
4684
4638
4685
4639
4686
4640
4687
4641
4688
4642
4689
4643
4690
4644
4691
4645
4692
4646
4693
4647
4694
4648
4695
4696
4650
4697
4651
4698
4652
4699
4653
4700
4654
4701
4655
4702
4656
4703
4657
4704
4658
4705
4659
4706
4660
4707
4661
4708
4662
4709
4663
4710
4664
4711
4665
4712
4666
4713
4667
4714
4668
4715
4669
4716
4670
4717
4671
4718
4672
4719
4673
4720
4674
4721
4675
4722
4676
4723
4677
4724
4678
4725
4679
4726
4680
4727
4681
4728
4682
4729
4683
4730
4684
4731
4685
4732
4686
4733
4687
4734
4688
4735
4689
4736
4690
4737
4691
4738
4692
4739
4693
4740
4694
4741
4695
4742
4696
4743
4744
4698
4745
4699
4746
4700
4747
4701
4748
4702
4749
4703
4750
4704
4751
4705
4752
4706
4753
4707
4754
4708
4755
4709
4756
4710
4757
4711
4758
4712
4759
4713
4760
4714
4761
4715
4762
4716
4763
4717
4764
4718
4765
4719
4766
4720
4767
4721
4768
4722
4769
4723
4770
4724
4771
4725
4772
4726
4773
4727
4774
4728
4775
4729
4776
4730
4777
4731
4778
4732
4779
4733
4780
4734
4781
4735
4782
4736
4783
4737
4784
4738
4785
4739
4786
4740
4787
4741
4788
4742
4789
4743
4790
4744
4791
4792
4746
4747
4748
4749
4750
4751
4752
4753
4754
4755
4756
4757
4758
4759
4760
4761
4762
4763
4764
4765
4766
4767
4768
4769
4770
4771
4772
4773
4774
4775
4776
4777
4778
4779
4780
4781
4782
4783
4784
4785
4786
4787
4788
4789
4790
4791
4792
4793
4799
5459
6234
4796
4837
5404
5532
6150
4806
4808
6450
4831
5599
6186
5113
6311
4826
5443
4926
5155
5175
4848
5651
6250
4813
5108
6450
4843
4983
5757
4810
4846
6044
6096
6155
4836
5412
5582
5201
5557
4934
5097
4849
6057
4850
4851
5875
4845
4995
6050
5247
5315
4879
5152
4841
4968
6261
4832
5243
6055
4900
4965
5616
4905
5175
6038
4837
4854
5779
4893
5833
5957
4839
5399
6112
4840
5467
6292
4890
5014
6006
4902
4955
5218
5007
5220
5250
5161
6162
4914
4936
5893
4858
5466
5578
4942
5452
5617
4943
5936
6022
5037
5299
5797
5939
4868
4883
5551
4883
4915
5773
4916
4957
5011
5577
5745
4886
4898
5363
6266
5340
5367
5495
6434
5104
6303
4860
5010
5204
5915
4862
5218
5468
5698
4946
5733
5150
5186
5529
4956
5900
5060
5740
5633
5872
4998
6240
4894
5073
5383
4948
5377
6351
5274
6257
4987
5047
5368
4923
5114
5615
4878
5576
6458
5528
5654
4866
5053
5199
4919
4978
5008
5612
4888
6094
4992
5359
5746
4897
5208
5685
4871
4941
5638
5078
5216
4998
5112
5310
5368
6070
4896
5013
6113
5205
4904
5000
4906
4993
5658
4924
4921
5048
5346
4880
4927
4936
4949
4950
5043
4884
4971
5825
5166
5794
5208
5863
5527
5727
4913
5415
5738
4990
5035
5420
5418
4976
5292
4934
4947
6395
5079
5531
5041
5315
6001
5207
6359
4895
5230
5439
5746
5059
5319
5801
4918
5016
6054
4896
5986
5299
5756
5305
5928
6300
5287
5392
4911
5242
5055
5173
5999
4956
5061
5095
5210
5688
5207
5643
4912
5029
5938
5083
5243
5683
5950
5236
5720
4915
4953
5088
4963
5006
5208
4940
5635
5677
4920
5165
6444
5172
5845
5072
5866
5137
5431
5062
5202
4984
5264
5293
4944
4954
6428
5217
6029
5058
6310
5167
5602
4987
5478
5142
5206
6374
5086
5213
5096
6147
4978
5205
5222
5285
5327
5417
5940
5030
5086
5381
4973
5463
5671
5185
5323
4952
5169
5920
4980
5372
5473
5015
5549
6296
4974
4977
6047
6323
4972
5535
6447
4964
5205
5225
4970
5989
6021
5020
5580
5110
5787
5397
6100
5826
6160
5010
5119
5062
5696
5839
5004
5763
5671
5991
5187
5804
5540
6224
5284
5916
5035
5631
5306
5609
5778
5958
5058
6321
5302
5533
5054
4972
5003
5074
5257
5357
4966
5298
6253
5219
5430
5647
5082
5562
5887
4997
6062
6267
5744
5971
5008
5586
5979
6158
5561
5877
4993
5109
5531
5182
5387
5078
5165
5409
5816
6048
5294
5559
6107
5122
5906
5051
6314
5022
5234
5277
5214
5837
5056
5700
5076
5027
5182
5508
5464
6283
5126
5242
6063
5053
5592
5978
5521
5682
5926
6122
5158
5286
5602
5090
5325
5772
5661
5000
5016
5217
5039
5678
5816
5990
5103
5132
5140
5432
5927
5353
5122
5132
5827
5016
5982
5104
5281
5342
5474
6454
5330
5033
5266
6406
5251
5014
5574
6212
5051
5064
5430
5231
5245
5260
5394
5524
5071
5935
5771
5786
5501
5080
6251
6397
5623
5261
6079
5077
5206
5409
5097
5991
6459
5882
6220
5021
5101
5696
5069
5450
5586
5180
5317
5786
5412
6385
5215
6031
5449
5770
5143
5232
6384
5034
5170
5188
5262
5461
5708
5235
5395
5517
5116
5953
6109
5339
5441
5117
6273
5084
5215
5646
5203
5454
5808
5209
5513
5099
5563
5115
5396
5473
5107
5768
5044
5603
5638
5070
6252
5190
5359
5566
5064
6196
5043
5810
5948
5121
5690
5780
5089
5276
6262
5207
5221
6328
5131
6110
6051
6168
5289
5313
6274
5154
5196
6105
5967
5282
5766
5790
5309
5724
5684
6326
5153
5289
5061
5114
5177
5518
5813
5065
5932
5213
5102
5124
5187
5861
5254
5121
5405
5098
5327
5997
5534
5711
5864
5092
5510
5524
5632
5127
5236
5115
5308
5334
5440
6065
6433
5204
5521
5094
5136
5306
5237
5563
5252
6063
5291
5484
6416
5460
5674
5110
5137
5244
6101
6145
5244
5939
5564
6249
5138
5144
5675
5304
5096
5827
5923
5156
6038
5240
6190
5645
6255
5189
5719
5946
6376
5171
5226
5530
5169
5264
5881
6389
5349
5652
6023
5378
5633
5125
5314
6390
5102
5646
5341
5246
5460
5543
5482
5503
5553
5184
5238
5865
5383
6430
5541
6155
5634
6244
6388
5287
5351
6073
6367
5146
5425
5451
5421
5260
5949
5274
5701
5183
5414
5787
5798
5886
5164
5450
6103
5475
5590
5224
5244
5585
5157
6066
5356
5363
5172
5715
5709
6114
5303
5337
6246
5215
5258
5611
5209
5350
5660
5195
6272
5267
5256
6125
6149
5335
5792
6411
5239
5399
5504
6106
6327
6421
5211
5969
5173
5328
5811
5372
5923
5512
5529
5903
6444
6105
6306
5753
5267
5460
5887
5281
6401
5424
5931
6107
5160
5376
5717
5234
5296
5591
5620
5716
5169
5204
5297
5287
5471
5391
5625
5429
5537
5235
5684
5175
5355
5316
5629
5184
5216
5358
5994
5166
5608
5226
5806
5168
5373
5662
5252
5356
6390
5758
5943
5206
5705
5199
5286
5253
5312
6015
6020
5642
5977
6117
5853
5238
5602
6448
5398
5820
6142
5348
5979
5181
5443
5606
5270
5969
6375
5907
6081
5662
6198
6058
5557
6201
5490
6307
5637
6238
5333
5406
5569
5829
6431
5669
6072
5283
6188
5255
5911
6432
5349
5754
6283
5315
5605
6438
5223
5257
6182
6224
5320
5340
5922
5330
5594
5924
6245
5280
5799
6144
5361
6201
5727
5830
5850
6080
5564
5307
6210
6365
5354
5501
6281
5724
5545
6394
5978
5243
5663
5967
6329
5312
5662
5270
5432
5420
5631
5357
5997
5231
5415
5632
5606
5403
5483
5832
5486
5523
6336
5500
5538
5567
5332
6214
5424
5729
6301
5318
5498
6228
5798
5999
6244
5420
6200
5581
5583
6217
5323
5975
5328
5345
5552
5356
5261
5846
5372
5595
5575
6196
5426
5676
6316
5334
5362
6392
5584
5606
5468
5638
6374
5273
5708
5580
6288
5549
6080
5547
5789
5297
5440
5913
5278
5362
5808
5301
6304
6018
6083
5309
5336
6089
5915
5353
5472
6091
5362
5419
5777
5352
5799
6023
5413
5642
6370
6359
5400
5702
6006
5416
5603
6132
5329
5637
5404
5348
5842
6396
6167
6307
5282
5886
5630
6218
5284
5437
5767
5619
5621
6259
5370
5695
5901
6041
5311
5395
5710
5321
5689
6021
6280
5346
5481
5666
5358
6156
5295
6399
5535
6327
5882
6363
5704
6116
5445
5723
5920
5616
6317
5987
5622
5803
5834
6154
5594
6076
5322
5500
5404
6181
6449
5966
5338
5838
5667
6418
5900
5872
5910
5600
6384
5461
5700
5980
5829
6292
5675
5969
5587
6139
5597
5668
6009
6354
5571
6356
5706
5331
6294
6036
5380
5476
5909
5408
5604
5329
5402
6206
5683
6380
6238
6367
5367
5796
5477
5626
5675
6060
5703
5338
6071
6191
6346
5401
5954
5506
5703
5747
5504
5428
5830
5898
6246
5492
5755
5757
5375
5438
6177
5517
5999
5497
5392
5601
5925
6391
5411
5646
5860
6215
5726
5729
5446
5406
5618
5684
5844
5652
5408
5917
5465
5639
5977
5805
6457
5719
5422
5452
6026
5388
6234
6309
5421
6418
5401
6272
5427
5547
5836
5623
5489
5657
6172
5402
6198
5379
6190
6255
6134
5451
5794
5764
6260
5469
6200
5739
6262
5680
5891
5724
6089
5385
5727
5985
6297
5387
5943
6289
5657
5830
5503
5555
5627
5508
6088
6371
5499
5641
5648
5656
5565
6422
5860
5429
5542
6290
5776
6109
6335
5843
5935
5538
6443
5878
6131
6436
5870
6008
5922
6247
5446
5951
5783
6423
5612
5431
5514
6001
6239
6156
5423
5751
6274
5428
6119
5888
5593
6061
5605
6388
5424
5436
5681
5619
5941
6102
6216
5554
6218
5464
5769
5902
6017
6442
5500
6246
5507
5901
5578
5812
5657
6041
5894
6435
6204
5536
5762
6009
5517
5785
6347
5481
5536
5737
5511
6035
5547
5916
5678
5709
5917
6282
6249
5444
5718
5697
5713
5895
5960
5964
5516
6451
5884
5765
5774
5457
6345
6349
5507
5766
5730
6391
5587
5695
5766
5747
6432
5485
5854
6128
5588
5802
5840
6179
6434
5535
6045
6222
5567
6230
6291
5475
5552
6423
5827
6147
5874
5642
5761
5613
5673
5829
6394
5603
5872
6299
5510
5824
5930
5531
5532
5595
5561
5877
5540
5692
5934
5502
6269
5609
6110
5493
5579
5850
5841
6168
5559
5882
5608
6091
5634
5989
5822
6046
6106
6312
5526
6084
6136
5593
5761
6413
6030
6077
5706
5670
5745
6010
5885
6126
5553
6080
5561
5973
6430
5837
6345
5505
5609
5760
5800
6256
6377
6229
5610
6069
5686
5699
5744
6175
5735
6256
5695
5730
5583
5625
6280
6014
6013
6158
5791
5993
5650
5734
5605
6421
5550
5733
6173
6088
6419
5543
6153
5624
6062
6068
5558
5740
6174
5691
5541
5752
6120
5815
6222
5730
5626
5983
6381
5848
6357
5573
6129
5611
6031
5889
5584
6370
6452
5663
5924
5938
6341
6331
6085
6306
6294
5707
5828
6033
6133
5821
5664
5933
6259
5554
5649
5650
5559
5627
5604
5715
6097
5560
5778
6157
5553
6075
5661
6216
6347
5599
5946
6437
5579
6012
6186
6438
6082
6064
5896
6295
5612
6406
6022
6047
5918
6204
6100
5589
6169
5618
5732
5572
5680
6333
5628
5943
5640
6358
5714
5941
5702
5942
5635
5857
6189
6278
5677
6074
6378
5686
6314
5610
6429
6059
6332
5728
6407
5846
5939
6229
5653
5976
6309
5901
6241
5777
6313
5770
5912
6049
6277
5988
6225
5788
5998
6095
5809
6276
5764
6195
6202
5729
6023
6251
6403
5772
5789
5879
5899
6040
5743
5613
5945
5637
5687
5708
5717
6181
5651
5665
6302
6042
5849
5687
5802
5726
5940
5806
6162
5886
5876
6248
6355
6330
6431
5699
5758
5918
6375
5850
6012
6015
6048
6288
5704
6377
5803
6161
5653
6081
5825
6209
5707
6328
5679
6300
6373
5739
6273
5867
6263
5801
6275
5768
6267
6203
6253
5793
6302
5836
6270
6350
6368
5820
6211
5884
6440
5955
6460
5734
6119
6051
5839
6085
5668
6443
5871
5883
5744
6318
6343
6095
6298
5707
6076
6135
5784
5870
6033
5711
6425
5868
5887
5770
6360
5959
6171
6164
6296
6056
5690
6405
5849
6144
5851
5843
5935
6002
5976
5855
6146
5722
5816
5974
5793
6144
5721
6312
5725
6069
5772
6099
6346
5933
5811
6208
6132
6248
5947
6003
5739
6257
5752
5808
5919
5832
6078
6233
5968
6245
6166
5736
5879
6268
5853
6213
6126
6325
6099
5791
6128
6178
5833
6143
5892
6242
6339
6056
6336
6171
5749
5854
5743
5841
6301
5732
5947
5769
5880
6018
6000
5776
5921
5881
5897
5949
6383
5883
6413
5867
5931
5783
5819
5845
6197
5926
5958
5865
6334
5814
6143
5803
5813
5840
6286
5795
6170
6271
5980
6137
5818
5759
6060
5874
5849
5941
5858
6437
5905
6287
6460
5966
6159
6366
5869
6354
5932
6154
5817
6005
6226
5836
6290
6454
6083
6139
6291
5950
6038
5822
5993
5779
6167
6402
6348
5896
5844
6416
5787
6151
5875
6034
6160
5963
6007
6362
5814
6006
6182
6199
6407
5951
6282
5812
6245
5822
6056
6333
5799
6414
5835
5871
5809
5962
5846
5885
6451
5897
5996
6286
5861
5873
6052
6417
5977
5990
6299
5996
5932
6192
6183
6342
6161
5828
5838
6045
6322
5942
6187
5937
6065
5890
5857
6008
5833
5960
5984
6113
6116
5875
6015
5927
5852
6389
6420
6265
6149
6369
5934
6254
6399
6411
5893
6088
6039
6409
6417
5925
6326
6243
5891
5907
6086
5873
6236
5997
6207
5980
6137
6180
5912
6263
6293
5862
6077
6172
6032
5946
6093
5900
6117
6243
5953
6357
5904
6068
5971
5866
5945
6039
5913
6435
6037
6268
6011
6142
5970
6159
6393
5877
6338
6011
6051
6125
6111
6309
5981
6271
5998
6304
5952
6059
6087
6007
6092
6081
6093
6266
6398
6001
6435
6053
6340
6025
5954
6261
5956
6037
6100
6230
6320
6427
5921
6062
6079
6304
5972
5984
5995
5933
6031
6270
6086
6170
6299
6121
6296
6360
5945
6044
6057
6079
5948
6095
6098
6284
6455
6110
6203
6382
6283
6090
6225
6163
6328
5983
6349
6104
6322
6073
6205
6263
6219
6020
6422
5965
6250
5964
6323
6130
6123
6134
6042
6115
6369
6070
6453
6022
6118
6383
6382
6195
6019
6342
5991
6135
6157
5970
6032
6237
5995
6152
6370
6112
6138
6122
6163
6184
5973
6253
6027
6003
6043
6084
6074
6175
6237
6313
6297
6052
6151
6016
6049
6018
6016
6013
6025
6137
6030
6148
6179
6135
6004
6129
6121
6426
6002
6186
6028
6076
6305
6200
6072
6264
6387
6067
6239
6407
6138
6386
6020
6355
6437
6420
6030
6054
6046
6316
6211
6032
6024
6033
6074
6168
6202
6396
6373
6415
6067
6025
6138
6145
6412
6233
6161
6366
6139
6194
6108
6254
6240
6334
6055
6325
6240
6332
6141
6338
6049
6145
6150
6452
6224
6281
6134
6236
6173
6210
6360
6118
6252
6068
6148
6409
6198
6231
6185
6126
6174
6368
6160
6260
6152
6445
6097
6180
6213
6297
6098
6410
6190
6214
6207
6235
6256
6098
6176
6176
6205
6148
6130
6278
6183
6208
6194
6114
6398
6152
6232
6238
6352
6367
6452
6102
6131
6433
6365
6124
6189
6156
6191
6166
6412
6122
6229
6287
6123
6393
6199
6108
6146
6219
6215
6230
6234
6442
6373
6242
6149
6192
6377
6191
6385
6172
6124
6155
6300
6236
6187
6369
6184
6237
6315
6286
6185
6212
6216
6141
6182
6347
6264
6285
6221
6233
6307
6248
6275
6426
6447
6395
6178
6201
6303
6310
6192
6317
6254
6220
6415
6188
6258
6221
6226
6316
6445
6177
6348
6181
6439
6326
6362
6341
6325
6278
6241
6457
6206
6247
6291
6424
6288
6266
6433
6335
6218
6267
6375
6232
6272
6363
6376
6447
6265
6348
6280
6308
6312
6363
6305
6327
6227
6344
6434
6251
6279
6439
6235
6358
6247
6333
6255
6285
6250
6252
6392
6402
6295
6341
6321
6424
6289
6402
6410
6453
6397
6330
6429
6290
6277
6352
6308
6354
6294
6443
6445
6320
6361
6287
6459
6324
6353
6372
6356
6344
6329
6389
6315
6386
6387
6319
6343
6368
6416
6337
6436
6350
6371
6401
6340
6385
6340
6338
6323
6337
6408
6364
6351
6345
6399
6420
6456
6366
6413
6334
6384
6411
6398
6372
6440
6378
6358
6404
6352
6353
6393
6449
6422
6382
6410
6365
6374
6404
6380
6379
6401
6419
6387
6415
6425
6419
6428
6423
6408
6439
6403
6440
6421
6404
6414
6406
6431
6400
6405
6403
6409
6456
6425
6441
6441
6460
6432
6446
6456
6451
6446
6454
6442
6450
6458
6448
6448
6455
6459
6458
6462
6590
9284
6639
8181
6464
7798
8087
6558
7896
6474
7328
7649
6470
7233
8011
6468
6487
6761
6773
7168
6472
8340
9612
7717
7754
6484
7150
8015
7430
9356
6476
6903
7996
6703
6748
6552
7090
9998
7667
9377
6543
6782
9693
6481
6500
7460
6506
6756
7783
6873
7347
9553
6601
6606
6548
7817
9627
6631
7449
8260
7888
6505
6988
9336
6534
7651
9200
6790
6906
6510
6815
6828
6692
6794
6962
6568
6631
8645
6844
7549
9508
6511
6895
7772
6653
7074
7825
6805
7298
8363
6810
6893
8838
6940
7422
7446
6539
8294
9501
6719
7128
7357
6546
7665
9227
6515
7141
6532
6625
6659
6515
6544
8852
6516
7906
8458
6573
7099
8483
6809
9308
7096
7313
6692
7255
7902
6530
6625
7024
8841
9913
6570
10027
7860
7945
6526
6667
9458
6678
8870
9734
6751
7049
10025
6589
7262
8191
6658
7306
8233
7118
8212
8603
6604
7011
9042
6749
7320
9118
6697
6897
9259
6559
7031
7926
6535
7153
6771
7335
8926
6588
7811
8278
7822
9786
6767
7293
7522
6580
6774
7078
7962
8242
6839
9344
6648
7197
7757
6627
7027
6654
6797
8018
7116
8872
6992
8105
6540
7115
7652
6791
8091
6656
7445
7477
8553
9314
6590
7785
8907
6628
7659
9366
8937
8868
9610
6578
8112
8208
7166
8906
6553
6999
7282
9174
9406
6644
8281
8775
6589
7067
8868
6586
8378
9757
6584
9800
9644
10057
6571
8331
9582
6694
7062
8778
6685
6967
7046
6720
7230
8459
6972
7183
6632
8065
6635
6935
9231
6672
6743
6863
6825
7403
8924
7016
7671
9324
6603
7425
9696
6781
7370
7541
6716
7590
8825
6860
7241
7280
6720
8352
6679
8300
8433
6626
9978
8512
9184
6928
7028
7650
7404
7895
6693
8103
8228
6594
6805
7278
6592
6886
7735
6617
7182
10107
7959
9275
6703
7216
6763
7508
6623
7126
8020
6616
7894
8046
6885
7116
8697
7018
8072
6882
7957
9012
8349
8429
7006
7330
7562
6815
7353
6601
8543
6671
6700
9831
8056
8239
6783
6981
9385
6925
8323
6739
7448
8067
6754
6916
10071
6655
7132
7148
6606
7827
8196
6602
6914
7408
6612
6706
7764
6724
6848
8290
7566
8662
7603
8335
6763
7423
7980
8060
6786
6966
7033
6682
8745
8955
6698
6781
7279
6829
7229
9347
6695
7678
9912
6803
9845
6665
7394
9260
6638
6819
9984
7385
7412
7524
8003
6995
10061
6662
8163
8681
6629
7021
7815
6670
6775
9953
6874
7173
6687
7014
9243
6661
8116
7401
7437
7268
7379
9751
7166
8751
7856
9362
7210
9999
6677
6718
7111
9871
8826
9201
6778
7304
8814
6721
7469
8737
8340
9027
6954
8039
9080
6643
8969
8974
7815
9918
7725
7911
6649
9824
6665
6670
8608
6809
7367
7842
7307
9854
8322
8399
7097
7442
8235
7464
7489
6652
7106
7264
7228
7387
6700
7592
6793
7748
9868
6840
7035
8445
7383
9120
7982
6663
7596
7506
7927
7497
7680
6804
6890
7814
6868
6818
7004
6752
7214
10047
8890
9239
7937
9945
6766
8126
8723
8858
6858
7390
6946
7615
6904
7236
9053
7429
7035
9687
7608
7949
6728
7100
9520
7025
7481
8011
6777
6959
9850
6839
7393
7884
7047
7361
6741
6773
7653
8800
7342
6975
7397
9664
8489
8812
6702
7213
8355
7573
7574
6938
8489
6812
6817
9395
7049
9070
6730
6748
7750
6815
7534
10021
6773
7502
9637
6901
7531
9529
7676
7643
10018
7951
8882
8394
8686
6709
7235
8973
7722
6776
6959
6765
7398
7991
9541
6799
7023
10006
7653
9215
7188
6865
7581
7642
6852
7585
6735
9394
6850
7052
9191
6880
7317
9065
7834
8980
7164
7475
8241
6714
7273
9274
6738
6963
8455
6724
6807
7046
7248
7664
6734
7620
8923
7700
9734
7031
7208
9308
7450
7960
7337
8324
9023
7423
7597
6965
7201
9357
6762
8183
8385
8060
6772
7013
9162
6792
7616
8055
6817
6879
8619
7273
8738
6737
7014
8602
7188
8365
6834
9427
9481
6827
8795
9724
6796
6800
7188
8918
9567
8262
9630
6811
7237
9970
7089
8354
7891
8672
6756
7303
6813
7898
8639
6822
10087
6969
8138
9463
6814
7192
7154
7240
8025
7009
7266
8774
6760
8710
8783
7047
7593
7873
7577
8369
8656
7000
7274
9914
6897
8298
7972
8852
6758
7710
8413
6969
8903
6977
7015
8294
7703
6896
7853
8072
7561
7811
6853
8441
8805
7219
9165
6784
7036
7552
8389
6788
8045
9477
7060
7276
7768
8768
7509
8949
6833
7416
8081
6926
8079
9231
6808
8585
9093
7066
8670
8146
9454
7066
9482
8230
9365
6836
7879
6787
10049
7502
8781
7126
7268
9344
6987
7977
8582
9850
7675
8371
7878
8706
8779
10050
6998
7051
9400
7232
9885
6849
10111
8156
9465
7058
7831
8325
6989
7063
7904
9402
6859
8045
7365
9277
7002
8159
6964
7351
9861
7314
8365
8082
8780
7027
8198
9511
9111
10076
6848
6942
9173
6851
7130
9236
7340
9415
6889
9979
8520
6823
8288
9883
7465
8359
8052
9439
8397
6877
8546
7611
9516
7604
9805
8064
8994
6884
8475
6835
7413
8331
6910
7027
8982
6933
7220
7295
7424
6867
8258
8734
7168
7612
7712
10015
6879
7121
7135
9536
6894
8144
8351
7252
7269
8278
8763
9161
9192
7245
7588
7847
7144
7261
7593
6944
8663
8845
8156
9140
7079
8162
8140
9277
8895
9634
6942
7588
7676
6872
8772
8864
8438
8608
9034
7060
7336
7572
6859
8141
9916
6855
7204
9556
8152
9089
6932
7770
10034
6871
9452
9808
6876
7603
9331
7114
7738
10093
6862
9758
9267
9532
7053
7729
8536
9720
6915
8727
9243
7647
9965
6965
7022
7199
6860
9469
9497
7002
7633
9477
8715
7080
7246
8200
9278
9657
9085
7021
7710
9886
7958
8929
6955
7290
9857
6906
8965
6933
7521
7092
7093
9546
6999
7217
7249
9186
9221
6919
8291
8443
9060
7310
8029
6883
6919
10115
8511
9517
7624
7825
6918
7622
7630
8274
7509
8652
7161
7428
7716
7190
8529
7690
9285
6902
8336
8658
9336
7739
8171
6907
8431
8756
6912
7169
8157
10016
7975
8401
6930
7172
7125
8823
8861
7096
8098
7683
8305
6900
8762
8136
9840
7741
6960
8393
9293
6914
8557
9370
8836
10097
9446
7417
9566
7498
7756
7457
9741
6938
7050
7151
7036
7936
8027
7339
7415
7022
7383
8644
7184
9742
7557
7792
8671
7129
7242
7917
8550
9173
7186
8650
7208
7775
6952
9068
9758
8390
9569
10081
6971
7279
9560
7454
8371
8954
6963
8910
8980
7170
7366
7938
6980
6982
9011
6929
7537
6940
9412
7117
7810
7987
7374
9608
8134
8520
7136
7692
7045
7901
9009
8280
8318
6958
7632
9177
8470
9202
6941
8861
9519
7369
7433
6968
7071
7260
8651
9276
8596
8728
7902
6985
7143
7924
6974
9722
7185
7779
8418
7430
7830
6984
7520
7012
7246
8807
7017
7402
8001
7110
7694
9902
6957
7154
7755
7867
7529
9961
9997
7244
8614
7637
9828
7062
7260
7890
7820
7964
8063
8448
9675
7545
8571
7043
7319
7844
8292
9587
9099
9083
9250
8348
8136
9839
8359
8955
6973
8167
8658
7157
7456
8921
8160
6995
8122
7151
8203
7664
7839
8372
9853
7165
7734
6985
8051
7034
8507
8570
6996
8655
9421
8023
9685
8588
8635
7860
8564
7138
7254
8131
9282
7123
7011
7032
10088
8792
9750
7116
7142
7084
8258
7026
7551
9479
7083
7201
8122
7821
8095
7171
8277
9108
7035
8607
9950
9787
8643
9243
7048
7612
7900
7594
8499
8062
8959
9883
7381
7572
8724
7283
7292
7436
8300
7268
7857
7094
8049
8110
7316
8808
7196
9524
7059
7257
8557
8021
8367
7198
7885
9875
7581
7416
8963
7095
9132
9421
7587
8013
8199
8212
8634
9385
7348
9434
7285
7315
9839
7146
7342
9963
9918
9812
8932
9634
7166
7167
8394
8835
7162
8846
7605
8451
7331
7706
9077
7145
10051
9618
7616
7958
7315
7392
8213
8916
8221
7701
7781
7069
7565
10054
7177
7309
8731
7059
8481
9370
7073
8591
10108
7131
8041
8883
8195
8311
7189
7281
7689
7328
7649
7139
8601
7828
9604
8727
7139
7903
8069
9592
7867
8521
8636
7711
7801
7542
7845
8664
7880
8364
8408
7146
7191
7983
7144
8102
8787
9430
7179
8119
8914
9835
7502
8569
7124
9095
9130
7441
7523
9956
8450
7465
9129
7301
8219
8310
9410
9769
7216
7649
8841
7692
9835
7270
7909
9106
8416
8876
7965
7132
8146
8266
7106
7875
8743
7190
7599
8632
8540
8813
7767
9079
9341
7121
8352
8459
7163
8856
9684
7183
10063
8087
8206
7104
7332
8655
7117
7607
8394
7431
7569
7736
7113
8033
8099
7104
9421
9535
9759
7137
8349
8374
7561
8667
7762
9631
7396
8641
9151
8125
8197
9082
7256
7678
8402
7738
7912
8374
9048
7138
7617
8925
7112
9021
9678
7155
7480
8119
8828
7310
8497
9380
9064
7636
7833
9094
7346
7610
10101
7115
8073
8458
7364
7731
7526
8860
7819
9130
7158
8414
8124
7481
7310
7998
7133
7259
7912
7382
8715
9409
7947
7140
7655
9667
8110
9322
8101
9363
8017
9669
7244
7488
8549
7269
9550
7223
9206
7565
8119
8816
7236
8022
7276
7758
8568
7372
7945
8220
7267
8360
8713
7973
8076
9159
7224
8106
7181
8397
7448
9428
7974
7632
8798
7429
7271
7375
7805
7408
7751
7386
7689
7962
8337
8338
7491
7359
7506
9323
8509
8991
7253
7494
8285
7183
7258
10059
8260
9977
8575
9719
7485
7658
9007
7177
7657
8958
8128
8382
7476
8785
7334
9371
8456
9933
7986
9703
7205
8438
8779
7713
9614
7444
8295
7451
7671
7727
9619
7998
8701
7202
9237
7547
8165
8851
7235
7771
8346
8759
7249
7870
8167
8285
9367
7203
7439
7901
9181
9200
7798
8046
7372
9779
7348
8184
7272
8427
7238
8543
9284
8834
9885
7263
7231
9262
7234
9102
9743
7682
8164
8784
7288
7295
9489
8479
9869
7501
8523
7466
9683
7602
8579
7300
7960
9509
8598
8509
9275
7296
7844
7535
7600
9196
9227
7495
8251
8342
7640
7719
7948
9939
7221
9028
9163
8413
9593
7227
7480
7565
7250
7670
9117
7352
7942
7618
9007
9024
9158
7410
8688
7426
7518
7527
7562
8587
7297
7940
8799
9974
7292
9514
10048
9188
9272
7499
8801
7371
8232
8268
7289
8184
9848
7311
8109
7246
7314
9208
9497
9245
9827
7470
8562
8834
9694
7481
8732
8857
10003
9302
7694
7766
10069
9209
9217
7255
7277
9092
7820
9500
7382
8380
8224
8516
7321
7655
7706
7286
9310
7349
7504
7854
9149
9520
8812
8145
8907
8368
9193
7337
8561
7301
9598
8138
8472
8159
7512
9837
9233
9454
7896
8833
7404
9053
7832
8601
8604
7357
9623
7368
7567
7434
8790
7394
7398
10053
8924
9474
7287
8169
9858
8912
9160
8606
8837
8714
9098
9562
8799
9738
7805
8071
8677
8205
7355
8344
7299
8400
7879
7459
10004
8030
9431
7410
7650
7504
7863
7360
8683
9887
8059
9739
7373
7601
7552
8559
7574
7899
7988
8182
9109
9900
7375
7870
8203
8433
10035
7354
8208
9078
8225
7328
7511
7661
8454
8470
9088
7813
8007
7517
8593
9645
7492
8121
8643
7313
8194
7700
9637
7319
7514
8541
9435
9440
8297
9960
7698
8111
8246
8198
8551
7322
9313
7544
8240
8556
8098
9341
9081
7846
9315
7536
7708
7350
8113
8536
8859
9562
9893
8740
9601
7329
9424
7384
8496
9563
8227
8802
9067
7560
7865
10052
7525
7774
7916
7362
7806
9622
7480
7613
7515
8783
8117
8740
9283
9532
9104
9380
9625
7508
9533
8048
8568
9105
7707
7765
8711
8115
8939
7985
9483
7405
8205
8663
8681
8573
7432
7812
8984
7405
7460
7777
8221
10050
7837
9799
9800
7580
8159
8363
8437
8556
8669
8428
8592
7358
10098
8748
8957
7580
8442
7596
7984
9017
8943
8187
9665
7751
8293
9171
9179
9417
10113
8107
8169
7559
7674
7779
8058
8304
7388
8140
7500
9509
7701
9170
7943
8673
8130
8985
8160
8571
8611
8862
7860
7931
8664
7378
9023
9205
7539
7550
9506
7493
7568
8095
9018
9245
8347
9616
7803
8287
8673
8048
8228
8318
8348
7596
8018
8006
9639
8030
9153
7416
8908
8887
9513
8044
8460
9211
7863
8168
7550
7862
9706
9924
7711
9210
7636
7582
7831
9249
8193
7505
8353
9430
7675
9264
9650
7688
7754
8375
8034
9642
7503
7595
7629
9474
9413
7758
7679
8574
8962
7438
7467
7635
8257
7769
8261
9605
7479
8236
9537
8093
8170
8057
9582
7877
8076
8733
8500
8702
7608
7990
7599
7786
9877
7581
7963
8175
7736
7835
8293
7789
8103
8822
8275
9932
8952
10056
7677
8545
8005
9007
7483
7774
9949
8926
9533
9496
8805
8025
9025
7445
9069
8514
8747
8644
9788
7482
8953
9045
9058
9790
8137
8202
7439
8541
7526
7621
7690
8689
7659
8538
8960
9663
8668
9322
7645
9620
7498
7452
9551
7638
8343
8505
7919
8053
9023
7873
8593
7929
8199
7840
9037
7680
8066
9329
9303
9914
7558
8358
9453
8053
9764
7645
9379
7702
7985
9004
8182
8519
8106
7522
7838
9066
7496
7640
7788
7730
7897
9664
8137
8214
7582
7519
10011
7514
7892
7591
8419
10062
7845
9635
7631
9963
7654
8621
9370
7854
8617
9443
7598
7627
7718
7672
7927
9929
7632
10110
7583
8815
7606
9470
7546
8583
9340
8313
8478
9796
9854
7594
7866
7639
7726
8525
7500
7938
7532
7735
8604
7499
9722
9785
7737
8012
8108
8405
7666
8687
9083
8581
9279
8436
8917
8089
8888
8809
9915
8117
9481
7552
8135
7756
9471
8008
9752
7517
7642
8725
7544
8553
9661
7897
9768
8282
7564
7670
8256
9908
7646
8099
8675
9540
7577
8311
7524
7556
7648
8501
10073
7935
7763
8770
7848
8108
8328
7547
7618
8384
8578
9977
7555
8309
7576
8566
9881
8835
8527
9994
7793
7728
9261
7743
7926
10075
7647
7944
7971
8223
8341
8245
8954
7669
8527
7699
7812
8483
7789
7808
8547
9499
8444
9420
7540
7639
7634
7955
8000
8229
8899
8330
8336
7545
9793
8742
10042
7568
7592
9802
9314
9775
8024
9646
8411
7626
7950
8299
7859
7913
7868
8490
8026
8037
7559
7988
8218
7961
8689
8208
9078
8000
8653
8184
8067
8867
8726
9133
7911
7925
7956
7741
7858
8387
9584
7957
7993
9016
7872
8327
7940
8225
8432
7575
8070
8517
7933
8225
8488
9036
8904
9030
7815
9999
9043
7642
7963
8250
7622
8210
9492
9568
8325
7760
8577
7628
7976
9930
8757
9334
7818
8036
8476
7733
9862
7654
7616
8548
10046
7984
8219
8637
8744
8407
7831
9919
7924
8051
9358
7759
8252
8312
8549
8614
8039
8040
7718
9812
8376
7764
9742
8540
9018
8698
8984
7684
9128
9659
7614
8934
9193
9213
9715
7625
7963
9952
9915
9996
8131
8309
7850
9356
8656
7829
8020
10091
8287
9911
9148
9268
8542
7800
8650
9098
9296
9307
7663
8195
8746
9617
7881
8648
9707
9632
10028
7790
9019
7641
7714
8292
9490
9588
7793
7813
8608
8659
9739
8421
9130
9319
9801
8141
9906
8724
9991
7706
8698
9190
9817
9677
9975
7917
7851
8821
9740
7662
9295
7849
9090
8940
9173
8733
7673
7820
9917
7685
8471
8165
10047
8393
8084
8104
9809
7887
8928
8092
8518
8004
8311
9785
7681
9298
7720
8415
8585
9151
8328
8532
7739
9153
9354
9495
7883
8466
8132
9373
7683
9343
8560
7967
8235
9100
8835
8722
9700
9470
8120
8524
8280
8422
9087
7752
10019
8036
9523
7855
8457
9725
7696
9333
9554
8258
9781
7910
9101
7728
8674
9682
8462
7750
8725
9043
9379
7773
8185
9537
8883
9263
7776
7827
7999
8638
9215
9422
9745
7989
8083
7817
8321
8211
9428
7914
8146
8271
7709
9900
10066
8646
8662
8529
8632
8430
9109
9641
8096
8212
8959
7795
8580
7836
9988
7745
8862
8896
7770
9580
7787
8375
10082
8291
9291
7747
8678
7823
9513
9797
7858
8168
7966
8452
9281
7737
8118
8550
7994
9962
7908
8002
7818
8600
9332
7992
9199
8423
9522
8892
10113
7999
8994
9558
9322
7977
7974
8878
9884
8693
7962
7872
8875
8980
9468
8432
8616
7969
8367
7923
9099
9242
7819
8675
8222
8231
8768
9391
7805
9668
8024
8485
8609
7757
8950
7810
9222
7816
8857
8944
8685
8310
9762
8052
8365
10058
9138
9481
8490
9359
7905
8326
8708
8613
9797
8620
9315
8502
8422
8449
7796
9966
7773
9134
8233
8515
8642
8843
8784
9328
9941
8023
9760
8162
9123
7926
9967
7864
9086
8196
10058
7806
7893
9928
9449
7996
8008
9253
8397
8919
7783
8193
8211
9241
7813
7892
8204
9731
9962
7838
8949
8003
8647
8183
8997
10064
9492
9836
7832
7862
8651
7807
9238
8153
7896
8569
8781
8195
8859
7839
9094
9149
9273
8435
8499
9075
8436
9823
8438
8922
7858
7863
9640
8704
10029
8269
8891
9596
8817
8112
8343
8187
8804
7827
7903
7973
8555
9609
7895
7882
9695
8113
8155
9572
8462
9923
9311
8357
8752
8623
8687
8002
8479
8125
7970
7986
8174
8779
10033
8038
8382
7841
8752
8229
7991
9780
8327
9941
8995
9323
8163
9916
8147
9448
9300
9780
7990
9041
8805
9647
8031
9216
8226
8234
8691
8541
7931
8238
8819
7967
8769
8770
8783
7978
9465
9447
9950
7934
9811
7991
8205
8845
9603
9694
9568
8662
8711
9821
9956
8020
10008
8029
8497
8317
8956
9629
9152
7975
8989
8370
9829
9431
9856
9475
8226
8321
8298
9070
8062
7938
8005
9620
9220
8383
7946
9346
9565
8061
8995
8279
8296
8299
7895
8984
7885
8946
8026
9180
10084
8172
9467
9234
10070
8010
9198
8086
9269
9020
7954
9055
8560
9230
8017
9880
8259
8562
9890
9493
9613
7923
9563
8155
8756
9936
7961
10107
8849
8048
9135
8091
8586
7928
9207
9021
8414
8989
8620
9175
8513
8619
8073
8080
8013
8294
8494
8077
9167
8893
9701
8813
9924
9304
8694
8142
8585
9151
8395
9172
8024
8970
8796
8404
9182
7924
8001
8127
8244
9126
7945
7947
8762
8685
9143
9203
8496
8377
8640
8816
9078
9212
8701
8827
8476
8793
9523
8576
8015
9306
9880
9218
9942
8630
9816
8143
8629
8286
8357
8831
10023
8085
9603
9721
8928
7976
8803
8917
8047
9655
8287
8590
8152
9327
9572
9627
8624
8276
8864
7979
9585
8446
8855
8279
9613
7953
8939
9132
8702
9162
8099
9049
7970
9699
8088
8533
9855
8055
8682
9237
8058
9101
8773
9010
8125
8186
8353
9853
9587
8223
8592
8899
8065
8704
9466
8605
9613
8043
8656
8060
8056
8874
8721
9676
8124
8243
9085
10051
9635
9908
8035
8665
9872
9104
9307
8180
9860
9935
8178
8465
8032
8732
8457
8310
9762
9659
8147
9240
8269
9201
8088
8420
8022
8694
9142
9771
8477
8199
8196
9968
8867
8972
8011
8250
9043
9332
8584
9755
8153
9611
9069
9177
8790
9788
8576
8913
8730
8082
8467
8988
9419
8019
8747
9236
8988
8985
9206
9204
10075
9902
8554
9220
9560
8028
9057
8357
8981
9123
8339
9849
9387
9554
9055
9095
8622
9766
9744
9986
8510
8179
9399
8116
8742
9889
8317
9239
9712
10054
8070
8283
9412
8801
9752
8342
9329
8081
8647
8940
9126
8211
9428
8150
9051
9796
8553
9626
9608
8201
8555
9387
8947
8463
9250
9670
8307
8659
9705
8282
9323
9660
8090
8174
8075
8401
8247
9211
9904
8945
8207
8241
8461
8866
9987
8230
9205
10007
8085
8188
8459
8624
9112
8157
9135
9413
8272
9319
8679
9164
8283
9027
8304
8307
8264
8811
8434
8139
9480
9998
8396
9870
8569
9763
8105
9921
8465
9036
8788
8794
8597
8419
8820
9486
9802
8453
8115
8213
8248
9901
8427
8530
9354
8463
8955
8777
9145
9225
10005
9754
8360
9936
8710
8319
9542
8668
8356
9337
8618
8204
8181
8268
9304
8267
8162
8717
8900
8810
8829
8176
8655
9050
8130
8270
8281
8163
8468
8720
8469
9985
9248
10091
8341
8355
8592
8901
8506
9010
8347
8667
8763
8739
9228
8169
9801
9990
8697
8873
10072
8623
8548
8484
8843
8155
9270
9330
9789
9648
9731
8254
8300
8534
9317
8410
8539
9030
9256
8216
8381
8474
8796
8173
8418
8755
9150
10060
8847
8537
9126
9155
9124
8501
8885
9526
8670
8728
9610
8177
8521
8531
8489
8589
9577
8242
8552
9138
9312
8272
8860
9001
8335
9516
8803
9532
9141
9179
8255
9572
8703
8895
9496
9996
9113
8979
9079
8740
9578
9241
9507
9453
8295
9379
8753
8901
8993
8306
8506
9357
8304
8626
8554
8818
9698
9571
8945
9549
8337
9100
8751
8684
8599
9737
8214
8630
8581
8400
8375
9273
8971
9392
8334
9557
9951
8776
10003
8880
8692
8636
8690
9199
8672
9115
8345
8481
9429
9087
9725
9017
8651
9152
8758
9564
9493
8717
9174
9435
9937
8696
9493
8858
8615
9451
8412
9116
8566
9033
8493
8302
9578
8399
9061
9188
8565
9727
8361
8745
8669
9385
8448
8451
9477
9916
8642
9655
8332
9303
9400
9680
8673
9201
8625
9062
9487
9746
8725
8252
8460
10082
8308
8809
9031
9163
9662
9011
9543
9640
9648
8266
8557
8308
9262
9896
8469
9393
8941
9352
8464
8911
9603
8908
8947
8293
8750
9014
9454
8664
9239
8273
8826
8661
8816
9093
9611
8381
9530
8352
8513
9228
9838
8997
9312
9677
9702
8726
8842
8449
8935
8466
9365
9033
9559
9031
9547
9786
9230
9518
8329
9647
9689
8950
9719
9285
9223
9411
8446
8882
8315
8653
9259
9247
8350
8462
8476
8674
10041
8659
9040
9709
8430
8871
8348
9373
9411
8832
8368
8590
9026
8385
8936
8434
8865
8358
9993
8433
9155
10074
8890
9589
9410
10024
8453
8879
9479
8920
9319
9611
8458
9876
8359
8567
8797
8878
8405
9743
9873
8475
8525
8677
8690
10039
8412
9657
9733
8981
9873
9189
8739
9419
9082
9309
9596
8441
9375
9077
9455
8346
9581
8767
9136
9658
8612
8778
9835
9047
9056
8818
8791
8638
8435
8508
8804
8378
8688
8812
8446
8839
9139
8400
8889
9096
8966
9035
9755
8905
8384
9266
8782
9726
8572
8960
9590
8377
8533
8910
9756
9594
9872
8455
9943
8942
9382
9122
9589
9488
8902
9249
9792
9261
9134
8563
9009
9021
9100
9419
8409
8780
9455
8936
9074
9512
9767
8819
8931
9727
8999
9063
9766
8539
8580
9614
9345
9629
8422
8728
9672
9086
8873
9145
8542
8629
9767
8600
9619
8567
8588
8946
9541
10024
8456
9538
8421
8811
8571
9124
8593
9792
9795
9546
9092
8556
9778
9747
9761
8766
8793
9461
9434
10090
8426
9636
9923
8679
8844
9148
10072
8570
9111
9114
8442
9568
9117
9607
9652
8610
8987
9047
8657
9480
8488
9146
9400
10105
8441
8470
8526
8815
9296
8473
8846
9137
8480
8444
9892
9335
9062
9280
8597
8897
9005
9589
8596
8823
9605
9803
9833
9168
9244
9518
8474
8461
8519
9221
8504
8745
8760
9039
8743
8967
9115
8566
9999
10079
8731
9478
8824
9004
9479
8640
8558
8580
8925
9187
9258
9167
9581
9763
8621
8780
8831
9238
10093
9381
9506
8601
9417
8716
8838
9352
8699
9016
10024
8691
8508
8976
9321
8533
8973
9583
9119
9349
9925
9937
9178
9246
8522
9371
8543
8927
9194
9856
8767
10095
9394
9810
8832
9561
9890
8889
8969
9363
9384
10010
8625
8703
8760
8600
8958
9189
9874
10007
10065
8645
8791
9435
9899
9348
9103
9910
9172
9122
9838
8528
9017
9645
8908
8929
9182
8741
9022
9441
8609
9475
9335
8727
10025
9127
9175
9402
8866
9927
8731
8786
8853
8944
9867
9985
8539
9770
9922
8561
8764
9793
9349
9789
8716
8785
8587
9386
9897
9884
9556
8786
8893
8688
9605
9833
9710
8633
9074
9756
8572
9775
9906
9073
9913
9543
9779
8978
9997
8848
8639
8884
8754
8933
9527
9790
9813
9136
9328
8737
9246
8771
9896
8598
8648
8606
8863
9432
8595
8722
9834
9946
8620
8938
10013
8782
8983
9946
8918
8721
8653
8971
9716
8695
9973
8670
9473
8649
8660
8665
9070
9525
10015
8609
8842
9674
10022
8627
9447
8612
9002
8967
9488
9048
8678
8687
9386
9372
9264
9445
9648
9661
8682
9384
9395
9310
9847
9955
9121
9957
9399
8962
9623
8987
9280
8961
9464
9616
9964
9955
8746
9305
9321
9877
8741
8635
8867
8782
9573
8983
10040
9398
9558
9530
8707
9377
9381
8650
9186
8712
9584
9672
9273
9735
9050
9730
8654
9420
9257
9773
9928
10072
10071
8700
9710
8775
9451
9754
9404
8724
9947
9954
8998
8706
9207
9442
9154
9187
9733
8834
9476
9539
9277
8723
8849
8923
9157
9176
9988
8942
8735
10012
8807
9498
9781
9071
9128
9837
9446
9359
8710
9816
8789
10049
8789
8866
9700
8777
9135
8909
8733
9255
9410
9331
9872
9125
8884
8905
8772
9776
10081
9875
8916
8996
8712
8771
8960
9119
9807
9122
9871
8794
8909
9169
9748
8912
8846
9408
8853
9347
9461
8995
9025
10083
9593
9631
9548
9631
8763
9082
9485
8802
9862
9143
9772
9781
9141
9747
9028
9076
9958
8913
9948
10078
9566
8972
8902
8790
8975
9012
10099
9166
9505
10005
8915
9739
9879
8878
9606
8951
9689
8807
8963
9230
9570
8915
10038
9628
8897
8965
9715
8829
8951
9075
9081
9697
9770
10000
8869
10045
8773
8833
9681
9139
9219
8787
9717
9971
9175
9020
9830
8814
8850
9372
9102
9462
8847
9289
8833
8926
9296
9160
9125
8925
9172
8869
8828
10026
9289
8872
9366
9426
9348
8946
9020
9177
9403
9905
9927
8852
9008
9930
8822
9019
9046
9569
8978
9133
9673
8958
9182
9649
9706
9762
9246
8844
9288
9768
9320
8891
9309
9032
9080
10018
9482
9463
8870
9935
9882
9544
9166
8906
8840
9667
9729
9442
9986
9575
9708
9599
9920
9901
9161
9219
9688
9842
9009
9247
9928
9780
9976
9395
9726
9072
9204
8868
9084
9208
9044
9715
9769
9252
9591
9327
10032
9270
8904
9964
9859
9880
9733
9765
9886
9467
9035
9052
9142
9995
8894
9343
8909
9814
9234
9791
9099
9597
9127
8921
9147
10065
9059
9063
8939
8996
9265
9309
9822
9038
8914
8932
8956
9345
8888
9691
10101
9555
9658
10089
8974
9909
9855
8962
9548
9511
9109
9232
8932
8967
9649
9521
8979
9784
10004
9607
8913
9358
9316
9418
9185
9832
9256
9374
8951
8927
8973
9510
9539
9497
9351
9857
9114
10108
9026
9181
9372
9644
9196
9376
9169
9264
8947
9297
9345
9841
9251
10056
9022
9195
8990
9316
8985
9061
9898
8954
9529
9315
9320
9155
9549
9901
9944
9058
9550
9736
10052
9047
9197
9708
9065
9014
9325
9389
8974
9183
9889
8991
9275
9324
9751
10070
9140
8987
9458
9774
9718
9265
9834
9006
9222
9331
8971
9340
9949
9335
10040
9254
9337
9054
9485
9961
9713
9689
9229
9865
9844
9103
9276
10043
9154
9279
9090
9368
10005
9164
9287
9406
9282
9498
9086
9132
9794
9444
9797
9297
9847
9003
9225
9836
9005
9699
9062
9280
9450
9846
9415
9392
9517
9825
9299
9681
9565
10090
9031
9404
9986
9097
9042
9594
10067
9691
9697
9091
9178
9777
9500
9300
9612
9662
9071
9091
9836
9045
9386
9811
9174
9094
9746
9878
9228
9566
9139
9289
9321
9721
9112
9798
9180
9484
10088
9690
10054
9931
9806
9818
9487
9068
9602
9783
9819
9942
9390
9651
9590
9753
9388
9515
10080
9480
9951
9813
9407
9420
9528
9206
9894
9679
10083
9877
9107
9440
9745
9959
9287
9346
9524
9678
9820
9510
9502
9773
9361
9794
10095
9705
9121
9129
9792
9144
9202
9838
9348
9460
9339
9136
9929
9353
9183
9981
9338
9719
9545
10109
9873
9412
9195
9142
9876
9290
9409
9300
9567
9544
9975
9158
9424
9996
9253
9827
9116
9284
9771
9488
9851
9169
9274
9752
10096
9373
9679
9250
9994
9233
9761
9926
9249
9507
9571
9499
9537
9352
9630
9427
10014
9761
9554
9696
9789
9912
9170
9878
9184
9977
9814
9746
9232
9449
9994
9563
9171
9191
9438
9326
9496
9491
9729
9208
9252
9233
9433
9531
9816
10013
9283
9859
9210
9894
9849
9217
9318
9911
9527
9191
9551
9576
9931
10011
9396
9437
9804
9261
10103
9361
9470
9469
9784
9460
9732
9748
9441
9579
9515
9803
9414
9982
9433
9350
9932
9263
9772
9396
9660
9866
9438
9851
9870
9452
9505
9604
9255
9691
9301
9448
9686
9905
9308
9618
9732
9430
9819
9347
9598
10068
9710
9971
9437
9832
9959
9383
9360
9436
9504
9932
9857
9920
9326
9383
9283
9944
9455
9334
9448
9571
9597
9645
9292
9389
9600
9305
9436
9580
9325
9684
9638
9864
9305
9674
9769
9260
9502
9677
9266
9898
10053
9673
9712
9486
9893
9666
9930
9288
9456
9344
9669
9922
9525
9621
9625
9666
9785
10102
9438
9795
9791
9515
9633
9456
9332
9595
9688
9627
9459
9504
9865
9459
9622
9518
9621
9366
9724
9394
9405
9829
9350
9526
9360
9862
9553
10031
9581
9583
9738
9530
9519
9584
9441
9429
9824
9457
9542
9831
9778
10014
9700
9790
9423
10028
9489
9403
9574
9423
9508
9338
9361
9349
10080
9351
9387
9686
9939
9398
9606
9818
9926
9973
9600
9705
9709
9449
9704
9576
9737
9388
9468
9397
9893
10078
10092
10063
9408
9579
9426
10104
9364
9382
9384
9643
9404
9737
9465
10060
9472
9828
9900
9508
9474
10044
9398
9674
9567
9771
9512
9852
9970
9525
9652
9401
9574
9639
9755
9501
9778
9716
9881
9967
9820
9898
9536
9632
9958
9549
10052
9559
9642
9766
10034
9509
9491
9439
9929
9630
9544
10035
9646
9533
10085
9934
10076
9632
9425
9777
9831
9858
9457
9476
9503
10037
10039
9840
10008
10001
10023
9636
9731
9513
9658
9650
9573
9458
9462
9492
10077
9588
9459
9794
9494
9478
9557
9654
9668
9868
9703
10106
9830
10025
10004
9626
9904
10000
10097
9577
10020
9552
9523
9543
9826
9538
9624
9663
9972
9520
10056
9503
10106
9651
9702
9958
9965
10116
9925
9702
9653
10009
9921
9607
9552
9701
10069
9550
9891
10103
9806
9672
9686
10020
9753
9992
9773
9799
9559
9747
9823
10105
9615
9713
9933
9694
9602
9657
9542
9586
10012
9593
9628
9757
10114
10102
9856
9671
9616
9868
9884
9846
10058
9744
10067
10078
9685
9852
9883
9914
9625
9760
9803
10055
10036
10009
9692
9763
9624
9843
9748
9887
9971
9665
9663
9615
9759
9680
9927
9744
9620
9842
9882
9598
9668
10070
9697
9723
10036
9758
9711
9941
9764
9641
10098
10047
9643
9638
9759
9980
9882
10015
9801
9813
9659
10001
9943
9909
9807
10096
9675
10042
9962
9734
9784
9661
9765
10092
9740
10114
9720
9923
9693
9714
9655
9665
10094
9832
9682
9723
10041
10112
9799
9753
9707
9723
9909
9683
9861
9844
9892
9860
10111
9703
10037
9869
9917
9905
10010
9688
9692
9938
9698
9777
9712
9718
10011
9751
9979
9725
9704
9968
9865
9768
9770
10066
9827
9749
10089
9848
9729
9741
9968
9899
9925
9772
9736
10099
9754
9775
9805
9938
9750
9918
9940
9735
9776
9887
9830
9743
9974
9764
9817
9845
9864
10033
10101
9886
9948
9774
9833
10094
9782
9786
9783
9826
9966
10069
9787
9983
9808
10022
9888
9851
9947
9828
9957
9848
9824
9812
10068
9810
9863
9853
9982
9846
9951
9829
10013
9837
9821
9867
10104
9842
9825
10053
9948
9907
9849
9878
10012
10019
9845
9972
9879
10038
9870
9894
9933
10110
10055
9992
9888
9863
9954
10090
9891
9869
9915
9875
9874
10076
9952
10017
10074
9896
9895
9902
9990
10079
9924
10045
10095
9903
10100
10040
9970
10103
9903
9906
9937
10030
10077
9969
9985
10085
9931
10043
10029
9959
10116
9949
9987
10022
10089
10003
10019
10006
10093
9945
9943
10032
10071
9984
10026
9947
9989
10062
9953
10087
10092
9960
10073
9969
10000
9991
9965
9988
9966
10075
10079
10062
9987
10039
10035
10016
10064
9979
10086
9998
10099
10043
10084
10002
10061
10081
9995
10017
10038
9993
10073
10018
10087
10032
10002
10077
10111
10112
10091
10034
10059
10060
10086
10023
10031
10027
10064
10086
10044
10044
10046
10067
10055
10050
10041
10106
10085
10049
10088
10074
10100
10110
10065
10112
10063
10115
10097
10082
10096
10116
10102
10098
10104
10108
10109
10115
10114
)


// ************************************************************************* //
