/*--------------------------------*- C++ -*----------------------------------*\
| =========                 |                                                 |
| \\      /  F ield         | OpenFOAM: The Open Source CFD Toolbox           |
|  \\    /   O peration     | Version:  3.0.1                                 |
|   \\  /    A nd           | Web:      www.OpenFOAM.org                      |
|    \\/     M anipulation  |                                                 |
\*---------------------------------------------------------------------------*/
FoamFile
{
    version     2.0;
    format      ascii;
    class       labelList;
    location    "constant/polyMesh";
    object      pointProcAddressing;
}
// * * * * * * * * * * * * * * * * * * * * * * * * * * * * * * * * * * * * * //


15306
(
8
9
10
11
19
30
31
32
33
39
620
621
622
623
624
625
626
627
628
629
630
631
632
633
634
635
636
637
638
639
640
641
642
643
644
645
646
647
648
649
650
651
652
653
654
655
656
657
658
659
660
661
662
663
664
665
666
667
668
669
670
671
672
673
674
675
676
677
678
679
680
681
682
683
684
685
686
687
688
689
690
691
692
693
694
695
696
697
698
699
700
701
702
703
704
705
706
707
708
709
710
711
712
713
714
715
716
717
718
719
720
721
722
723
724
725
726
727
728
729
730
731
732
733
734
735
736
737
738
739
740
741
742
743
744
745
746
747
748
749
750
751
752
753
754
755
756
757
758
759
760
761
762
763
764
765
766
767
768
769
770
771
772
773
774
775
776
777
778
779
780
781
782
783
784
785
786
787
788
789
790
791
792
793
794
795
796
797
798
799
800
801
802
803
811
812
813
814
815
816
817
818
819
820
821
822
823
824
825
826
827
828
829
830
831
832
833
834
835
836
837
838
839
840
841
842
843
844
845
846
847
848
849
850
851
852
853
854
855
856
857
858
859
860
861
862
863
864
865
866
867
868
869
870
871
872
873
874
875
876
877
878
879
880
881
882
883
884
885
886
887
888
889
890
891
892
893
894
895
896
897
898
899
900
901
902
903
904
905
906
907
1036
1037
1038
1039
1040
1041
1042
1043
1044
1045
1046
1047
1048
1049
1050
1051
1052
1053
1054
1055
1056
1057
1058
1059
1060
1061
1062
1063
1064
1065
1066
1067
1068
1069
1070
1071
1072
1073
1074
1075
1199
1200
1201
1202
1203
1204
1205
1206
1207
1208
1209
1210
1211
1212
1213
1214
1215
1216
1217
1218
1219
1220
1221
1222
1223
1224
1225
1226
1227
1228
1229
1230
1231
1232
1233
1234
1235
1236
1237
1238
1301
1302
1303
1304
1305
1306
1307
1308
1309
1310
1311
1312
1313
1314
1315
1316
1317
1318
1319
1396
1397
1398
1399
1400
1401
1402
1403
1404
1405
1406
1407
1408
2010
2011
2012
2013
2014
2015
2016
2017
2018
2019
2020
2021
2022
2023
2024
2025
2026
2027
2028
2029
2030
2031
2032
2033
2034
2035
2036
2037
2038
2039
2040
2041
2042
2043
2044
2045
2046
2047
2048
2049
2050
2051
2052
2053
2054
2055
2056
2057
2058
2059
2060
2061
2062
2063
2064
2065
2066
2067
2068
2069
2070
2071
2072
2073
2074
2075
2076
2077
2078
2079
2080
2081
2082
2083
2084
2085
2086
2087
2088
2089
2090
2091
2092
2093
2094
2095
2096
2097
2098
2099
2100
2101
2102
2103
2104
2105
2106
2107
2108
2109
2110
2111
2112
2113
2114
2115
2116
2117
2118
2119
2120
2121
2122
2123
2124
2125
2126
2127
2128
2129
2130
2131
2132
2133
2134
2135
2136
2137
2138
2139
2140
2141
2142
2143
2144
2145
2146
2147
2148
2149
2150
2151
2152
2153
2154
2155
2156
2157
2158
2159
2160
2161
2162
2163
2164
2165
2166
2167
2168
2169
2170
2171
2172
2173
2174
2175
2176
2177
2178
2179
2180
2181
2182
2183
2184
2185
2186
2187
2188
2189
2190
2191
2192
2193
2194
2195
2196
2197
2198
2199
2200
2201
2202
2203
2204
2205
2206
2207
2208
2209
2210
2211
2212
2213
2214
2215
2216
2217
2218
2219
2220
2221
2222
2223
2224
2225
2226
2227
2228
2229
2230
2231
2232
2233
2234
2235
2236
2237
2238
2239
2240
2241
2242
2243
2244
2245
2246
2247
2248
2249
2250
2251
2252
2253
2254
2255
2256
2257
2258
2259
2260
2261
2262
2263
2264
2265
2266
2267
2268
2269
2270
2271
2272
2273
2274
2275
2276
2277
2278
2279
2280
2281
2282
2283
2284
2285
2286
2287
2288
2289
2297
2365
2366
2367
2368
2369
2370
2371
2372
2373
2374
2375
2376
2377
2378
2379
2380
2381
2382
2383
2384
2385
2386
2387
2388
2389
2390
2391
2392
2393
2394
2395
2396
2541
2542
2543
2544
2545
2546
2547
2548
2549
2550
2551
2552
2553
2554
2555
2556
2557
2558
2559
2560
2561
2562
2563
2564
2565
2566
2567
2568
2569
2570
2571
2572
2573
2574
2575
2576
2577
2578
2579
2580
2741
2742
2743
2744
2745
2746
2747
2748
2749
2750
2751
2752
2753
2754
2755
2756
2757
2758
2759
2760
2761
2762
2763
2764
2765
2766
2767
2768
2769
2770
2771
2772
2773
2774
2775
2776
2777
2778
2779
2780
12040
12041
12042
12043
12044
12045
12046
12047
12048
12049
12050
12051
12052
12053
12054
12055
12056
12057
12058
12059
12060
12061
12062
12063
12064
12065
12066
12067
12068
12069
12070
12071
12072
12073
12074
12075
12076
12077
12078
12079
12080
12081
12082
12083
12084
12085
12086
12087
12088
12089
12090
12091
12092
12093
12094
12095
12096
12097
12098
12099
12100
12101
12102
12103
12104
12105
12106
12107
12108
12109
12110
12111
12112
12113
12114
12115
12116
12117
12118
12119
12120
12121
12122
12123
12124
12125
12126
12127
12128
12129
12130
12131
12132
12133
12134
12135
12136
12137
12138
12139
12140
12141
12142
12143
12144
12145
12146
12147
12148
12149
12150
12151
12152
12153
12154
12155
12156
12157
12158
12159
12160
12161
12162
12163
12164
12165
12166
12167
12168
12169
12170
12171
12172
12173
12174
12175
12176
12177
12178
12179
12180
12181
12182
12183
12184
12185
12186
12187
12188
12189
12190
12191
12192
12193
12194
12195
12196
12197
12198
12199
12200
12201
12202
12203
12204
12205
12206
12207
12208
12209
12210
12211
12212
12213
12214
12215
12216
12217
12218
12219
12220
12221
12222
12223
12224
12225
12226
12227
12228
12229
12230
12231
12232
12233
12234
12235
12236
12237
12238
12239
12240
12241
12242
12243
12244
12245
12246
12247
12248
12249
12250
12251
12252
12253
12254
12255
12256
12257
12258
12259
12260
12261
12262
12263
12264
12265
12266
12267
12268
12269
12270
12271
12272
12273
12274
12275
12276
12277
12278
12279
12280
12281
12282
12283
12284
12285
12286
12287
12288
12289
12290
12291
12292
12293
12294
12295
12296
12297
12298
12299
12300
12301
12302
12303
12304
12305
12306
12307
12308
12309
12310
12311
12312
12313
12314
12315
12316
12317
12318
12319
12320
12321
12322
12323
12324
12325
12326
12327
12328
12329
12330
12331
12332
12333
12334
12335
12336
12337
12338
12339
12340
12341
12342
12343
12344
12345
12346
12347
12348
12349
12350
12351
12352
12353
12354
12355
12356
12357
12358
12359
12360
12361
12362
12363
12364
12365
12366
12367
12368
12369
12370
12371
12372
12373
12374
12375
12376
12377
12378
12379
12380
12381
12382
12383
12384
12385
12386
12387
12388
12389
12390
12391
12392
12393
12394
12395
12396
12397
12398
12399
12400
12401
12402
12403
12404
12405
12406
12407
12408
12409
12410
12411
12412
12413
12414
12415
12416
12417
12418
12419
12420
12421
12422
12423
12424
12425
12426
12427
12428
12429
12430
12431
12432
12433
12434
12435
12436
12437
12438
12439
12440
12441
12442
12443
12444
12445
12446
12447
12448
12449
12450
12451
12452
12453
12454
12455
12456
12457
12458
12459
12460
12461
12462
12463
12464
12465
12466
12467
12468
12469
12470
12471
12472
12473
12474
12475
12476
12477
12478
12479
12480
12481
12482
12483
12484
12485
12486
12487
12488
12489
12490
12491
12492
12493
12494
12495
12496
12497
12498
12499
12500
12501
12502
12503
12504
12505
12506
12507
12508
12509
12510
12511
12512
12513
12514
12515
12516
12517
12518
12519
12520
12521
12522
12523
12524
12525
12526
12527
12528
12529
12530
12531
12532
12533
12534
12535
12536
12537
12538
12539
12540
12541
12542
12543
12544
12545
12546
12547
12548
12549
12550
12551
12552
12553
12554
12555
12556
12557
12558
12559
12560
12561
12562
12563
12564
12565
12566
12567
12568
12569
12570
12571
12572
12573
12574
12575
12576
12577
12578
12579
12580
12581
12582
12583
12584
12585
12586
12587
12588
12589
12590
12591
12592
12593
12594
12595
12596
12597
12598
12599
12600
12601
12602
12603
12604
12605
12606
12607
12608
12609
12610
12611
12612
12613
12614
12615
12616
12617
12618
12619
12620
12621
12622
12623
12624
12625
12626
12627
12628
12629
12630
12631
12632
12633
12634
12635
12636
12637
12638
12639
12640
12641
12642
12643
12644
12645
12646
12647
12648
12649
12650
12651
12652
12653
12654
12655
12656
12657
12658
12659
12660
12661
12662
12663
12664
12665
12666
12667
12668
12669
12670
12671
12672
12673
12674
12675
12676
12677
12678
12679
12680
12681
12682
12683
12684
12685
12686
12687
12688
12689
12690
12691
12692
12693
12694
12695
12696
12697
12698
12699
12700
12701
12702
12703
12704
12705
12706
12707
12708
12709
12710
12711
12712
12713
12714
12715
12716
12717
12718
12719
12720
12721
12722
12723
12724
12725
12726
12727
12728
12729
12730
12731
12732
12733
12734
12735
12736
12737
12738
12739
12740
12741
12742
12743
12744
12745
12746
12747
12748
12749
12750
12751
12752
12753
12754
12755
12756
12757
12758
12759
12760
12761
12762
12763
12764
12765
12766
12767
12768
12769
12770
12771
12772
12773
12774
12775
12776
12777
12778
12779
12780
12781
12782
12783
12784
12785
12786
12787
12788
12789
12790
12791
12792
12793
12794
12795
12796
12797
12798
12799
12800
12801
12802
12803
12804
12805
12806
12807
12808
12809
12810
12811
12812
12813
12814
12815
12816
12817
12818
12819
12820
12821
12822
12823
12824
12825
12826
12827
12828
12829
12830
12831
12832
12833
12834
12835
12836
12837
12838
12839
12840
12841
12842
12843
12844
12845
12846
12847
12848
12849
12850
12851
12852
12853
12854
12855
12856
12857
12858
12859
12860
12861
12862
12863
12864
12865
12866
12867
12868
12869
12870
12871
12872
12873
12874
12875
12876
12877
12878
12879
12880
12881
12882
12883
12884
12885
12886
12887
12888
12889
12890
12891
12892
12893
12894
12895
12896
12897
12898
12899
12900
12901
12902
12903
12904
12905
12906
12907
12908
12909
12910
12911
12912
12913
12914
12915
12916
12917
12918
12919
12920
12921
12922
12923
12924
12925
12926
12927
12928
12929
12930
12931
12932
12933
12934
12935
12936
12937
12938
12939
12940
12941
12942
12943
12944
12945
12946
12947
12948
12949
12950
12951
12952
12953
12954
12955
12956
12957
12958
12959
12960
12961
12962
12963
12964
12965
12966
12967
12968
12969
12970
12971
12972
12973
12974
12975
12976
12977
12978
12979
12980
12981
12982
12983
12984
12985
12986
12987
12988
12989
12990
12991
12992
12993
12994
12995
12996
12997
12998
12999
13000
13001
13002
13003
13004
13005
13006
13007
13008
13009
13010
13011
13012
13013
13014
13015
13016
13017
13018
13019
13020
13021
13022
13023
13024
13025
13026
13027
13028
13029
13030
13031
13032
13033
13034
13035
13036
13037
13038
13039
13040
13041
13042
13043
13044
13045
13046
13047
13048
13049
13050
13051
13052
13053
13054
13055
13056
13057
13058
13059
13060
13061
13062
13063
13064
13065
13066
13067
13068
13069
13070
13071
13072
13073
13074
13075
13076
13077
13078
13079
13080
13081
13082
13083
13084
13085
13086
13087
13088
13089
13090
13091
13092
13093
13094
13095
13096
13097
13098
13099
13100
13101
13102
13103
13104
13105
13106
13107
13108
13109
13110
13111
13112
13113
13114
13115
13116
13117
13118
13119
13120
13121
13122
13123
13124
13125
13126
13127
13128
13129
13130
13131
13132
13133
13134
13135
13136
13137
13138
13139
13140
13141
13142
13143
13144
13145
13146
13147
13148
13149
13150
13151
13152
13153
13154
13155
13156
13157
13158
13159
13160
13161
13162
13163
13164
13165
13166
13167
13168
13169
13170
13171
13172
13173
13174
13175
13176
13177
13178
13179
13180
13181
13182
13183
13184
13185
13186
13187
13188
13189
13190
13191
13192
13193
13194
13195
13196
13197
13198
13199
13200
13201
13202
13203
13204
13205
13206
13207
13208
13209
13210
13211
13212
13213
13214
13215
13216
13217
13218
13219
13220
13221
13222
13223
13224
13225
13226
13227
13228
13229
13230
13231
13232
13233
13234
13235
13236
13237
13238
13239
13240
13241
13242
13243
13244
13245
13246
13247
13248
13249
13250
13251
13252
13253
13254
13255
13256
13257
13258
13259
13260
13261
13262
13263
13264
13265
13266
13267
13268
13269
13270
13271
13272
13273
13274
13275
13276
13277
13278
13279
13280
13281
13282
13283
13284
13285
13286
13287
13288
13289
13290
13291
13292
13293
13294
13295
13296
13297
13298
13299
13300
13301
13302
13303
13304
13305
13306
13307
13308
13309
13310
13311
13312
13313
13314
13315
13316
13317
13318
13319
13320
13321
13322
13323
13324
13325
13326
13327
13328
13329
13330
13331
13332
13333
13334
13335
13336
13337
13338
13339
13340
13341
13342
13343
13344
13345
13346
13347
13348
13349
13350
13351
13352
13353
13354
13355
13356
13357
13358
13359
13360
13361
13362
13363
13364
13365
13366
13367
13368
13369
13370
13371
13372
13373
13374
13375
13376
13377
13378
13379
13380
13381
13382
13383
13384
13385
13386
13387
13388
13389
13390
13391
13392
13393
13394
13395
13396
13397
13398
13399
13400
13401
13402
13403
13404
13405
13406
13407
13408
13409
13410
13411
13412
13413
13414
13415
13416
13417
13418
13419
13420
13421
13422
13423
13424
13425
13426
13427
13428
13429
13430
13431
13432
13433
13434
13435
13436
13437
13438
13439
13440
13441
13442
13443
13444
13445
13446
13447
13448
13449
13450
13451
13452
13453
13454
13455
13456
13457
13458
13459
13460
13461
13462
13463
13464
13465
13466
13467
13468
13469
13470
13471
13472
13473
13474
13475
13476
13477
13478
13479
13480
13481
13482
13483
13484
13485
13486
13487
13488
13489
13490
13491
13492
13493
13494
13495
13496
13497
13498
13499
13500
13501
13502
13503
13504
13505
13506
13507
13508
13509
13510
13511
13512
13513
13514
13515
13516
13517
13518
13519
13520
13521
13522
13523
13524
13525
13526
13527
13528
13529
13530
13531
13532
13533
13534
13535
13536
13537
13538
13539
13540
13541
13542
13543
13544
13545
13546
13547
13548
13549
13550
13551
13552
13553
13554
13555
13556
13557
13558
13559
13560
13561
13562
13563
13564
13565
13566
13567
13568
13569
13570
13571
13572
13573
13574
13575
13576
13577
13578
13579
13580
13581
13582
13583
13584
13585
13586
13587
13588
13589
13590
13591
13592
13593
13594
13595
13596
13597
13598
13599
13600
13601
13602
13603
13604
13605
13606
13607
13608
13609
13610
13611
13612
13613
13614
13615
13616
13617
13618
13619
13620
13621
13622
13623
13624
13625
13626
13627
13628
13629
13630
13631
13632
13633
13634
13635
13636
13637
13638
13639
13640
13641
13642
13643
13644
13645
13646
13647
13648
13649
13650
13651
13652
13653
13654
13655
13656
13657
13658
13659
13660
13661
13662
13663
13664
13665
13666
13667
13668
13669
13670
13671
13672
13673
13674
13675
13676
13677
13678
13679
13680
13681
13682
13683
13684
13685
13686
13687
13688
13689
13690
13691
13692
13693
13694
13695
13696
13697
13698
13699
13700
13701
13702
13703
13704
13705
13706
13707
13708
13709
13710
13711
13712
13713
13714
13715
13716
13717
13718
13719
13720
13721
13722
13723
13724
13725
13726
13727
13728
13729
13730
13731
13732
13733
13734
13735
13736
13737
13738
13739
13740
13741
13742
13743
13744
13745
13746
13747
13748
13749
13750
13751
13752
13753
13754
13755
13756
13757
13758
13759
13760
13761
13762
13763
13764
13765
13766
13767
13768
13769
13770
13771
13772
13773
13774
13775
13776
13777
13778
13779
13780
13781
13782
13783
13784
13785
13786
13787
13788
13789
13790
13791
13792
13793
13794
13795
13796
13797
13798
13799
13800
13801
13802
13803
13804
13805
13806
13807
13808
13809
13810
13811
13812
13813
13814
13815
13816
13817
13818
13819
13820
13821
13822
13823
13824
13825
13826
13827
13828
13829
13830
13831
13832
13833
13834
13835
13836
13837
13838
13839
13840
13841
13842
13843
13844
13845
13846
13847
13848
13849
13850
13851
13852
13853
13854
13855
13856
13857
13858
13859
13860
13861
13862
13863
13864
13865
13866
13867
13868
13869
13870
13871
13872
13873
13874
13875
13876
13877
13878
13879
13880
13881
13882
13883
13884
13885
13886
13887
13888
13889
13890
13891
13892
13893
13894
13895
13896
13897
13898
13899
13900
13901
13902
13903
13904
13905
13906
13907
13908
13909
13910
13911
13912
13913
13914
13915
13916
13917
13918
13919
13920
13921
13922
13923
13924
13925
13926
13927
13928
13929
13930
13931
13932
13933
13934
13935
13936
13937
13938
13939
13940
13941
13942
13943
13944
13945
13946
13947
13948
13949
13950
13951
13952
13953
13954
13955
13956
13957
13958
13959
13960
13961
13962
13963
13964
13965
13966
13967
13968
13969
13970
13971
13972
13973
13974
13975
13976
13977
13978
13979
13980
13981
13982
13983
13984
13985
13986
13987
13988
13989
13990
13991
13992
13993
13994
13995
13996
13997
13998
13999
14000
14001
14002
14003
14004
14005
14006
14007
14008
14009
14010
14011
14012
14013
14014
14015
14016
14017
14018
14019
14020
14021
14022
14023
14024
14025
14026
14027
14028
14029
14030
14031
14032
14033
14034
14035
14036
14037
14038
14039
14040
14041
14042
14043
14044
14045
14046
14047
14048
14049
14050
14051
14052
14053
14054
14055
14056
14057
14058
14059
14060
14061
14062
14063
14064
14065
14066
14067
14068
14069
14070
14071
14072
14073
14074
14075
14076
14077
14078
14079
14080
14081
14082
14083
14084
14085
14086
14087
14088
14089
14090
14091
14092
14093
14094
14095
14096
14097
14098
14099
14100
14101
14102
14103
14104
14105
14106
14107
14108
14109
14110
14111
14112
14113
14114
14115
14116
14117
14118
14119
14120
14121
14122
14123
14124
14125
14126
14127
14128
14129
14130
14131
14132
14133
14134
14135
14136
14137
14138
14139
14140
14141
14142
14143
14144
14145
14146
14147
14148
14149
14150
14151
14152
14153
14154
14155
14156
14157
14158
14159
14160
14161
14162
14163
14164
14165
14166
14167
14168
14169
14170
14171
14172
14173
14174
14175
14176
14177
14178
14179
14180
14181
14182
14183
14184
14185
14186
14187
14188
14189
14190
14191
14192
14193
14194
14195
14196
14197
14198
14199
14200
14201
14202
14203
14204
14205
14206
14207
14208
14209
14210
14211
14212
14213
14214
14215
14216
14217
14218
14219
14220
14221
14222
14223
14224
14225
14226
14227
14228
14229
14230
14231
14232
14233
14234
14235
14236
14237
14238
14239
14240
14241
14242
14243
14244
14245
14246
14247
14248
14249
14250
14251
14252
14253
14254
14255
14256
14257
14258
14259
14260
14261
14262
14263
14264
14265
14266
14267
14268
14269
14270
14271
14272
14273
14274
14275
14276
14277
14278
14279
14280
14281
14282
14283
14284
14285
14286
14287
14288
14289
14290
14291
14292
14293
14294
14295
14296
14297
14298
14299
14300
14301
14302
14303
14304
14305
14306
14307
14308
14309
14310
14311
14312
14313
14314
14315
14316
14317
14318
14319
14320
14321
14322
14323
14324
14325
14326
14327
14328
14329
14330
14331
14332
14333
14334
14335
14336
14337
14338
14339
14340
14341
14342
14343
14344
14345
14346
14347
14348
14349
14350
14351
14352
14353
14354
14355
14356
14357
14358
14359
14360
14361
14362
14363
14364
14365
14366
14367
14368
14369
14370
14371
14372
14373
14374
14375
14376
14377
14378
14379
14380
14381
14382
14383
14384
14385
14386
14387
14388
14389
14390
14391
14392
14393
14394
14395
14396
14397
14398
14399
14400
14401
14402
14403
14404
14405
14406
14407
14408
14409
14410
14411
14412
14413
14414
14415
14416
14417
14418
14419
14420
14421
14422
14423
14424
14425
14426
14427
14428
14429
14430
14431
14432
14433
14434
14435
14436
14437
14438
14439
14440
14441
14442
14443
14444
14445
14446
14447
14448
14449
14450
14451
14452
14453
14454
14455
14456
14457
14458
14459
14460
14461
14462
14463
14464
14465
14466
14467
14468
14469
14470
14471
14472
14473
14474
14475
14476
14477
14478
14479
14480
14481
14482
14483
14484
14485
14486
14487
14488
14489
14490
14491
14492
14493
14494
14495
14496
14497
14498
14499
14500
14501
14502
14503
14504
14505
14506
14507
14508
14509
14510
14511
14512
14513
14514
14515
14516
14517
14518
14519
14520
14521
14522
14523
14524
14525
14526
14527
14528
14529
14530
14531
14532
14533
14534
14535
14536
14537
14538
14539
14540
14541
14542
14543
14544
14545
14546
14547
14548
14549
14550
14551
14552
14553
14554
14555
14556
14557
14558
14559
14560
14561
14562
14563
14564
14565
14566
14567
14568
14569
14570
14571
14572
14573
14574
14575
14576
14577
14578
14579
14580
14581
14582
14583
14584
14585
14586
14587
14588
14589
14590
14591
14592
14593
14594
14595
14596
14597
14598
14599
14600
14601
14602
14603
14604
14605
14606
14607
14608
14609
14610
14611
14612
14613
14614
14615
14616
14617
14618
14619
14620
14621
14622
14623
14624
14625
14626
14627
14628
14629
14630
14631
14632
14633
14634
14635
14636
14637
14638
14639
14640
14641
14642
14643
14644
14645
14646
14647
14648
14649
14650
14651
14652
14653
14654
14655
14656
14657
14658
14659
14660
14661
14662
14663
14664
14665
14666
14667
14668
14669
14670
14671
14672
14673
14674
14675
14676
14677
14678
14679
14680
14681
14682
14683
14684
14685
14686
14687
14688
14689
14690
14691
14692
14693
14694
14695
14696
14697
14698
14699
14700
14701
14702
14703
14704
14705
14706
14707
14708
14709
14710
14711
14712
14713
14714
14715
14716
14717
14718
14719
14720
14721
14722
14723
14724
14725
14726
14727
14728
14729
14730
14731
14732
14733
14734
14735
14736
14737
14738
14739
14740
14741
14742
14743
14744
14745
14746
14747
14748
14749
14750
14751
14752
14753
14754
14755
14756
14757
14758
14759
14760
14761
14762
14763
14764
14765
14766
14767
14768
14769
14770
14771
14772
14773
14774
14775
14776
14777
14778
14779
14780
14781
14782
14783
14784
14785
14786
14787
14788
14789
14790
14791
14792
14793
14794
14795
14796
14797
14798
14799
14800
14801
14802
14803
14804
14805
14806
14807
14808
14809
14810
14811
14812
14813
14814
14815
14816
14817
14818
14819
14820
14821
14822
14823
14824
14825
14826
14827
14828
14829
14830
14831
14832
14833
14834
14835
14836
14837
14838
14839
14840
14841
14842
14843
14844
14845
14846
14847
14848
14849
14850
14851
14852
14853
14854
14855
14856
14857
14858
14859
14860
14861
14862
14863
14864
14865
14866
14867
14868
14869
14870
14871
14872
14873
14874
14875
14876
14877
14878
14879
14880
14881
14882
14883
14884
14885
14886
14887
14888
14889
14890
14891
14892
14893
14894
14895
14896
14897
14898
14899
14900
14901
14902
14903
14904
14905
14906
14907
14908
14909
14910
14911
14912
14913
14914
14915
14916
14917
14918
14919
14920
14921
14922
14923
14924
14925
14926
14927
14928
14929
14930
14931
14932
14933
14934
14935
14936
14937
14938
14939
14940
14941
14942
14943
14944
14945
14946
14947
14948
14949
14950
14951
14952
14953
14954
14955
14956
14957
14958
14959
14960
14961
14962
14963
14964
14965
14966
14967
14968
14969
14970
14971
14972
14973
14974
14975
14976
14977
14978
14979
14980
14981
14982
14983
14984
14985
14986
14987
14988
14989
14990
14991
14992
14993
14994
14995
14996
14997
14998
14999
15000
15001
15002
15003
15004
15005
15006
15007
15008
15009
15010
15011
15012
15013
15014
15015
15016
15017
15018
15019
15020
15021
15022
15023
15024
15025
15026
15027
15028
15029
15030
15031
15032
15033
15034
15035
15036
15037
15038
15039
15040
15041
15042
15043
15044
15045
15046
15047
15048
15049
15050
15051
15052
15053
15054
15055
15056
15057
15058
15059
15060
15061
15062
15063
15064
15065
15066
15067
15068
15069
15070
15071
15072
15073
15074
15075
15076
15077
15078
15079
15080
15081
15082
15083
15084
15085
15086
15087
15088
15089
15090
15091
15092
15093
15094
15095
15096
15097
15098
15099
15100
15101
15102
15103
15104
15105
15106
15107
15108
15109
15110
15111
15112
15113
15114
15115
15116
15117
15118
15119
15120
15121
15122
15123
15124
15125
15126
15127
15128
15129
15130
15131
15132
15133
15134
15135
15136
15137
15138
15139
15140
15141
15142
15143
15144
15145
15146
15147
15148
15149
15150
15151
15152
15153
15154
15155
15156
15157
15158
15159
15160
15161
15162
15163
15164
15165
15166
15167
15168
15169
15170
15171
15172
15173
15174
15175
15176
15177
15178
15179
15180
15181
15182
15183
15184
15185
15186
15187
15188
15189
15190
15191
15192
15193
15194
15195
15196
15197
15198
15199
15200
15201
15202
15203
15204
15205
15206
15207
15208
15209
15210
15211
15212
15213
15214
15215
15216
15217
15218
15219
15220
15221
15222
15223
15224
15225
15226
15227
15228
15229
15230
15231
15232
15233
15234
15235
15236
15237
15238
15239
15240
15241
15242
15243
15244
15245
15246
15247
15248
15249
15250
15251
15252
15253
15254
15255
15256
15257
15258
15259
15260
15261
15262
15263
15264
15265
15266
15267
15268
15269
15270
15271
15272
15273
15274
15275
15276
15277
15278
15279
15280
15281
15282
15283
15284
15285
15286
15287
15288
15289
15290
15291
15292
15293
15294
15295
15296
15297
15298
15299
15300
15301
15302
15303
15304
15305
15306
15307
15308
15309
15310
15311
15312
15313
15314
15315
15316
15317
15318
15319
15320
15321
15322
15323
15324
15325
15326
15327
15328
15329
15330
15331
15332
15333
15334
15335
15336
15337
15338
15339
15340
15341
15342
15343
15344
15345
15346
15347
15348
15349
15350
15351
15352
15353
15354
15355
15356
15357
15358
15359
15360
15361
15362
15363
15364
15365
15366
15367
15368
15369
15370
15371
15372
15373
15374
15375
15376
15377
15378
15379
15380
15381
15382
15383
15384
15385
15386
15387
15388
15389
15390
15391
15392
15393
15394
15395
15396
15397
15398
15399
15400
15401
15402
15403
15404
15405
15406
15407
15408
15409
15410
15411
15412
15413
15414
15415
15416
15417
15418
15419
15420
15421
15422
15423
15424
15425
15426
15427
15428
15429
15430
15431
15432
15433
15434
15435
15436
15437
15438
15439
15440
15441
15442
15443
15444
15445
15446
15447
15448
15449
15450
15451
15452
15453
15454
15455
15456
15457
15458
15459
15460
15461
15462
15463
15464
15465
15466
15467
15468
15469
15470
15471
15472
15473
15474
15475
15476
15477
15478
15479
15480
15481
15482
15483
15484
15485
15486
15487
15488
15489
15490
15491
15492
15493
15494
15495
15496
15497
15498
15499
15500
15501
15502
15503
15504
15505
15506
15507
15508
15509
15510
15511
15512
15513
15514
15515
15516
15517
15518
15519
15520
15521
15522
15523
15524
15525
15526
15527
15528
15529
15530
15531
15532
15533
15534
15535
15536
15537
15538
15539
15540
15541
15542
15543
15544
15545
15546
15547
15548
15549
15550
15551
15552
15553
15554
15555
15556
15557
15558
15559
15560
15561
15562
15563
15564
15565
15566
15567
15568
15569
15570
15571
15572
15573
15574
15575
15576
15577
15578
15579
15580
15581
15582
15583
15584
15585
15586
15587
15588
15589
15590
15591
15592
15593
15594
15595
15596
15597
15598
15599
15600
15601
15602
15603
15604
15605
15606
15607
15608
15609
15610
15611
15612
15613
15614
15615
15616
15617
15618
15619
15620
15621
15622
15623
15624
15625
15626
15627
15628
15629
15630
15631
15632
15633
15634
15635
15636
15637
15638
15639
15640
15641
15642
15643
15644
15645
15646
15647
15648
15649
15650
15651
15652
15653
15654
15655
15656
15657
15658
15659
15660
15661
15662
15663
15664
15665
15666
15667
15668
15669
15670
15671
15672
15673
15674
15675
15676
15677
15678
15679
15680
15681
15682
15683
15684
15685
15686
15687
15688
15689
15690
15691
15692
15693
15694
15695
15696
15697
15698
15699
15700
15701
15702
15703
15704
15705
15706
15707
15708
15709
15710
15711
15712
15713
15714
15715
15716
15717
15718
15719
15720
15721
15722
15723
15724
15725
15726
15727
15728
15729
15730
15731
15732
15733
15734
15735
15736
15737
15738
15739
15740
15741
15742
15743
15744
15745
15746
15747
15748
15749
15750
15751
15752
15753
15754
15755
15756
15757
15758
15759
15760
15761
15762
15763
15764
15765
15766
15767
15768
15769
15770
15771
15772
15773
15774
15775
15776
15777
15778
15779
15780
15781
15782
15783
15784
15785
15786
15787
15788
15789
15790
15791
15792
15793
15794
15795
15796
15797
15798
15799
15800
15801
15802
15803
15804
15805
15806
15807
15808
15809
15810
15811
15812
15813
15814
15815
15816
15817
15818
15819
15820
15821
15822
15823
15824
15825
15826
15827
15828
15829
15830
15831
15832
15833
15834
15835
15836
15837
15838
15839
15840
15841
15842
15843
15844
15845
15846
15847
15848
15849
15850
15851
15852
15853
15854
15855
15856
15857
15858
15859
15860
15861
15862
15863
15864
15865
15866
15867
15868
15869
15870
15871
15872
15873
15874
15875
15876
15877
15878
15879
15880
15881
15882
15883
15884
15885
15886
15887
15888
15889
15890
15891
15892
15893
15894
15895
15896
15897
15898
15899
15900
15901
15902
15903
15904
15905
15906
15907
15908
15909
15910
15911
15912
15913
15914
15915
15916
15917
15918
15919
15920
15921
15922
15923
15924
15925
15926
15927
15928
15929
15930
15931
15932
15933
15934
15935
15936
15937
15938
15939
15940
15941
15942
15943
15944
15945
15946
15947
15948
15949
15950
15951
15952
15953
15954
15955
15956
15957
15958
15959
15960
15961
15962
15963
15964
15965
15966
15967
15968
15969
15970
15971
15972
15973
15974
15975
15976
15977
15978
15979
15980
15981
15982
15983
15984
15985
15986
15987
15988
15989
15990
15991
15992
15993
15994
15995
15996
15997
15998
15999
16000
16001
16002
16003
16004
16005
16006
16007
16008
16009
16010
16011
16012
16013
16014
16015
16016
16017
16018
16019
16020
16021
16022
16023
16024
16025
16026
16027
16028
16029
16030
16031
16032
16033
16034
16035
16036
16037
16038
16039
16040
16041
16042
16043
16044
16045
16046
16047
16048
16049
16050
16051
16052
16053
16054
16055
16056
16057
16058
16059
16060
16061
16062
16063
16064
16065
16066
16067
16068
16069
16070
16071
16072
16073
16074
16075
16076
16077
16078
16079
16080
16081
16082
16083
16084
16085
16086
16087
16088
16089
16090
16091
16092
16093
16094
16095
16096
16097
16098
16099
16100
16101
16102
16103
16104
16105
16106
16107
16108
16109
16110
16111
16112
16113
16114
16115
16116
16117
16118
16119
16120
16121
16122
16123
16124
16125
16126
16127
16128
16129
16130
16131
16132
16133
16134
16135
16136
16137
16138
16139
16140
16141
16142
16143
16144
16145
16146
16147
16148
16149
16150
16151
16152
16153
16154
16155
16156
16157
16158
16159
16160
16161
16162
16163
16164
16165
16166
16167
16168
16169
16170
16171
16172
16173
16174
16175
16176
16177
16178
16179
16180
16181
16182
16183
16184
16185
16186
16187
16188
16189
16190
16191
16192
16193
16194
16195
16196
16197
16198
16199
16200
16201
16202
16203
16204
16205
16206
16207
16208
16209
16210
16211
16212
16213
16214
16215
16216
16217
16218
16219
16220
16221
16222
16223
16224
16225
16226
16227
16228
16229
16230
16231
16232
16233
16234
16235
16236
16237
16238
16239
16240
16241
16242
16243
16244
16245
16246
16247
16248
16249
16250
16251
16252
16253
16254
16255
16256
16257
16258
16259
16260
16261
16262
16263
16264
16265
16266
16267
16268
16269
16270
16271
16272
16273
16274
16275
16276
16277
16278
16279
16280
16281
16282
16283
16284
16285
16286
16287
16288
16289
16290
16291
16292
16293
16294
16295
16296
16297
16298
16299
16300
16301
16302
16303
16304
16305
16306
16307
16308
16309
16310
16311
16312
16313
16314
16315
16316
16317
16318
16319
16320
16321
16322
16323
16324
16325
16326
16327
16328
16329
16330
16331
16332
16333
16334
16335
16336
16337
16338
16339
16340
16341
16342
16343
16344
16345
16346
16347
16348
16349
16350
16351
16352
16353
16354
16355
16356
16357
16358
16359
16360
16361
16362
16363
16364
16365
16366
16367
16368
16369
16370
16371
16372
16373
16374
16375
16376
16377
16378
16379
16380
16381
16382
16383
16384
16385
16386
16387
16388
16389
16390
16391
16392
16393
16394
16395
16396
16397
16398
16399
16400
16401
16402
16403
16404
16405
16406
16407
16408
16409
16410
16411
16412
16413
16414
16415
16416
16417
16418
16419
16420
16421
16422
16423
16424
16425
16426
16427
16428
16429
16430
16431
16432
16433
16434
16435
16436
16437
16438
16439
16440
16441
16442
16443
16444
16445
16446
16447
16448
16449
16450
16451
16452
16453
16454
16455
16456
16457
16458
16459
16460
16461
16462
16463
16464
16465
16466
16467
16468
16469
16470
16471
16472
16473
16474
16475
16476
16477
16478
16479
16480
16481
16482
16483
16484
16485
16486
16487
16488
16489
16490
16491
16492
16493
16494
16495
16496
16497
16498
16499
16500
16501
16502
16503
16504
16505
16506
16507
16508
16509
16510
16511
16512
16513
16514
16515
16516
16517
16518
16519
16520
16521
16522
16523
16524
16525
16526
16527
16528
16529
16530
16531
16532
16533
16534
16535
16536
16537
16538
16539
16540
16541
16542
16543
16544
16545
16546
16547
16548
16549
16550
16551
16552
16553
16554
16555
16556
16557
16558
16559
16560
16561
16562
16563
16564
16565
16566
16567
16568
16569
16570
16571
16572
16573
16574
16575
16576
16577
16578
16579
16580
16581
16582
16583
16584
16585
16586
16587
16588
16589
16590
16591
16592
16593
16594
16595
16596
16597
16598
16599
16600
16601
16602
16603
16604
16605
16606
16607
16608
16609
16610
16611
16612
16613
16614
16615
16616
16617
16618
16619
16620
16621
16622
16623
16624
16625
16626
16627
16628
16629
16630
16631
16632
16633
16634
16635
16636
16637
16638
16639
16640
16641
16642
16643
16644
16645
16646
16647
16778
16780
16785
16791
16794
16802
16810
16812
16815
16820
16821
16829
16835
16837
16840
16844
16855
16864
16870
16872
16878
16881
16883
16890
16896
16903
16904
16907
16908
16921
16922
16923
16930
16932
16939
16940
16950
16958
16961
16963
16965
16973
16979
16981
16984
16987
16996
17000
17008
17010
17018
17026
17030
17041
17044
17047
17050
17057
17066
17068
17071
17077
17079
17093
17096
17101
17102
17108
17113
17115
17119
17121
17122
17128
17131
17137
17138
17143
17146
17148
17157
17160
17166
17171
17182
17183
17184
17198
17204
17207
17213
17216
17217
17219
17229
17236
17237
17242
17246
17249
17253
17258
17263
17273
17278
17283
17287
17294
17299
17302
17304
17320
17328
17330
17338
17341
17347
17348
17350
17352
17353
17363
17370
17378
17380
17385
17388
17389
17392
17403
17413
17416
17418
17422
17425
17434
17436
17438
17443
17449
17460
17466
17469
17479
17481
17484
17488
17489
17491
17495
17501
17502
17508
17512
17515
17529
17530
17540
17541
17550
17558
17560
17567
17579
17584
17587
17591
17593
17595
17597
17607
17610
17611
17621
17626
17633
17639
17641
17650
17656
17658
17664
17669
17681
17684
17685
17691
17693
17695
17698
17703
17704
17706
17707
17714
17726
17728
17730
17735
17736
17746
17757
17763
17767
17768
17777
17781
17782
17789
17790
17793
17798
17799
17805
17808
17809
17813
17816
17822
17826
17831
17833
17837
17839
17842
17848
17858
17864
17875
17877
17885
17888
17889
17894
17898
17899
17907
17910
17912
17916
17919
17921
17926
17929
17940
17943
17944
17955
17956
17968
17979
17984
17986
17989
17991
18000
18001
18002
18014
18030
18031
18032
18037
18039
18045
18049
18052
18057
18073
18078
18079
18081
18082
18092
18094
18099
18111
18114
18115
18119
18122
18134
18135
18140
18142
18146
18148
18149
18161
18163
18165
18168
18179
18185
18186
18187
18191
18197
18201
18203
18205
18210
18211
18214
18220
18223
18234
18241
18252
18253
18258
18259
18264
18267
18269
18274
18280
18282
18290
18303
18306
18309
18314
18317
18321
18323
18327
18329
18331
18332
18337
18339
18346
18350
18359
18363
18376
18379
18384
18385
18387
18392
18393
18403
18412
18414
18424
18432
18438
18442
18445
18446
18455
18458
18460
18461
18469
18471
18472
18477
18480
18483
18492
18494
18501
18502
18505
18511
18519
18526
18532
18539
18541
18543
18548
18552
18562
18563
18566
18573
18576
18586
18587
18590
18591
18597
18606
18621
18623
18629
18630
18634
18635
18644
18646
18647
18648
18657
18660
18672
18682
18690
18694
18696
18705
18709
18710
18713
18715
18717
18726
18731
18737
18744
18751
18756
18758
18761
18762
18766
18770
18772
18776
18788
18796
18810
18815
18816
18817
18820
18822
18834
18843
18844
18847
18850
18854
18855
18859
18862
18869
18872
18874
18876
18894
18897
18901
18903
18907
18911
18914
18920
18923
18925
18926
18940
18942
18946
18949
18953
18957
18963
18964
18973
18974
18978
18981
18982
18983
18988
19002
19014
19017
19018
19021
19025
19032
19035
19040
19043
19046
19049
19051
19056
19060
19063
19067
19074
19081
19086
19087
19093
19098
19106
19112
19113
19121
19124
19137
19140
19147
19154
19160
19167
19174
19175
19180
19184
19187
19193
19200
19203
19211
19212
19215
19231
19237
19238
19242
19254
19255
19261
19269
19270
19282
19286
19288
19303
19306
19307
19312
19313
19318
19325
19327
19329
19332
19335
19337
19340
19346
19355
19357
19374
19378
19379
19385
19386
19392
19394
19406
19428
19429
19432
19433
19444
19445
19452
19456
19467
19473
19475
19481
19483
19496
19499
19504
19514
19518
19531
19533
19545
19547
19549
19550
19553
19557
19567
19568
19571
19572
19577
19578
19582
19587
19592
19594
19602
19605
19608
19612
19619
19620
19626
19640
19646
19647
19650
19653
19662
19667
19669
19671
19675
19680
19683
19691
19695
19705
19709
19711
19713
19714
19720
19724
19725
19730
19732
19734
19741
19742
19743
19747
19757
19761
19766
19769
19773
19781
19782
19786
19795
19801
19807
19808
19819
19822
19824
19826
19828
19844
19848
19850
19851
19855
19856
19858
19859
19866
19869
19877
19879
19880
19884
19886
19893
19894
19900
19903
19911
19924
19925
19928
19930
19931
19934
19944
19950
19953
19959
19968
19977
19981
19985
19989
19992
19995
19996
20000
20012
20015
20019
20028
20034
20036
20038
20045
20047
20052
20056
20064
20066
20077
20081
20088
20089
20094
20095
20096
20100
20103
20108
20111
20113
20119
20123
20124
20127
20131
20132
20135
20140
20149
20150
20152
20153
20160
20167
20168
20175
20177
20179
20185
20190
20194
20201
20206
20209
20213
20214
20218
20219
20221
20223
20240
20243
20244
20245
20259
20266
20280
20281
20286
20292
20299
20304
20307
20309
20311
20313
20314
20319
20322
20325
20329
20335
20337
20349
20350
20354
20356
20361
20371
20373
20374
20376
20379
20387
20388
20391
20393
20394
20400
20401
20402
20407
20410
20413
20418
20419
20432
20433
20438
20439
20442
20445
20447
20451
20460
20464
20466
20471
20473
20476
20478
20479
20481
20483
20485
20494
20500
20502
20504
20506
20511
20523
20529
20533
20537
20543
20547
20551
20553
20564
20574
20575
20578
20587
20597
20598
20603
20606
20612
20614
20621
20627
20630
20633
20635
20647
20660
20667
20671
20678
20686
20687
20689
20690
20695
20698
20701
20702
20712
20717
20729
20732
20739
20748
20754
20763
20765
20766
20770
20775
20776
20778
20781
20788
20791
20792
20799
20818
20819
20821
20825
20827
20829
20837
20845
20857
20860
20862
20864
20868
20869
20871
20872
20881
20883
20885
20889
20891
20901
20903
20910
20913
20927
20929
20930
20931
20936
20950
20952
20954
20955
20963
20966
20973
20975
20980
20981
20986
20987
20993
20996
20998
21003
21006
21009
21016
21019
21043
21045
21052
21054
21060
21066
21067
21085
21097
21100
21102
21105
21107
21108
21115
21117
21121
21122
21125
21130
21133
21135
21139
21144
21150
21157
21163
21165
21172
21174
21180
21185
21187
21190
21194
21197
21199
21204
21212
21217
21221
21222
21223
21235
21238
21245
21247
21252
21253
21259
21268
21276
21280
21287
21289
21296
21303
21304
21307
21308
21312
21313
21327
21328
21338
21341
21346
21355
21356
21361
21365
21366
21374
21377
21378
21381
21389
21390
21394
21399
21405
21406
21409
21414
21419
21426
21431
21435
21440
21448
21450
21469
21474
21476
21486
21495
21498
21500
21524
21527
21531
21532
21538
21546
21550
21558
21560
21561
21568
21572
21583
21588
21591
21592
21596
21598
21601
21603
21609
21610
21611
21612
21613
21615
21621
21625
21630
21642
21646
21650
21654
21660
21661
21663
21666
21668
21669
21681
21687
21705
21707
21708
21714
21716
21719
21720
21726
21728
21731
21733
21734
21736
21740
21744
21750
21753
21762
21764
21772
21775
21778
21784
21792
21801
21806
21817
21822
21827
21832
21839
21843
21844
21850
21851
21856
21859
21862
21868
21873
21880
21881
21888
21895
21911
21915
21926
21931
21933
21938
21948
21949
21952
21961
21962
21965
21972
21974
21988
21992
21993
22003
22004
22011
22015
22028
22029
22033
22034
22035
22040
22045
22046
22051
22055
22056
22069
22072
22076
22081
22082
22089
22092
22093
22096
22112
22121
22129
22130
22134
22139
22142
22143
22148
22152
22157
22161
22162
22163
22171
22181
22184
22193
22199
22200
22204
22209
22211
22215
22217
22218
22220
22221
22227
22228
22243
22246
22255
22260
22266
22270
22275
22276
22281
22296
22300
22303
22313
22315
22317
22318
22320
22323
22330
22336
22338
22339
22354
22356
22360
22362
22363
22368
22375
22377
22385
22388
22390
22391
22394
22395
22399
22402
22418
22423
22425
22428
22431
22441
22445
22447
22455
22461
22464
22468
22474
22475
22477
22479
22483
22488
22490
22493
22498
22500
22502
22506
22510
22518
22519
22520
22522
22526
22529
22532
22543
22548
22555
22556
22574
22575
22576
22582
22583
22586
22592
22597
22604
22605
22608
22615
22625
22627
22632
22634
22641
22650
22651
22655
22663
22684
22691
22697
22702
22706
22712
22719
22720
22728
22731
22736
22741
22748
22758
22760
22763
22769
22777
22778
22783
22808
22817
22818
22825
22827
22829
22830
22835
22842
22847
22850
22856
22864
22867
22868
22876
22882
22886
22896
22897
22898
22907
22909
22918
22921
22930
22932
22935
22940
22942
22951
22953
22955
22956
22961
22965
22969
22976
22980
22981
22983
22990
22991
22997
23000
23005
23010
23012
23013
23023
23030
23031
23035
23037
23041
23047
23049
23051
23059
23065
23066
23073
23079
23080
23082
23089
23096
23105
23112
23123
23127
23128
23130
23134
23137
23142
23146
23149
23151
23154
23159
23167
23169
23172
23180
23181
23186
23187
23194
23197
23202
23203
23204
23218
23221
23223
23230
23232
23243
23244
23245
23258
23259
23283
23289
23298
23307
23309
23311
23312
23319
23325
23334
23354
23356
23361
23362
23365
23370
23375
23376
23379
23385
23396
23411
23412
23418
23421
23423
23434
23440
23441
23443
23449
23451
23453
23455
23457
23464
23476
23484
23485
23490
23491
23494
23495
23501
23503
23504
23510
23514
23515
23522
23528
23532
23533
23537
23550
23556
23559
23568
23570
23572
23576
23587
23589
23595
23597
23603
23604
23607
23610
23612
23625
23629
23630
23632
23636
23638
23639
23640
23645
23650
23652
23663
23672
23676
23677
23685
23700
23704
23705
23708
23715
23717
23720
23725
23727
23729
23732
23741
23748
23750
23754
23756
23767
23771
23772
23774
23775
23783
23785
23788
23798
23800
23804
23807
23808
23814
23815
23820
23821
23827
23830
23833
23834
23836
23839
23841
23846
23862
23868
23877
23878
23881
23886
23888
23890
23891
23894
23911
23914
23922
23928
23931
23947
23951
23969
23972
23979
23982
23987
23995
23999
24002
24011
24015
24017
24018
24019
24020
24021
24022
24023
24044
24045
24055
24056
24060
24066
24073
24075
24077
24083
24087
24088
24095
24102
24103
24105
24115
24119
24126
24130
24135
24156
24162
24164
24165
24167
24174
24176
24177
24179
24180
24189
24190
24193
24199
24206
24214
24218
24219
24220
24229
24235
24238
24246
24251
24252
24256
24267
24272
24278
24279
24283
24284
24286
24287
24298
24300
24306
24307
24309
24312
24321
24322
24324
24341
24354
24361
24364
24366
24374
24378
24385
24395
24401
24403
24406
24408
24410
24414
24417
24420
24428
24435
24446
24447
24450
24451
24452
24457
24465
24467
24470
24484
24486
24488
24490
24493
24500
24506
24513
24518
24520
24525
24530
24532
24539
24543
24547
24551
24552
24564
24566
24570
24572
24577
24585
24597
24600
24602
24620
24625
24632
24639
24643
24645
24648
24654
24661
24666
24676
24678
24684
24685
24689
24690
24691
24692
24695
24697
24700
24703
24713
24717
24729
24730
24737
24740
24749
24750
24751
24759
24767
24769
24773
24774
24777
24791
24793
24795
24808
24817
24824
24828
24834
24840
24844
24851
24854
24858
24862
24877
24892
24898
24903
24906
24908
24923
24925
24926
24927
24933
24939
24943
24947
24955
24956
24957
24962
24965
24970
24975
24978
24980
24984
24988
24992
25003
25007
25008
25020
25023
25031
25036
25037
25043
25050
25057
25058
25060
25071
25072
25081
25086
25093
25096
25097
25101
25117
25118
25128
25130
25133
25137
25141
25148
25149
25153
25156
25159
25165
25166
25180
25186
25188
25200
25202
25203
25208
25209
25210
25212
25217
25226
25227
25235
25240
25244
25247
25256
25261
25263
25271
25275
25278
25284
25286
25301
25303
25305
25311
25315
25319
25320
25321
25323
25326
25327
25334
25336
25350
25351
25353
25378
25379
25381
25382
25389
25396
25399
25408
25420
25422
25433
25437
25439
25451
25454
25456
25461
25466
25475
25485
25489
25491
25495
25503
25509
25514
25520
25526
25527
25535
25537
25539
25546
25556
25560
25562
25563
25569
25573
25574
25590
25595
25610
25623
25628
25633
25634
25635
25644
25646
25650
25653
25656
25660
25662
25665
25675
25688
25694
25695
25698
25713
25724
25730
25731
25739
25741
25742
25744
25746
25750
25752
25757
25760
25763
25769
25775
25784
25787
25792
25795
25798
25800
25803
25805
25806
25807
25808
25819
25844
25849
25852
25854
25862
25865
25867
25885
25890
25892
25897
25900
25902
25903
25906
25909
25915
25919
25934
25945
25952
25954
25965
25967
25971
25974
25981
25982
25991
25992
25994
26001
26007
26012
26015
26021
26028
26032
26037
26041
26042
26045
26050
26056
26062
26064
26070
26071
26073
26076
26088
26091
26096
26100
26102
26107
26122
26124
26130
26137
26138
26144
26150
26160
26161
26165
26186
26192
26196
26201
26213
26218
26220
26221
26224
26225
26231
26234
26246
26252
26257
26259
26263
26265
26274
26279
26297
26298
26302
26306
26307
26313
26318
26324
26326
26329
26330
26334
26349
26355
26362
26365
26369
26378
26385
26388
26392
26398
26403
26423
26440
26441
26444
26445
26449
26453
26459
26462
26465
26485
26490
26493
26508
26517
26520
26523
26530
26537
26550
26551
26554
26555
26559
26566
26568
26569
26575
26582
26584
26587
26595
26599
26602
26604
26605
26610
26613
26621
26625
26629
26632
26633
26642
26647
26648
26650
26654
26655
26660
26661
26666
26669
26683
26685
26686
26689
26692
26702
26703
26704
26706
26709
26725
26732
26740
26744
26751
26755
26758
26761
26762
26764
26770
26783
26785
26786
26787
26788
26789
26791
26792
26793
26798
26810
26813
26820
26821
26824
26827
26836
26843
26851
26858
26864
26871
26879
26888
26896
26903
26906
26910
26923
26936
26938
26940
26942
26943
26952
26957
26966
26969
26971
26974
26976
26977
26986
26995
27002
27003
27007
27011
27013
27027
27029
27030
27031
27033
27034
27043
27045
27058
27066
27067
27074
27077
27080
27081
27082
27085
27087
27089
27107
27110
27113
27121
27122
27144
27146
27150
27155
27165
27173
27174
27185
27187
27190
27193
27194
27197
27210
27217
27222
27223
27224
27230
27239
27243
27244
27248
27258
27264
27269
27271
27272
27278
27280
27285
27289
27291
27292
27296
27305
27307
27313
27318
27321
27325
27348
27358
27359
27363
27380
27386
27389
27397
27400
27402
27406
27411
27422
27430
27443
27445
27448
27453
27456
27458
27473
27480
27496
27500
27511
27514
27519
27522
27533
27538
27541
27545
27547
27553
27576
27578
27588
27590
27591
27605
27611
27615
27618
27624
27626
27628
27642
27644
27649
27651
27654
27657
27659
27669
27674
27677
27680
27694
27697
27714
27717
27722
27723
27728
27729
27735
27736
27740
27749
27755
27761
27763
27768
27771
27774
27789
27802
27813
27819
27821
27822
27824
27826
27827
27830
27833
27834
27839
27840
27851
27856
27859
27867
27871
27876
27886
27888
27890
27892
27901
27907
27913
27921
27922
27925
27928
27931
27933
27936
27941
27947
27955
27957
27962
27964
27970
27974
27978
27987
28000
28006
28010
28017
28026
28030
28040
28042
28044
28052
28059
28066
28069
28071
28073
28081
28089
28091
28092
28097
28102
28104
28110
28115
28120
28121
28125
28129
28130
28138
28139
28140
28142
28147
28160
28162
28163
28164
28166
28171
28172
28174
28176
28182
28195
28200
28202
28207
28208
28211
28222
28223
28226
28230
28231
28249
28250
28254
28255
28256
28267
28270
28274
28280
28283
28289
28292
28299
28300
28308
28314
28315
28317
28322
28324
28325
28330
28331
28332
28334
28336
28342
28346
28349
28354
28361
28374
28377
28379
28390
28408
28413
28414
28416
28419
28425
28432
28433
28434
28448
28456
28458
28466
28473
28474
28475
28476
28481
28491
28495
28504
28507
28518
28524
28525
28529
28530
28541
28544
28547
28563
28571
28577
28582
28585
28601
28608
28613
28617
28623
28630
28649
28650
28653
28656
28673
28674
28676
28685
28692
28695
28696
28698
28711
28717
28723
28724
28727
28739
28751
28760
28772
28777
28781
28784
28787
28797
28803
28806
28814
28823
28828
28834
28837
28847
28857
28868
28882
28895
28919
28920
28922
28932
28936
28938
28948
28950
28952
28954
28957
28963
28965
28969
28978
28981
28983
28986
28989
28992
28994
29001
29003
29005
29010
29012
29017
29021
29024
29032
29035
29039
29041
29042
29052
29059
29060
29069
29076
29084
29088
29094
29101
29102
29111
29118
29121
29122
29123
29138
29147
29151
29154
29156
29166
29170
29177
29181
29190
29195
29197
29200
29210
29211
29217
29227
29229
29230
29248
29250
29253
29254
29259
29262
29269
29271
29275
29277
29279
29282
29285
29292
29299
29302
29304
29305
29316
29317
29325
29329
29338
29340
29344
29348
29351
29355
29363
29367
29372
29379
29382
29384
29385
29389
29390
29395
29409
29412
29414
29420
29423
29425
29428
29455
29458
29464
29468
29477
29479
29485
29498
29502
29508
29513
29527
29529
29530
29531
29532
29533
29534
29538
29539
29541
29545
29548
29549
29550
29559
29565
29577
29580
29586
29599
29601
29604
29608
29610
29611
29620
29625
29626
29627
29634
29640
29641
29644
38864
38865
38866
38867
38868
38869
38870
38871
38872
38873
38874
38875
38876
38877
38878
38879
38880
38881
38882
38883
38884
38885
38886
38887
38888
38889
38890
38891
38892
38893
38894
38895
38896
38897
38898
38899
38900
38901
38902
38903
38904
38905
38906
38907
38908
38909
38910
38911
38912
38913
38914
38915
38916
38917
38918
38919
38920
38921
38922
38923
38924
38925
38926
38927
38928
38929
38930
38931
38932
38933
38934
38935
38936
38937
38938
38939
38940
38941
38942
38943
38944
38945
38946
38947
38948
38949
38950
38951
38952
38953
38954
38955
38956
38957
38958
38959
38960
38961
38962
38963
38964
38965
38966
38967
38968
38969
38970
38971
38972
38973
38974
38975
38976
38977
38978
38979
38980
38981
38982
38983
38984
38985
38986
38987
38988
38989
38990
38991
38992
38993
38994
38995
38996
38997
38998
38999
39000
39001
39002
39003
39004
39005
39006
39007
39008
39009
39010
39011
39012
39013
39014
39015
39016
39017
39018
39019
39020
39021
39022
39023
39024
39025
39026
39027
39028
39029
39030
39031
39032
39033
39034
39035
39036
39037
39038
39039
39040
39041
39042
39043
39044
39045
39046
39047
39048
39049
39050
39051
39052
39053
39054
39055
39056
39057
39058
39059
39060
39061
39062
39063
39064
39065
39066
39067
39068
39069
39070
39071
39072
39073
39074
39075
39076
39077
39078
39079
39080
39081
39082
39083
39084
39085
39086
39087
39088
39089
39090
39091
39092
39093
39094
39095
39096
39097
39098
39099
39100
39101
39102
39103
39104
39105
39106
39107
39108
39109
39110
39111
39112
39113
39114
39115
39116
39117
39118
39119
39120
39121
39122
39123
39124
39125
39126
39127
39128
39129
39130
39131
39132
39133
39134
39135
39136
39137
39138
39139
39140
39141
39142
39143
39144
39145
39146
39147
39148
39149
39150
39151
39152
39153
39154
39155
39156
39157
39158
39159
39160
39161
39162
39163
39164
39165
39166
39167
39168
39169
39170
39171
39172
39173
39174
39175
39176
39177
39178
39179
39180
39181
39182
39183
39184
39185
39186
39187
39188
39189
39190
39191
39192
39193
39194
39195
39196
39197
39198
39199
39200
39201
39202
39203
39204
39205
39206
39207
39208
39209
39210
39211
39212
39213
39214
39215
39216
39217
39218
39219
39220
39221
39222
39223
39224
39225
39226
39227
39228
39229
39230
39231
39232
39233
39234
39235
39236
39237
39238
39239
39240
39241
39242
39243
39244
39245
39246
39247
39248
39249
39250
39251
39252
39253
39254
39255
39256
39257
39258
39259
39260
39261
39262
39263
39264
39265
39266
39267
39268
39269
39270
39271
39272
39273
39274
39275
39276
39277
39278
39279
39280
39281
39282
39283
39284
39285
39286
39287
39288
39289
39290
39291
39292
39293
39294
39295
39296
39297
39298
39299
39300
39301
39302
39303
39304
39305
39306
39307
39308
39309
39310
39311
39312
39313
39314
39315
39316
39317
39318
39319
39320
39321
39322
39323
39324
39325
39326
39327
39328
39329
39330
39331
39332
39333
39334
39335
39336
39337
39338
39339
39340
39341
39342
39343
39344
39345
39346
39347
39348
39349
39350
39351
39352
39353
39354
39355
39356
39357
39358
39359
39360
39361
39362
39363
39364
39365
39366
39367
39368
39369
39370
39371
39372
39373
39374
39375
39376
39377
39378
39379
39380
39381
39382
39383
39384
39385
39386
39387
39388
39389
39390
39391
39392
39393
39394
39395
39396
39397
39398
39399
39400
39401
39402
39403
39404
39405
39406
39407
39408
39409
39410
39411
39412
39413
39414
39415
39416
39417
39418
39419
39420
39421
39422
39423
39424
39425
39426
39427
39428
39429
39430
39431
39432
39433
39434
39435
39436
39437
39438
39439
39440
39441
39442
39443
39444
39445
39446
39447
39448
39449
39450
39451
39452
39453
39454
39455
39456
39457
39458
39459
39460
39461
39462
39463
39464
39465
39466
39467
39468
39469
39470
39471
39472
39473
39474
39475
39476
39477
39478
39479
39480
39481
39482
39483
39484
39485
39486
39487
39488
39489
39490
39491
39492
39493
39494
39495
39496
39497
39498
39499
39500
39501
39502
39503
39504
39505
39506
39507
39508
39509
39510
39511
39512
39513
39514
39515
39516
39517
39518
39519
39520
39521
39522
39523
39524
39525
39526
39527
39528
39529
39530
39531
39532
39533
39534
39535
39536
39537
39538
39539
39540
39541
39542
39543
39544
39545
39546
39547
39548
39549
39550
39551
39552
39553
39554
39555
39556
39557
39558
39559
39560
39561
39562
39563
39564
39565
39566
39567
39568
39569
39570
39571
39572
39573
39574
39575
39576
39577
39578
39579
39580
39581
39582
39583
39584
39585
39586
39587
39588
39589
39590
39591
39592
39593
39594
39595
39596
39597
39598
39599
39600
39601
39602
39603
39604
39605
39606
39607
39608
39609
39610
39611
39612
39613
39614
39615
39616
39617
39618
39619
39620
39621
39622
39623
39624
39625
39626
39627
39628
39629
39630
39631
39632
39633
39634
39635
39636
39637
39638
39639
39640
39641
39642
39643
39644
39645
39646
39647
39648
39649
39650
39651
39652
39653
39654
39655
39656
39657
39658
39659
39660
39661
39662
39663
39664
39665
39666
39667
39668
39669
39670
39671
39672
39673
39674
39675
39676
39677
39678
39679
39680
39681
39682
39683
39684
39685
39686
39687
39688
39689
39690
39691
39692
39693
39694
39695
39696
39697
39698
39699
39700
39701
39702
39703
39704
39705
39706
39707
39708
39709
39710
39711
39712
39713
39714
39715
39716
39717
39718
39719
39720
39721
39722
39723
39724
39725
39726
39727
39728
39729
39730
39731
39732
39733
39734
39735
39736
39737
39738
39739
39740
39741
39742
39743
39744
39745
39746
39747
39748
39749
39750
39751
39752
39753
39754
39755
39756
39757
39758
39759
39760
39761
39762
39763
39764
39765
39766
39767
39768
39769
39770
39771
39772
39773
39774
39775
39776
39777
39778
39779
39780
39781
39782
39783
39784
39785
39786
39787
39788
39789
39790
39791
39792
39793
39794
39795
39796
39797
39798
39799
39800
39801
39802
39803
39804
39805
39806
39807
39808
39809
39810
39811
39812
39813
39814
39815
39816
39817
39818
39819
39820
39821
39822
39823
39824
39825
39826
39827
39828
39829
39830
39831
39832
39833
39834
39835
39836
39837
39838
39839
39840
39841
39842
39843
39844
39845
39846
39847
39848
39849
39850
39851
39852
39853
39854
39855
39856
39857
39858
39859
39860
39861
39862
39863
39864
39865
39866
39867
39868
39869
39870
39871
39872
39873
39874
39875
39876
39877
39878
39879
39880
39881
39882
39883
39884
39885
39886
39887
39888
39889
39890
39891
39892
39893
39894
39895
39896
39897
39898
39899
39900
39901
39902
39903
39904
39905
39906
39907
39908
39909
39910
39911
39912
39913
39914
39915
39916
39917
39918
39919
39920
39921
39922
39923
39924
39925
39926
39927
39928
39929
39930
39931
39932
39933
39934
39935
39936
39937
39938
39939
39940
39941
39942
39943
39944
39945
39946
39947
39948
39949
39950
39951
39952
39953
39954
39955
39956
39957
39958
39959
39960
39961
39962
39963
39964
39965
39966
39967
39968
39969
39970
39971
39972
39973
39974
39975
39976
39977
39978
39979
39980
39981
39982
39983
39984
39985
39986
39987
39988
39989
39990
39991
39992
39993
39994
39995
39996
39997
39998
39999
40000
40001
40002
40003
40004
40005
40006
40007
40008
40009
40010
40011
40012
40013
40014
40015
40016
40017
40018
40019
40020
40021
40022
40023
40024
40025
40026
40027
40028
40029
40030
40031
40032
40033
40034
40035
40036
40037
40038
40039
40040
40041
40042
40043
40044
40045
40046
40047
40048
40049
40050
40051
40052
40053
40054
40055
40056
40057
40058
40059
40060
40061
40062
40063
40064
40065
40066
40067
40068
40069
40070
40071
40072
40073
40074
40075
40076
40077
40078
40079
40080
40081
40082
40083
40084
40085
40086
40087
40088
40089
40090
40091
40092
40093
40094
40095
40096
40097
40098
40099
40100
40101
40102
40103
40104
40105
40106
40107
40108
40109
40110
40111
40112
40113
40114
40115
40116
40117
40118
40119
40120
40121
40122
40123
40124
40125
40126
40127
40128
40129
40130
40131
40132
40133
40134
40135
40136
40137
40138
40139
40140
40141
40142
40143
40144
40145
40146
40147
40148
40149
40150
40151
40152
40153
40154
40155
40156
40157
40158
40159
40160
40161
40162
40163
40164
40165
40166
40167
40168
40169
40170
40171
40172
40173
40174
40175
40176
40177
40178
40179
40180
40181
40182
40183
40184
40185
40186
40187
40188
40189
40190
40191
40192
40193
40194
40195
40196
40197
40198
40199
40200
40201
40202
40203
40204
40205
40206
40207
40208
40209
40210
40211
40212
40213
40214
40215
40216
40217
40218
40219
40220
40221
40222
40223
40224
40225
40226
40227
40228
40229
40230
40231
40232
40233
40234
40235
40236
40237
40238
40239
40240
40241
40242
40243
40244
40245
40246
40247
40248
40249
40250
40251
40252
40253
40254
40255
40256
40257
40258
40259
40260
40261
40262
40263
40264
40265
40266
40267
40268
40269
40270
40271
40272
40273
40274
40275
40276
40277
40278
40279
40280
40281
40282
40283
40284
40285
40286
40287
40288
40289
40290
40291
40292
40293
40294
40295
40296
40297
40298
40299
40300
40301
40302
40303
40304
40305
40306
40307
40308
40309
40310
40311
40312
40313
40314
40315
40316
40317
40318
40319
40320
40321
40322
40323
40324
40325
40326
40327
40328
40329
40330
40331
40332
40333
40334
40335
40336
40337
40338
40339
40340
40341
40342
40343
40344
40345
40346
40347
40348
40349
40350
40351
40352
40353
40354
40355
40356
40357
40358
40359
40360
40361
40362
40363
40364
40365
40366
40367
40368
40369
40370
40371
40372
40373
40374
40375
40376
40377
40378
40379
40380
40381
40382
40383
40384
40385
40386
40387
40388
40389
40390
40391
40392
40393
40394
40395
40396
40397
40398
40399
40400
40401
40402
40403
40404
40405
40406
40407
40408
40409
40410
40411
40412
40413
40414
40415
40416
40417
40418
40419
40420
40421
40422
40423
40424
40425
40426
40427
40428
40429
40430
40431
40432
40433
40434
40435
40436
40437
40438
40439
40440
40441
40442
40443
40444
40445
40446
40447
40448
40449
40450
40451
40452
40453
40454
40455
40456
40457
40458
40459
40460
40461
40462
40463
40464
40465
40466
40467
40468
40469
40470
40471
40472
40473
40474
40475
40476
40477
40478
40479
40480
40481
40482
40483
40484
40485
40486
40487
40488
40489
40490
40491
40492
40493
40494
40495
40496
40497
40498
40499
40500
40501
40502
40503
40504
40505
40506
40507
40508
40509
40510
40511
40512
40513
40514
40515
40516
40517
40518
40519
40520
40521
40522
40523
40524
40525
40526
40527
40528
40529
40530
40531
40532
40533
40534
40535
40536
40537
40538
40539
40540
40541
40542
40543
40544
40545
40546
40547
40548
40549
40550
40551
40552
40553
40554
40555
40556
40557
40558
40559
40560
40561
40562
40563
40564
40565
40566
40567
40568
40569
40570
40571
40572
40573
40574
40575
40576
40577
40578
40579
40580
40581
40582
40583
40584
40585
40586
40587
40588
40589
40590
40591
40592
40593
40594
40595
40596
40597
40598
40599
40600
40601
40602
40603
40604
40605
40606
40607
40608
40609
40610
40611
40612
40613
40614
40615
40616
40617
40618
40619
40620
40621
40622
40623
40624
40625
40626
40627
40628
40629
40630
40631
40632
40633
40634
40635
40636
40637
40638
40639
40640
40641
40642
40643
40644
40645
40646
40647
40648
40649
40650
40651
40652
40653
40654
40655
40656
40657
40658
40659
40660
40661
40662
40663
40664
40665
40666
40667
40668
40669
40670
40671
40672
40673
40674
40675
40676
40677
40678
40679
40680
40681
40682
40683
40684
40685
40686
40687
40688
40689
40690
40691
40692
40693
40694
40695
40696
40697
40698
40699
40700
40701
40702
40703
40704
40705
40706
40707
40708
40709
40710
40711
40712
40713
40714
40715
40716
40717
40718
40719
40720
40721
40722
40723
40724
40725
40726
40727
40728
40729
40730
40731
40732
40733
40734
40735
40736
40737
40738
40739
40740
40741
40742
40743
40744
40745
40746
40747
40748
40749
40750
40751
40752
40753
40754
40755
40756
40757
40758
40759
40760
40761
40762
40763
40764
40765
40766
40767
40768
40769
40770
40771
40772
40773
40774
40775
40776
40777
40778
40779
40780
40781
40782
40783
40784
40785
40786
40787
40788
40789
40790
40791
40792
40793
40794
40795
40796
40797
40798
40799
40800
40801
40802
40803
40804
40805
40806
40807
40808
40809
40810
40811
40812
40813
40814
40815
40816
40817
40818
40819
40820
40821
40822
40823
40824
40825
40826
40827
40828
40829
40830
40831
40832
40833
40834
40835
40836
40837
40838
40839
40840
40841
40842
40843
40844
40845
40846
40847
40848
40849
40850
40851
40852
40853
40854
40855
40856
40857
40858
40859
40860
40861
40862
40863
40864
40865
40866
40867
40868
40869
40870
40871
40872
40873
40874
40875
40876
40877
40878
40879
40880
40881
40882
40883
40884
40885
40886
40887
40888
40889
40890
40891
40892
40893
40894
40895
40896
40897
40898
40899
40900
40901
40902
40903
40904
40905
40906
40907
40908
40909
40910
40911
40912
40913
40914
40915
40916
40917
40918
40919
40920
40921
40922
40923
40924
40925
40926
40927
40928
40929
40930
40931
40932
40933
40934
40935
40936
40937
40938
40939
40940
40941
40942
40943
40944
40945
40946
40947
40948
40949
40950
40951
40952
40953
40954
40955
40956
40957
40958
40959
40960
40961
40962
40963
40964
40965
40966
40967
40968
40969
40970
40971
40972
40973
40974
40975
40976
40977
40978
40979
40980
40981
40982
40983
40984
40985
40986
40987
40988
40989
40990
40991
40992
40993
40994
40995
40996
40997
40998
40999
41000
41001
41002
41003
41004
41005
41006
41007
41008
41009
41010
41011
41012
41013
41014
41015
41016
41017
41018
41019
41020
41021
41022
41023
41024
41025
41026
41027
41028
41029
41030
41031
41032
41033
41034
41035
41036
41037
41038
41039
41040
41041
41042
41043
41044
41045
41046
41047
41048
41049
41050
41051
41052
41053
41054
41055
41056
41057
41058
41059
41060
41061
41062
41063
41064
41065
41066
41067
41068
41069
41070
41071
41072
41073
41074
41075
41076
41077
41078
41079
41080
41081
41082
41083
41084
41085
41086
41087
41088
41089
41090
41091
41092
41093
41094
41095
41096
41097
41098
41099
41100
41101
41102
41103
41104
41105
41106
41107
41108
41109
41110
41111
41112
41113
41114
41115
41116
41117
41118
41119
41120
41121
41122
41123
41124
41125
41126
41127
41128
41129
41130
41131
41132
41133
41134
41135
41136
41137
41138
41139
41140
41141
41142
41143
41144
41145
41146
41147
41148
41149
41150
41151
41152
41153
41154
41155
41156
41157
41158
41159
41160
41161
41162
41163
41164
41165
41166
41167
41168
41169
41170
41171
41172
41173
41174
41175
41176
41177
41178
41179
41180
41181
41182
41183
41184
41185
41186
41187
41188
41189
41190
41191
41192
41193
41194
41195
41196
41197
41198
41199
41200
41201
41202
41203
41204
41205
41206
41207
41208
41209
41210
41211
41212
41213
41214
41215
41216
41217
41218
41219
41220
41221
41222
41223
41224
41225
41226
41227
41228
41229
41230
41231
41232
41233
41234
41235
41236
41237
41238
41239
41240
41241
41242
41243
41244
41245
41246
41247
41248
41249
41250
41251
41252
41253
41254
41255
41256
41257
41258
41259
41260
41261
41262
41263
41264
41265
41266
41267
41268
41269
41270
41271
41272
41273
41274
41275
41276
41277
41278
41279
41280
41281
41282
41283
41284
41285
41286
41287
41288
41289
41290
41291
41292
41293
41294
41295
41296
41297
41298
41299
41300
41301
41302
41303
41304
41305
41306
41307
41308
41309
41310
41311
41312
41313
41314
41315
41316
41317
41318
41319
41320
41321
41322
41323
41324
41325
41326
41327
41328
41329
41330
41331
41332
41333
41334
41335
41336
41337
41338
41339
41340
41341
41342
41343
41344
41345
41346
41347
41348
41349
41350
41351
41352
41353
41354
41355
41356
41357
41358
41359
41360
41361
41362
41363
41364
41365
41366
41367
41368
41369
41370
41371
41372
41373
41374
41375
41376
41377
41378
41379
41380
41381
41382
41383
41384
41385
41386
41387
41388
41389
41390
41391
41392
41393
41394
41395
41396
41397
41398
41399
41400
41401
41402
41403
41404
41405
41406
41407
41408
41409
41410
41411
41412
41413
41414
41415
41416
41417
41418
41419
41420
41421
41422
41423
41424
41425
41426
41427
41428
41429
41430
41431
41432
41433
41434
41435
41436
41437
41438
41439
41440
41441
41442
41443
41444
41445
41446
41447
41448
41449
41450
41451
41452
41453
41454
41455
41456
41457
41458
41459
41460
41461
41462
41463
41464
41465
41466
41467
41468
41469
41470
41471
41472
41473
41474
41475
41476
41477
41478
41479
41480
41481
41482
41483
41484
41485
41486
41487
41488
41489
41490
41491
41492
41493
41494
41495
41496
41497
41498
41499
41500
41501
41502
41503
41504
41505
41506
41507
41508
41509
41510
41511
41512
41513
41514
41515
41516
41517
41518
41519
41520
41521
41522
41523
41524
41525
41526
41527
41528
41529
41530
41531
41532
41533
41534
41535
41536
41537
41538
41539
41540
41541
41542
41543
41544
41545
41546
41547
41548
41549
41550
41551
41552
41553
41554
41555
41556
41557
41558
41559
41560
41561
41562
41563
41564
41565
41566
41567
41568
41569
41570
41571
41572
41573
41574
41575
41576
41577
41578
41579
41580
41581
41582
41583
41584
41585
41586
41587
41588
41589
41590
41591
41592
41593
41594
41595
41596
41597
41598
41599
41600
41601
41602
41603
41604
41605
41606
41607
41608
41609
41610
41611
41612
41613
41614
41615
41616
41617
41618
41619
41620
41621
41622
41623
41624
41625
41626
41627
41628
41629
41630
41631
41632
41633
41634
41635
41636
41637
41638
41639
41640
41641
41642
41643
41644
41645
41646
41647
41648
41649
41650
41651
41652
41653
41654
41655
41656
41657
41658
41659
41660
41661
41662
41663
41664
41665
41666
41667
41668
41669
41670
41671
41672
41673
41674
41675
41676
41677
41678
41679
41680
41681
41682
41683
41684
41685
41686
41687
41688
41689
41690
41691
41692
41693
41694
41695
41696
41697
41698
41699
41700
41701
41702
41703
41704
41705
41706
41707
41708
41709
41710
41711
41712
41713
41714
41715
41716
41717
41718
41719
41720
41721
41722
41723
41724
41725
41726
41727
41728
41729
41730
41731
41732
41733
41734
41735
41736
41737
41738
41739
41740
41741
41742
41743
41744
41745
41746
41747
41748
41749
41750
41751
41752
41753
41754
41755
41756
41757
41758
41759
41760
41761
41762
41763
41764
41765
41766
41767
41768
41769
41770
41771
41772
41773
41774
41775
41776
41777
41778
41779
41780
41781
41782
41783
41784
41785
41786
41787
41788
41789
41790
41791
41792
41793
41794
41795
41796
41797
41798
41799
41800
41801
41802
41803
41804
41805
41806
41807
41808
41809
41810
41811
41812
41813
41814
41815
41816
41817
41818
41819
41820
41821
41822
41823
41824
41825
41826
41827
41828
41829
41830
41831
41832
41833
41834
41835
41836
41837
41838
41839
41840
41841
41842
41843
41844
41845
41846
41847
41848
41849
41850
41851
41852
41853
41854
41855
41856
41857
41858
41859
41860
41861
41862
41863
41864
41865
41866
41867
41868
41869
41870
41871
41872
41873
41874
41875
41876
41877
41878
41879
41880
41881
41882
41883
41884
41885
41886
41887
41888
41889
41890
41891
41892
41893
41894
41895
41896
41897
41898
41899
41900
41901
41902
41903
41904
41905
41906
41907
41908
41909
41910
41911
41912
41913
41914
41915
41916
41917
41918
41919
41920
41921
41922
41923
41924
41925
41926
41927
41928
41929
41930
41931
41932
41933
41934
41935
41936
41937
41938
41939
41940
41941
41942
41943
41944
41945
41946
41947
41948
41949
41950
41951
41952
41953
41954
41955
41956
41957
41958
41959
41960
41961
41962
41963
41964
41965
41966
41967
41968
41969
41970
41971
41972
41973
41974
41975
41976
41977
41978
41979
41980
41981
41982
41983
41984
41985
41986
41987
41988
41989
41990
41991
41992
41993
41994
41995
41996
41997
41998
41999
42000
42001
42002
42003
42004
42005
42006
42007
42008
42009
42010
42011
42012
42013
42014
42015
42016
42017
42018
42019
42020
42021
42022
42023
42024
42025
42026
42027
42028
42029
42030
42031
42032
42033
42034
42035
42036
42037
42038
42039
42040
42041
42042
42043
42044
42045
42046
42047
42048
42049
42050
42051
42052
42053
42054
42055
42056
42057
42058
42059
42060
42061
42062
42063
42064
42065
42066
42067
42068
42069
42070
42071
42072
42073
42074
42075
42076
42077
42078
42079
42080
42081
42082
42083
42084
42085
42086
42087
42088
42089
42090
42091
42092
42093
42094
42095
42096
42097
42098
42099
42100
42101
42102
42103
42104
42105
42106
42107
42108
42109
42110
42111
42112
42113
42114
42115
42116
42117
42118
42119
42120
42121
42122
42123
42124
42125
42126
42127
42128
42129
42130
42131
42132
42133
42134
42135
42136
42137
42138
42139
42140
42141
42142
42143
42144
42145
42146
42147
42148
42149
42150
42151
42152
42153
42154
42155
42156
42157
42158
42159
42160
42161
42162
42163
42164
42165
42166
42167
42168
42169
42170
42171
42172
42173
42174
42175
42176
42177
42178
42179
42180
42181
42182
42183
42184
42185
42186
42187
42188
42189
42190
42191
42192
42193
42194
42195
42196
42197
42198
42199
42200
42201
42202
42203
42204
42205
42206
42207
42208
42209
42210
42211
42212
42213
42214
42215
42216
42217
42218
42219
42220
42221
42222
42223
42224
42225
42226
42227
42228
42229
42230
42231
42232
42233
42234
42235
42236
42237
42238
42239
42240
42241
42242
42243
42244
42245
42246
42247
42248
42249
42250
42251
42252
42253
42254
42255
42256
42257
42258
42259
42260
42261
42262
42263
42264
42265
42266
42267
42268
42269
42270
42271
42272
42273
42274
42275
42276
42277
42278
42279
42280
42281
42282
42283
42284
42285
42286
42287
42288
42289
42290
42291
42292
42293
42294
42295
42296
42297
42298
42299
42300
42301
42302
42303
42304
42305
42306
42307
42308
42309
42310
42311
42312
42313
42314
42315
42316
42317
42318
42319
42320
42321
42322
42323
42324
42325
42326
42327
42328
42329
42330
42331
42332
42333
42334
42335
42336
42337
42338
42339
42340
42341
42342
42343
42344
42345
42346
42347
42348
42349
42350
42351
42352
42353
42354
42355
42356
42357
42358
42359
42360
42361
42362
42363
42364
42365
42366
42367
42368
42369
42370
42371
42372
42373
42374
42375
42376
42377
42378
42379
42380
42381
42382
42383
42384
42385
42386
42387
42388
42389
42390
42391
42392
42393
42394
42395
42396
42397
42398
42399
42400
42401
42402
42403
42404
42405
42406
42407
42408
42409
42410
42411
42412
42413
42414
42415
42416
42417
42418
42419
42420
42421
42422
42423
42424
42425
42426
42427
42428
42429
42430
42431
42432
42433
42434
42435
42436
42437
42438
42439
42440
42441
42442
42443
42444
42445
42446
42447
42448
42449
42450
42451
42452
42453
42454
42455
42456
42457
42458
42459
42460
42461
42462
42463
42464
42465
42466
42467
42468
42469
42470
42471
42472
42473
42474
42475
42476
42477
42478
42479
42480
42481
42482
42483
42484
42485
42486
42487
42488
42489
42490
42491
42492
42493
42494
42495
42496
42497
42498
42499
42500
42501
42502
42503
42504
42505
42506
42507
42508
42509
42510
42511
42512
42513
42514
42515
42516
42517
42518
42519
42520
42521
42522
42523
42524
42525
42526
42527
42528
42529
42530
42531
42532
42533
42534
42535
42536
42537
42538
42539
42540
42541
42542
42543
42544
42545
42546
42547
42548
42549
42550
42551
42552
42553
42554
42555
42556
42557
42558
42559
42560
42561
42562
42563
42564
42565
42566
42567
42568
42569
42570
42571
42572
42573
42574
42575
42576
42577
42578
42579
42580
42581
42582
42583
42584
42585
42586
42587
42588
42589
42590
42591
42592
42593
42594
42595
42596
42597
42598
42599
42600
42601
42602
42603
42604
42605
42606
42607
42608
42609
42610
42611
42612
42613
42614
42615
42616
42617
42618
42619
42620
42621
42622
42623
42624
42625
42626
42627
42628
42629
42630
42631
42632
42633
42634
42635
42636
42637
42638
42639
42640
42641
42642
42643
42644
42645
42646
42647
42648
42649
42650
42651
42652
42653
42654
42655
42656
42657
42658
42659
42660
42661
42662
42663
42664
42665
42666
42667
42668
42669
42670
42671
42672
42673
42674
42675
42676
42677
42678
42679
42680
42681
42682
42683
42684
42685
42686
42687
42688
42689
42690
42691
42692
42693
42694
42695
42696
42697
42698
42699
42700
42701
42702
42703
42704
42705
42706
42707
42708
42709
42710
42711
42712
42713
42714
42715
42716
42717
42718
42719
42720
42721
42722
42723
42724
42725
42726
42727
42728
42729
42730
42731
42732
42733
42734
42735
42736
42737
42738
42739
42740
42741
42742
42743
42744
42745
42746
42747
42748
42749
42750
42751
42752
42753
42754
42755
42756
42757
42758
42759
42760
42761
42762
42763
42764
42765
42766
42767
42768
42769
42770
42771
42772
42773
42774
42775
42776
42777
42778
42779
42780
42781
42782
42783
42784
42785
42786
42787
42788
42789
42790
42791
42792
42793
42794
42795
42796
42797
42798
42799
42800
42801
42802
42803
42804
42805
42806
42807
42808
42809
42810
42811
42812
42813
42814
42815
42816
42817
42818
42819
42820
42821
42822
42823
42824
42825
42826
42827
42828
42829
42830
42831
42832
42833
42834
42835
42836
42837
42838
42839
42840
42841
42842
42843
42844
42845
42846
42847
42848
42849
42850
42851
42852
42853
42854
42855
42856
42857
42858
42859
42860
42861
42862
42863
42864
42865
42866
42867
42868
42869
42870
42871
42872
42873
42874
42875
42876
42877
42878
42879
42880
42881
42882
42883
42884
42885
42886
42887
42888
42889
42890
42891
42892
42893
42894
42895
42896
42897
42898
42899
42900
42901
42902
42903
42904
42905
42906
42907
42908
42909
42910
42911
42912
42913
42914
42915
42916
42917
42918
42919
42920
42921
42922
42923
42924
42925
42926
42927
42928
42929
42930
42931
42932
42933
42934
42935
42936
42937
42938
42939
42940
42941
42942
42943
42944
42945
42946
42947
42948
42949
42950
42951
42952
42953
42954
42955
42956
42957
42958
42959
42960
42961
42962
42963
42964
42965
42966
42967
42968
42969
42970
42971
42972
42973
42974
42975
42976
42977
42978
42979
42980
42981
42982
42983
42984
42985
42986
42987
42988
42989
42990
42991
42992
42993
42994
42995
42996
42997
42998
42999
43000
43001
43002
43003
43004
43005
43006
43007
43008
43009
43010
43011
43012
43013
43014
43015
43016
43017
43018
43019
43020
43021
43022
43023
43024
43025
43026
43027
43028
43029
43030
43031
43032
43033
43034
43035
43036
43037
43038
43039
43040
43041
43042
43043
43044
43045
43046
43047
43048
43049
43050
43051
43052
43053
43054
43055
43056
43057
43058
43059
43060
43061
43062
43063
43064
43065
43066
43067
43068
43069
43070
43071
43072
43073
43074
43075
43076
43077
43078
43079
43080
43081
43082
43083
43084
43085
43086
43087
43088
43089
43090
43091
43092
43093
43094
43095
43096
43097
43098
43099
43100
43101
43102
43103
43104
43105
43106
43107
43108
43109
43110
43111
43112
43113
43114
43115
43116
43117
43118
43119
43120
43121
43122
43123
43124
43125
43126
43127
43128
43129
43130
43131
43132
43133
43134
43135
43136
43137
43138
43139
43140
43141
43142
43143
43144
43145
43146
43147
43148
43149
43150
43151
43152
43153
43154
43155
43156
43157
43158
43159
43160
43161
43162
43163
43164
43165
43166
43167
43168
43169
43170
43171
43172
43173
43174
43175
43176
43177
43178
43179
43180
43181
43182
43183
43184
43185
43186
43187
43188
43189
43190
43191
43192
43193
43194
43195
43196
43197
43198
43199
43200
43201
43202
43203
43204
43205
43206
43207
43208
43209
43210
43211
43212
43213
43214
43215
43216
43217
43218
43219
43220
43221
43222
43223
43224
43225
43226
43227
43228
43229
43230
43231
43232
43233
43234
43235
43236
43237
43238
43239
43240
43241
43242
43243
43244
43245
43246
43247
43248
43249
43250
43251
43252
43253
43254
43255
43256
43257
43258
43259
43260
43261
43262
43263
43264
43265
43266
43267
43268
43269
43270
43271
43272
43273
43274
43275
43276
43277
43278
43279
43280
43281
43282
43283
43284
43285
43286
43287
43288
43289
43290
43291
43292
43293
43294
43295
43296
43297
43298
43299
43300
43301
43302
43303
43304
43305
43306
43307
43308
43309
43310
43311
43312
43313
43314
43315
43316
43317
43318
43319
43320
43321
43322
43323
43324
43325
43326
43327
43328
43329
43330
43331
43332
43333
43334
43335
43336
43337
43338
43339
43340
43341
43342
43343
43344
43345
43346
43347
43348
43349
43350
43351
43352
43353
43354
43355
43356
43357
43358
43359
43360
43361
43362
43363
43364
43365
43366
43367
43368
43369
43370
43371
43372
43373
43374
43375
43376
43377
43378
43379
43380
43381
43382
43383
43384
43385
43386
43387
43388
43389
43390
43391
43392
43393
43394
43395
43396
43397
43398
43399
43400
43401
43402
43403
43404
43405
43406
43407
43408
43409
43410
43411
43412
43413
43414
43415
43416
43417
43418
43419
43420
43421
43422
43423
43424
43425
43426
43427
43428
43429
43430
43431
43432
43433
43434
43435
43436
43437
43438
43439
43440
43441
43442
43443
43444
43445
43446
43447
43448
43449
43450
43451
43452
43453
43454
43455
43456
43457
43458
43459
43460
43461
43462
43463
43464
43465
43466
43467
43468
43469
43470
43471
43605
43609
43611
43623
43626
43628
43633
43638
43647
43657
43661
43663
43667
43675
43681
43686
43692
43698
43699
43707
43709
43711
43718
43728
43732
43734
43735
43741
43745
43746
43762
43767
43782
43795
43800
43805
43806
43807
43816
43818
43822
43825
43828
43832
43834
43837
43847
43860
43866
43867
43870
43885
43896
43902
43903
43911
43913
43914
43916
43918
43922
43924
43929
43932
43935
43941
43947
43956
43959
43964
43967
43970
43972
43975
43977
43978
43979
43980
43991
44016
44021
44024
44026
44034
44037
44039
44057
44062
44064
44069
44072
44074
44075
44078
44081
44087
44091
44106
44117
44124
44126
44137
44139
44143
44146
44153
44154
44163
44164
44166
44173
44179
44184
44187
44193
44200
44204
44209
44213
44214
44217
44222
44228
44234
44236
44242
44243
44245
44248
44260
44263
44268
44272
44274
44279
44294
44296
44302
44309
44310
44316
44322
44332
44333
44337
44358
44364
44368
44373
44385
44390
44392
44393
44396
44397
44403
44406
44418
44424
44429
44431
44435
44437
44446
44451
44469
44470
44474
44478
44479
44485
44490
44496
44498
44501
44502
44506
44521
44527
44534
44537
44541
44550
44557
44560
44564
44570
44575
44595
44612
44613
44616
44617
44621
44625
44631
44634
44637
44657
44662
44665
44680
44689
44692
44695
44702
44709
44722
44723
44726
44727
44731
44738
44740
44741
44747
44754
44756
44759
44767
44771
44774
44776
44777
44782
44785
44793
44797
44801
44804
44805
44814
44819
44820
44822
44826
44827
44832
44833
44838
44841
44855
44857
44858
44861
44864
44874
44875
44876
44878
44881
44897
44904
44912
44916
44923
44927
44930
44933
44934
44936
44942
44955
44957
44958
44959
44960
44961
44963
44964
44965
44970
44982
44985
44992
44993
44996
44999
45008
45015
45023
45030
45036
45043
45051
45060
45068
45075
45078
45082
45095
45108
45110
45112
45114
45115
45124
45129
45138
45141
45143
45146
45148
45149
45158
45167
45174
45175
45179
45183
45185
45199
45201
45202
45203
45205
45206
45215
45217
45230
45238
45239
45246
45249
45252
45253
45254
45257
45259
45261
45279
45282
45285
45293
45294
45316
45318
45322
45327
45337
45345
45346
45357
45359
45362
45365
45366
45369
45382
45389
45394
45395
45396
45402
45411
45415
45416
45420
45430
45436
45441
45443
45444
45450
45452
45457
45461
45463
45464
45468
45477
45479
45485
45490
45493
45497
45520
45530
45531
45535
45552
45558
45561
45569
45572
45574
45578
45583
45594
45602
45615
45617
45620
45625
45628
45630
45645
45652
45668
45672
45683
45686
45691
45694
45705
45710
45713
45717
45719
45725
45748
45750
45760
45762
45763
45777
45783
45787
45790
45796
45798
45800
45814
45816
45821
45823
45826
45829
45831
45841
45846
45849
45852
45866
45869
45886
45889
45894
45895
45900
45901
45907
45908
45912
45921
45927
45933
45935
45940
45943
45946
45961
45974
45985
45991
45993
45994
45996
45998
45999
46002
46005
46006
46011
46012
46023
46028
46031
46039
46043
46048
46058
46060
46062
46064
46073
46079
46085
46093
46094
46097
46100
46103
46105
46108
46113
46119
46127
46129
46134
46136
46142
46146
46150
46159
46172
46178
46182
46189
46198
46202
46212
46214
46216
46224
46231
46238
46241
46243
46245
46253
46261
46263
46264
46269
46274
46276
46282
46287
46292
46293
46297
46301
46302
46310
46311
46312
46314
46319
46332
46334
46335
46336
46338
46343
46344
46346
46348
46354
46367
46372
46374
46379
46380
46383
46394
46395
46398
46402
46403
46421
46422
46426
46427
46428
46439
46442
46446
46452
46455
46461
46464
46471
46472
46480
46486
46487
46489
46494
46496
46497
46502
46503
46504
46506
46508
46514
46518
46521
46526
46533
46546
46549
46551
46562
46580
46585
46586
46588
46591
46597
46604
46605
46606
46620
46628
46630
46638
46645
46646
46647
46648
46653
46663
46667
46676
46679
46690
46696
46697
46701
46702
46713
46716
46719
46735
46743
46749
46754
46757
46773
46780
46785
46789
46795
46802
46821
46822
46825
46828
46845
46846
46848
46857
46864
46867
46868
46870
46883
46889
46895
46896
46899
46911
46923
46932
46944
46949
46953
46956
46959
46969
46975
46978
46986
46995
47000
47006
47009
47019
47029
47040
47054
47067
47091
47092
47094
47104
47108
47110
47120
47122
47124
47126
47129
47135
47137
47141
47150
47153
47155
47158
47161
47164
47166
47173
47175
47177
47182
47184
47189
47193
47196
47204
47207
47211
47213
47214
47224
47231
47232
47241
47248
47256
47260
47266
47273
47274
47283
47290
47293
47294
47295
47310
47319
47323
47326
47328
47338
47342
47349
47353
47362
47367
47369
47372
47382
47383
47389
47399
47401
47402
47420
47422
47425
47426
47431
47434
47441
47443
47447
47449
47451
47454
47457
47464
47471
47474
47476
47477
47488
47489
47497
47501
47510
47512
47516
47520
47523
47527
47535
47539
47544
47551
47554
47556
47557
47561
47562
47567
47581
47584
47586
47592
47595
47597
47600
47627
47630
47636
47640
47649
47651
47657
47670
47674
47680
47685
47699
47701
47702
47703
47704
47705
47706
47710
47711
47713
47717
47720
47721
47722
47731
47737
47749
47752
47758
47771
47773
47776
47780
47782
47783
47792
47797
47798
47799
47806
47812
47813
47816
47822
47824
47829
47835
47838
47846
47854
47856
47859
47864
47865
47873
47879
47881
47884
47888
47899
47908
47914
47916
47922
47925
47927
47934
47940
47947
47948
47951
47952
47965
47966
47967
47974
47976
47983
47984
47994
48002
48005
48007
48009
48017
48023
48025
48028
48031
48040
48044
48052
48054
48062
48070
48074
48085
48088
48091
48094
48101
48110
48112
48115
48121
48123
48137
48140
48145
48146
48152
48157
48159
48163
48165
48166
48172
48175
48181
48182
48187
48190
48192
48201
48204
48210
48215
48226
48227
48228
48242
48248
48251
48257
48260
48261
48263
48273
48280
48281
48286
48290
48293
48297
48302
48307
48317
48322
48327
48331
48338
48343
48346
48348
48364
48372
48374
48382
48385
48391
48392
48394
48396
48397
48407
48414
48422
48424
48429
48432
48433
48436
48447
48457
48460
48462
48466
48469
48478
48480
48482
48487
48493
48504
48510
48513
48523
48525
48528
48532
48533
48535
48539
48545
48546
48552
48556
48559
48573
48574
48584
48585
48594
48602
48604
48611
48623
48628
48631
48635
48637
48639
48641
48651
48654
48655
48665
48670
48677
48683
48685
48694
48700
48702
48708
48713
48725
48728
48729
48735
48737
48739
48742
48747
48748
48750
48751
48758
48770
48772
48774
48779
48780
48790
48801
48807
48811
48812
48821
48825
48826
48833
48834
48837
48842
48843
48849
48852
48853
48857
48860
48866
48870
48875
48877
48881
48883
48886
48892
48902
48908
48919
48921
48929
48932
48933
48938
48942
48943
48951
48954
48956
48960
48963
48965
48970
48973
48984
48987
48988
48999
49000
49012
49023
49028
49030
49033
49035
49044
49045
49046
49058
49074
49075
49076
49081
49083
49089
49093
49096
49101
49117
49122
49123
49125
49126
49136
49138
49143
49155
49158
49159
49163
49166
49178
49179
49184
49186
49190
49192
49193
49205
49207
49209
49212
49223
49229
49230
49231
49235
49241
49245
49247
49249
49254
49255
49258
49264
49267
49278
49285
49296
49297
49302
49303
49308
49311
49313
49318
49324
49326
49334
49347
49350
49353
49358
49361
49365
49367
49371
49373
49375
49376
49381
49383
49390
49394
49403
49407
49420
49423
49428
49429
49431
49436
49437
49447
49456
49458
49468
49476
49482
49486
49489
49490
49499
49502
49504
49505
49513
49515
49516
49521
49524
49527
49536
49538
49545
49546
49549
49555
49563
49570
49576
49583
49585
49587
49592
49596
49606
49607
49610
49617
49620
49630
49631
49634
49635
49641
49650
49665
49667
49673
49674
49678
49679
49688
49690
49691
49692
49701
49704
49716
49726
49734
49738
49740
49749
49753
49754
49757
49759
49761
49770
49775
49781
49788
49795
49800
49802
49805
49806
49810
49814
49816
49820
49832
49840
49854
49859
49860
49861
49864
49866
49878
49887
49888
49891
49894
49898
49899
49903
49906
49913
49916
49918
49920
49938
49941
49945
49947
49951
49955
49958
49964
49967
49969
49970
49984
49986
49990
49993
49997
50001
50007
50008
50017
50018
50022
50025
50026
50027
50032
50046
50058
50061
50062
50065
50069
50076
50079
50084
50087
50090
50093
50095
50100
50104
50107
50111
50118
50125
50130
50131
50137
50142
50150
50156
50157
50165
50168
50181
50184
50191
50198
50204
50211
50218
50219
50224
50228
50231
50237
50244
50247
50255
50256
50259
50275
50281
50282
50286
50298
50299
50305
50313
50314
50326
50330
50332
50347
50350
50351
50356
50357
50362
50369
50371
50373
50376
50379
50381
50384
50390
50399
50401
50418
50422
50423
50429
50430
50436
50438
50450
50472
50473
50476
50477
50488
50489
50496
50500
50511
50517
50519
50525
50527
50540
50543
50548
50558
50562
50575
50577
50589
50591
50593
50594
50597
50601
50611
50612
50615
50616
50621
50622
50626
50631
50636
50638
50646
50649
50652
50656
50663
50664
50670
50684
50690
50691
50694
50697
50706
50711
50713
50715
50719
50724
50727
50735
50739
50749
50753
50755
50757
50758
50764
50768
50769
50774
50776
50778
50785
50786
50787
50791
50801
50805
50810
50813
50817
50825
50826
50830
50839
50845
50851
50852
50863
50866
50868
50870
50872
50888
50892
50894
50895
50899
50900
50902
50903
50910
50913
50921
50923
50924
50928
50930
50937
50938
50944
50947
50955
50968
50969
50972
50974
50975
50978
50988
50994
50997
51003
51012
51021
51025
51029
51033
51036
51039
51040
51044
51056
51059
51063
51072
51078
51080
51082
51089
51091
51096
51100
51108
51110
51121
51125
51132
51133
51138
51139
51140
51144
51147
51152
51155
51157
51163
51167
51168
51171
51175
51176
51179
51184
51193
51194
51196
51197
51204
51211
51212
51219
51221
51223
51229
51234
51238
51245
51250
51253
51257
51258
51262
51263
51265
51267
51284
51287
51288
51289
51303
51310
51324
51325
51330
51336
51343
51348
51351
51353
51355
51357
51358
51363
51366
51369
51373
51379
51381
51393
51394
51398
51400
51405
51415
51417
51418
51420
51423
51431
51432
51435
51437
51438
51444
51445
51446
51451
51454
51457
51462
51463
51476
51477
51482
51483
51486
51489
51491
51495
51504
51508
51510
51515
51517
51520
51522
51523
51525
51527
51529
51538
51544
51546
51548
51550
51555
51567
51573
51577
51581
51587
51591
51595
51597
51608
51618
51619
51622
51631
51641
51642
51647
51650
51656
51658
51665
51671
51674
51677
51679
51691
51704
51711
51715
51722
51730
51731
51733
51734
51739
51742
51745
51746
51756
51761
51773
51776
51783
51792
51798
51807
51809
51810
51814
51819
51820
51822
51825
51832
51835
51836
51843
51862
51863
51865
51869
51871
51873
51881
51889
51901
51904
51906
51908
51912
51913
51915
51916
51925
51927
51929
51933
51935
51945
51947
51954
51957
51971
51973
51974
51975
51980
51994
51996
51998
51999
52007
52010
52017
52019
52024
52025
52030
52031
52037
52040
52042
52047
52050
52053
52060
52063
52087
52089
52096
52098
52104
52110
52111
52129
52141
52144
52146
52149
52151
52152
52159
52161
52165
52166
52169
52174
52177
52179
52183
52188
52194
52201
52207
52209
52216
52218
52224
52229
52231
52234
52238
52241
52243
52248
52256
52261
52265
52266
52267
52279
52282
52289
52291
52296
52297
52303
52312
52320
52324
52331
52333
52340
52347
52348
52351
52352
52356
52357
52371
52372
52382
52385
52390
52399
52400
52405
52409
52410
52418
52421
52422
52425
52433
52434
52438
52443
52449
52450
52453
52458
52463
52470
52475
52479
52484
52492
52494
52513
52518
52520
52530
52539
52542
52544
52568
52571
52575
52576
52582
52590
52594
52602
52604
52605
52612
52616
52627
52632
52635
52636
52640
52642
52645
52647
52653
52654
52655
52656
52657
52659
52665
52669
52674
52686
52690
52694
52698
52704
52705
52707
52710
52712
52713
52725
52731
52749
52751
52752
52758
52760
52763
52764
52770
52772
52775
52777
52778
52780
52784
52788
52794
52797
52806
52808
52816
52819
52822
52828
52836
52845
52850
52861
52866
52871
52876
52883
52887
52888
52894
52895
52900
52903
52906
52912
52917
52924
52925
52932
52939
52955
52959
52970
52975
52977
52982
52992
52993
52996
53005
53006
53009
53016
53018
53032
53036
53037
53047
53048
53055
53059
53072
53073
53077
53078
53079
53084
53089
53090
53095
53099
53100
53113
53116
53120
53125
53126
53133
53136
53137
53140
53156
53165
53173
53174
53178
53183
53186
53187
53192
53196
53201
53205
53206
53207
53215
53225
53228
53237
53243
53244
53248
53253
53255
53259
53261
53262
53264
53265
53271
53272
53287
53290
53299
53304
53310
53314
53319
53320
53325
53340
53344
53347
53357
53359
53361
53362
53364
53367
53374
53380
53382
53383
53398
53400
53404
53406
53407
53412
53419
53421
53429
53432
53434
53435
53438
53439
53443
53446
53462
53467
53469
53472
53475
53485
53489
53491
53499
53505
53508
53512
53518
53519
53521
53523
53527
53532
53534
53537
53542
53544
53546
53550
53554
53562
53563
53564
53566
53570
53573
53576
53587
53592
53599
53600
53618
53619
53620
53626
53627
53630
53636
53641
53648
53649
53652
53659
53669
53671
53676
53678
53685
53694
53695
53699
53707
53728
53735
53741
53746
53750
53756
53763
53764
53772
53775
53780
53785
53792
53802
53804
53807
53813
53821
53822
53827
53852
53861
53862
53869
53871
53873
53874
53879
53886
53891
53894
53900
53908
53911
53912
53920
53926
53930
53940
53941
53942
53951
53953
53962
53965
53974
53976
53979
53984
53986
53995
53997
53999
54000
54005
54009
54013
54020
54024
54025
54027
54034
54035
54041
54044
54049
54054
54056
54057
54067
54074
54075
54079
54081
54085
54091
54093
54095
54103
54109
54110
54117
54123
54124
54126
54133
54140
54149
54156
54167
54171
54172
54174
54178
54181
54186
54190
54193
54195
54198
54203
54211
54213
54216
54224
54225
54230
54231
54238
54241
54246
54247
54248
54262
54265
54267
54274
54276
54287
54288
54289
54302
54303
54327
54333
54342
54351
54353
54355
54356
54363
54369
54378
54398
54400
54405
54406
54409
54414
54419
54420
54423
54429
54440
54455
54456
54462
54465
54467
54478
54484
54485
54487
54493
54495
54497
54499
54501
54508
54520
54528
54529
54534
54535
54538
54539
54545
54547
54548
54554
54558
54559
54566
54572
54576
54577
54581
54594
54600
54603
54612
54614
54616
54620
54631
54633
54639
54641
54647
54648
54651
54654
54656
54669
54673
54674
54676
54680
54682
54683
54684
54689
54694
54696
54707
54716
54720
54721
54729
54744
54748
54749
54752
54759
54761
54764
54769
54771
54773
54776
54785
54792
54794
54798
54800
54811
54815
54816
54818
54819
54827
54829
54832
54842
54844
54848
54851
54852
54858
54859
54864
54865
54871
54874
54877
54878
54880
54883
54885
54890
54906
54912
54921
54922
54925
54930
54932
54934
54935
54938
54955
54958
54966
54972
54975
54991
54995
55013
55016
55023
55026
55031
55039
55043
55046
55055
55059
55061
55062
55063
55064
55065
55066
55067
55088
55089
55099
55100
55104
55110
55117
55119
55121
55127
55131
55132
55139
55146
55147
55149
55159
55163
55170
55174
55179
55200
55206
55208
55209
55211
55218
55220
55221
55223
55224
55233
55234
55237
55243
55250
55258
55262
55263
55264
55273
55279
55282
55290
55295
55296
55300
55311
55316
55322
55323
55327
55328
55330
55331
55342
55344
55350
55351
55353
55356
55365
55366
55368
55385
55398
55405
55408
55410
55418
55422
55429
55439
55445
55447
55450
55452
55454
55458
55461
55464
55472
55479
55490
55491
55494
55495
55496
55501
55509
55511
55514
55528
55530
55532
55534
55537
55544
55550
55557
55562
55564
55569
55574
55576
55583
55587
55591
55595
55596
55608
55610
55614
55616
55621
55629
55641
55644
55646
55664
55669
55676
55683
55687
55689
55692
55698
55705
55710
55720
55722
55728
55729
55733
55734
55735
55736
55739
55741
55744
55747
55757
55761
55773
55774
55781
55784
55793
55794
55795
55803
55811
55813
55817
55818
55821
55835
55837
55839
55852
55861
55868
55872
55878
55884
55888
55895
55898
55902
55906
55921
55936
55942
55947
55950
55952
55967
55969
55970
55971
55977
55983
55987
55991
55999
56000
56001
56006
56009
56014
56019
56022
56024
56028
56032
56036
56047
56051
56052
56064
56067
56075
56080
56081
56087
56094
56101
56102
56104
56115
56116
56125
56130
56137
56140
56141
56145
56161
56162
56172
56174
56177
56181
56185
56192
56193
56197
56200
56203
56209
56210
56224
56230
56232
56244
56246
56247
56252
56253
56254
56256
56261
56270
56271
56279
56284
56288
56291
56300
56305
56307
56315
56319
56322
56328
56330
56345
56347
56349
56355
56359
56363
56364
56365
56367
56370
56371
56378
56380
56394
56395
56397
56422
56423
56425
56426
56433
56440
56443
56452
56464
56466
)


// ************************************************************************* //
